44 0.6107954545454546 0.3053977272727273 0.15767045454545459 0.3053977272727273 0.15767045454545459 0.3536931818181819 0.6107954545454546 0.3536931818181819
44 0.4005681818181818 0.5767045454545454 0.3536931818181819 0.5767045454545454 0.3536931818181819 0.5894886363636364 0.4005681818181818 0.5894886363636364
44 0.5440340909090909 0.6079545454545454 0.47017045454545453 0.6079545454545454 0.47017045454545453 0.6207386363636364 0.5440340909090909 0.6207386363636364
44 0.671875 0.5625000000000001 0.6292613636363636 0.5625 0.6292613636363636 0.5724431818181819 0.671875 0.572443181818182
44 0.6832386363636364 0.5767045454545455 0.6363636363636364 0.5767045454545454 0.6363636363636364 0.5894886363636365 0.6832386363636364 0.5894886363636366
44 0.6491477272727273 0.5511363636363636 0.6264204545454546 0.5511363636363636 0.6264204545454546 0.5610795454545454 0.6491477272727273 0.5610795454545454
44 0.8323863636363636 0.4872159090909092 0.7542613636363636 0.4872159090909092 0.7542613636363636 0.5056818181818183 0.8323863636363636 0.5056818181818183
44 0.5227272727272727 0.5028409090909091 0.4758522727272727 0.5028409090909091 0.4758522727272727 0.5142045454545454 0.5227272727272727 0.5142045454545454
44 0.5298295454545454 0.5170454545454546 0.4758522727272727 0.5170454545454546 0.4758522727272727 0.5269886363636364 0.5298295454545454 0.5269886363636364
44 0.35937500000000006 0.46875 0.3338068181818183 0.46875 0.3338068181818183 0.4786931818181818 0.35937500000000006 0.4786931818181818
44 0.3821022727272727 0.4772727272727273 0.3338068181818183 0.4772727272727273 0.3338068181818183 0.48863636363636365 0.3821022727272727 0.48863636363636365
44 0.7897727272727273 0.3536931818181819 0.6065340909090909 0.3536931818181819 0.6065340909090909 0.3849431818181819 0.7897727272727273 0.384943181818182
44 0.30539772727272735 0.5085227272727273 0.278409090909091 0.5085227272727273 0.278409090909091 0.5170454545454546 0.30539772727272735 0.5170454545454546
44 0.19886363636363644 0.4900568181818182 0.16619318181818185 0.4900568181818182 0.16619318181818188 0.4971590909090909 0.19886363636363644 0.4971590909090909
44 0.19460227272727282 0.4971590909090909 0.169034090909091 0.4971590909090909 0.169034090909091 0.5056818181818182 0.19460227272727282 0.5056818181818182
44 0.07386363636363642 0.5 0.03409090909090915 0.5 0.03409090909090915 0.5099431818181818 0.07386363636363642 0.5099431818181818
44 0.08664772727272733 0.5085227272727273 0.03409090909090915 0.5085227272727273 0.03409090909090915 0.5184659090909091 0.08664772727272733 0.5184659090909091
44 0.08096590909090916 0.5298295454545454 0.05965909090909097 0.5298295454545454 0.05965909090909097 0.5397727272727273 0.08096590909090916 0.5397727272727273
44 0.08948863636363642 0.5411931818181818 0.04403409090909098 0.5411931818181818 0.04403409090909098 0.5511363636363636 0.08948863636363642 0.5511363636363636
44 0.20596590909090917 0.5227272727272727 0.18039772727272735 0.5227272727272727 0.18039772727272735 0.53125 0.20596590909090917 0.53125
44 0.21164772727272735 0.5326704545454546 0.17187500000000008 0.5326704545454546 0.17187500000000008 0.5426136363636364 0.21164772727272735 0.5426136363636364
44 0.09659090909090917 0.6150568181818182 0.0852272727272728 0.6150568181818182 0.0852272727272728 0.6264204545454546 0.09659090909090917 0.6264204545454546
44 0.26704545454545464 0.6008522727272727 0.24573863636363644 0.6008522727272727 0.24573863636363644 0.6107954545454546 0.26704545454545464 0.6107954545454546
44 0.23863636363636373 0.6860795454545454 0.22159090909090917 0.6860795454545454 0.22159090909090917 0.6988636363636364 0.23863636363636373 0.6988636363636364
44 0.11789772727272735 0.6960227272727273 0.09943181818181826 0.6960227272727273 0.09943181818181826 0.7073863636363636 0.11789772727272735 0.7073863636363636
44 0.2130681818181819 0.6136363636363636 0.14630681818181826 0.6136363636363636 0.14630681818181826 0.6278409090909091 0.2130681818181819 0.6278409090909091
19 0.5170454545454546 0.4190340909090909 0.5028409090909091 0.4190340909090909 0.5028409090909091 0.4247159090909091 0.5170454545454546 0.4247159090909091
19 0.5909090909090909 0.4090909090909091 0.578125 0.4090909090909091 0.578125 0.4147727272727273 0.5909090909090909 0.4147727272727273
19 0.3167613636363637 0.43607954545454547 0.3025568181818183 0.43607954545454547 0.3025568181818183 0.44176136363636365 0.3167613636363637 0.44176136363636365
19 0.23721590909090917 0.44176136363636365 0.22585227272727282 0.44176136363636365 0.22585227272727282 0.4474431818181818 0.23721590909090917 0.4474431818181818
19 0.20170454545454553 0.4446022727272727 0.18750000000000008 0.4446022727272727 0.18750000000000008 0.45170454545454547 0.20170454545454553 0.45170454545454547
19 0.2443181818181819 0.48579545454545453 0.23295454545454553 0.48579545454545453 0.23295454545454553 0.4914772727272727 0.2443181818181819 0.4914772727272727
19 0.1392045454545455 0.4502840909090909 0.12500000000000003 0.4502840909090909 0.12500000000000003 0.45738636363636365 0.1392045454545455 0.45738636363636365
19 0.09801136363636367 0.45454545454545453 0.0823863636363637 0.45454545454545453 0.0823863636363637 0.4616477272727273 0.09801136363636367 0.4616477272727273
19 0.153409090909091 0.49857954545454547 0.14488636363636373 0.49857954545454547 0.14488636363636373 0.5028409090909091 0.153409090909091 0.5028409090909091
19 0.24147727272727282 0.5880681818181818 0.22727272727272735 0.5880681818181818 0.22727272727272735 0.5951704545454546 0.24147727272727282 0.5951704545454546
19 0.1420454545454546 0.7215909090909091 0.12357954545454554 0.7215909090909091 0.12357954545454554 0.7301136363636364 0.1420454545454546 0.7301136363636364
19 0.25284090909090917 0.7116477272727273 0.24147727272727282 0.7116477272727273 0.24147727272727282 0.71875 0.25284090909090917 0.71875
19 0.590909090909091 0.6761363636363636 0.5781250000000001 0.6761363636363636 0.5781250000000001 0.6832386363636364 0.590909090909091 0.6832386363636364
19 0.6562500000000001 0.6732954545454546 0.6448863636363638 0.6732954545454546 0.6448863636363638 0.6803977272727273 0.6562500000000001 0.6803977272727273
19 0.7798295454545454 0.666193181818182 0.7698863636363636 0.666193181818182 0.7698863636363636 0.6732954545454547 0.7798295454545454 0.6732954545454547
19 0.7230113636363636 0.39630681818181834 0.7130681818181818 0.39630681818181834 0.7130681818181818 0.4019886363636365 0.7230113636363636 0.4019886363636365
19 0.3494318181818183 0.6136363636363636 0.33948863636363646 0.6136363636363636 0.33948863636363646 0.6193181818181818 0.3494318181818183 0.6193181818181818
19 0.5482954545454546 0.5497159090909091 0.5369318181818182 0.5497159090909091 0.5369318181818182 0.5582386363636364 0.5482954545454546 0.5582386363636364
41 0.5639204545454546 0.453125 0.5142045454545454 0.453125 0.5142045454545454 0.5227272727272727 0.5639204545454546 0.5227272727272727
4 0.6292613636363636 0.5397727272727273 0.5951704545454546 0.5397727272727273 0.5951704545454546 0.5553977272727273 0.6292613636363636 0.5553977272727273
54 0.7514204545454546 0.48153409090909105 0.7073863636363636 0.48153409090909105 0.7073863636363636 0.5028409090909093 0.7514204545454546 0.5028409090909093
47 0.35227272727272735 0.5710227272727273 0.31534090909090917 0.5710227272727273 0.31534090909090917 0.59375 0.35227272727272735 0.59375
47 0.5625 0.5752840909090909 0.5227272727272727 0.5752840909090909 0.5227272727272727 0.6079545454545454 0.5625 0.6079545454545454
9 0.36221590909090917 0.5028409090909091 0.30823863636363646 0.5028409090909091 0.30823863636363646 0.5213068181818182 0.36221590909090917 0.5213068181818182
37 0.3267045454545455 0.4772727272727273 0.3068181818181819 0.4772727272727273 0.3068181818181819 0.4900568181818182 0.3267045454545455 0.4900568181818182
38 0.23011363636363644 0.4872159090909091 0.19460227272727282 0.4872159090909091 0.19460227272727282 0.5014204545454546 0.23011363636363644 0.5014204545454546
38 0.1349431818181819 0.49857954545454547 0.08664772727272733 0.49857954545454547 0.08664772727272733 0.5142045454545454 0.1349431818181819 0.5142045454545454
37 0.11789772727272735 0.5227272727272727 0.09517045454545463 0.5227272727272727 0.09517045454545463 0.5426136363636364 0.11789772727272735 0.5426136363636364
37 0.22301136363636373 0.5184659090909091 0.2045454545454546 0.5184659090909091 0.2045454545454546 0.5383522727272727 0.22301136363636373 0.5383522727272727
42 0.6619318181818182 0.39204545454545464 0.6051136363636364 0.39204545454545453 0.6051136363636364 0.4105113636363637 0.6619318181818182 0.4105113636363638
16 0.30823863636363646 0.6107954545454546 0.07812500000000008 0.6107954545454546 0.07812500000000008 0.6946022727272727 0.30823863636363646 0.6946022727272727
9 0.17187500000000008 0.6463068181818182 0.106534090909091 0.6463068181818182 0.106534090909091 0.6647727272727273 0.17187500000000008 0.6647727272727273
49 0.2542613636363637 0.6363636363636364 0.14346590909090917 0.6363636363636364 0.14346590909090917 0.6647727272727273 0.2542613636363637 0.6647727272727273
30 0.17187500000000008 0.6491477272727273 0.14346590909090917 0.6491477272727273 0.14346590909090917 0.6633522727272727 0.17187500000000008 0.6633522727272727
31 0.2571022727272728 0.6349431818181818 0.10369318181818189 0.6349431818181818 0.10369318181818189 0.6661931818181818 0.2571022727272728 0.6661931818181818