44 0.7329545454545454 0.25852272727272735 0.34517045454545453 0.25852272727272735 0.34517045454545453 0.2954545454545455 0.7329545454545454 0.2954545454545455
44 0.4758522727272727 0.41051136363636365 0.43607954545454547 0.41051136363636365 0.43607954545454547 0.421875 0.4758522727272727 0.421875
44 0.5397727272727273 0.37357954545454547 0.5142045454545454 0.37357954545454547 0.5142045454545454 0.3849431818181818 0.5397727272727273 0.3849431818181818
44 0.5610795454545454 0.38636363636363635 0.5113636363636364 0.38636363636363635 0.5113636363636364 0.3963068181818182 0.5610795454545454 0.3963068181818182
44 0.6946022727272727 0.42187500000000006 0.6463068181818182 0.421875 0.6463068181818182 0.4318181818181819 0.6946022727272727 0.431818181818182
44 0.7102272727272727 0.43323863636363646 0.6448863636363636 0.43323863636363635 0.6448863636363636 0.4446022727272728 0.7102272727272727 0.4446022727272729
44 0.9318181818181818 0.3920454545454547 0.8579545454545454 0.3920454545454547 0.8579545454545454 0.40625000000000017 0.9318181818181818 0.40625000000000017
44 0.921875 0.40625000000000017 0.8579545454545454 0.40625000000000017 0.8579545454545454 0.4247159090909092 0.921875 0.4247159090909092
44 0.8892045454545454 0.494318181818182 0.8167613636363636 0.494318181818182 0.8167613636363636 0.5156250000000001 0.8892045454545454 0.5156250000000001
44 0.7713068181818182 0.4914772727272729 0.7315340909090909 0.4914772727272729 0.7315340909090909 0.5000000000000001 0.7713068181818182 0.5000000000000001
44 0.765625 0.478693181818182 0.7357954545454546 0.478693181818182 0.7357954545454546 0.49005681818181834 0.765625 0.49005681818181834
44 0.7585227272727273 0.46875000000000017 0.7400568181818182 0.46875000000000017 0.7400568181818182 0.478693181818182 0.7585227272727273 0.478693181818182
44 0.6321022727272727 0.5 0.5667613636363636 0.5 0.5667613636363636 0.5099431818181818 0.6321022727272727 0.5099431818181818
44 0.44176136363636365 0.4914772727272727 0.4133522727272727 0.4914772727272727 0.4133522727272727 0.5 0.44176136363636365 0.5
44 0.4431818181818182 0.5 0.40625 0.5 0.40625 0.5085227272727273 0.4431818181818182 0.5085227272727273
44 0.33664772727272735 0.4872159090909091 0.32102272727272735 0.4872159090909091 0.32102272727272735 0.49573863636363635 0.33664772727272735 0.49573863636363635
44 0.278409090909091 0.484375 0.22727272727272735 0.484375 0.22727272727272735 0.49573863636363635 0.278409090909091 0.49573863636363635
44 0.17187500000000008 0.5582386363636364 0.15482954545454553 0.5582386363636364 0.15482954545454553 0.5681818181818182 0.17187500000000008 0.5681818181818182
44 0.33096590909090917 0.5582386363636364 0.3167613636363637 0.5582386363636364 0.3167613636363637 0.5667613636363636 0.33096590909090917 0.5667613636363636
44 0.34517045454545464 0.4275568181818182 0.3181818181818183 0.4275568181818182 0.3181818181818183 0.43607954545454547 0.34517045454545464 0.43607954545454547
44 0.34375000000000006 0.43607954545454547 0.3025568181818183 0.43607954545454547 0.3025568181818183 0.4474431818181818 0.34375000000000006 0.4474431818181818
44 0.3380681818181819 0.3849431818181818 0.31250000000000006 0.3849431818181818 0.31250000000000006 0.3963068181818182 0.3380681818181819 0.3963068181818182
44 0.35937500000000006 0.37073863636363635 0.3196022727272728 0.37073863636363635 0.3196022727272728 0.3835227272727273 0.35937500000000006 0.3835227272727273
44 0.18607954545454553 0.3721590909090909 0.13778409090909094 0.3721590909090909 0.13778409090909094 0.38636363636363635 0.18607954545454553 0.38636363636363635
44 0.17755681818181823 0.3849431818181818 0.12642045454545459 0.3849431818181818 0.12642045454545459 0.3977272727272727 0.17755681818181823 0.3977272727272727
44 0.17187500000000003 0.4772727272727273 0.16193181818181823 0.4772727272727273 0.16193181818181823 0.4872159090909091 0.17187500000000003 0.4872159090909091
44 0.16335227272727276 0.42613636363636365 0.13778409090909094 0.42613636363636365 0.13778409090909094 0.43607954545454547 0.16335227272727276 0.43607954545454547
44 0.1889204545454546 0.4375 0.13494318181818185 0.4375 0.13494318181818185 0.44886363636363635 0.1889204545454546 0.44886363636363635
19 0.49573863636363635 0.45170454545454547 0.4772727272727273 0.45170454545454547 0.4772727272727273 0.4588068181818182 0.49573863636363635 0.4588068181818182
19 0.6434659090909091 0.453125 0.6292613636363636 0.453125 0.6292613636363636 0.4602272727272727 0.6434659090909091 0.4602272727272727
19 0.45170454545454547 0.453125 0.44176136363636365 0.453125 0.44176136363636365 0.45738636363636365 0.45170454545454547 0.45738636363636365
19 0.36221590909090917 0.46875 0.33948863636363646 0.46875 0.33948863636363646 0.4772727272727273 0.36221590909090917 0.4772727272727273
19 0.45738636363636365 0.4872159090909091 0.4460227272727273 0.4872159090909091 0.4460227272727273 0.4914772727272727 0.45738636363636365 0.4914772727272727
19 0.32386363636363646 0.47017045454545453 0.309659090909091 0.47017045454545453 0.309659090909091 0.4772727272727273 0.32386363636363646 0.4772727272727273
19 0.19318181818181826 0.5852272727272727 0.17471590909090917 0.5852272727272727 0.17471590909090917 0.5951704545454546 0.19318181818181826 0.5951704545454546
19 0.31250000000000006 0.5866477272727273 0.29687500000000006 0.5866477272727273 0.29687500000000006 0.59375 0.31250000000000006 0.59375
19 0.6335227272727273 0.5838068181818182 0.6178977272727273 0.5838068181818182 0.6178977272727273 0.5923295454545454 0.6335227272727273 0.5923295454545454
19 0.7329545454545454 0.5852272727272729 0.7173295454545454 0.5852272727272729 0.7173295454545454 0.5923295454545456 0.7329545454545454 0.5923295454545456
19 0.8096590909090909 0.590909090909091 0.7926136363636364 0.590909090909091 0.7926136363636364 0.6008522727272729 0.8096590909090909 0.6008522727272729
19 0.7457386363636364 0.34517045454545464 0.7315340909090909 0.34517045454545464 0.7315340909090909 0.35227272727272735 0.7457386363636364 0.35227272727272735
19 0.8409090909090909 0.340909090909091 0.8267045454545454 0.340909090909091 0.8267045454545454 0.3480113636363637 0.8409090909090909 0.3480113636363637
19 0.6477272727272727 0.3508522727272728 0.6321022727272727 0.3508522727272728 0.6321022727272727 0.3579545454545455 0.6477272727272727 0.3579545454545455
19 0.42045454545454547 0.3849431818181818 0.4090909090909091 0.3849431818181818 0.4090909090909091 0.38920454545454547 0.42045454545454547 0.38920454545454547
19 0.25852272727272735 0.390625 0.25000000000000006 0.390625 0.25000000000000006 0.39488636363636365 0.25852272727272735 0.39488636363636365
19 0.22159090909090914 0.32954545454545453 0.20738636363636365 0.32954545454545453 0.20738636363636367 0.3352272727272727 0.22159090909090917 0.3352272727272727
19 0.27698863636363646 0.33238636363636365 0.262784090909091 0.33238636363636365 0.262784090909091 0.3380681818181818 0.27698863636363646 0.3380681818181818
19 0.3877840909090909 0.3380681818181819 0.37357954545454547 0.3380681818181819 0.37357954545454547 0.34517045454545464 0.3877840909090909 0.34517045454545464
19 0.4247159090909091 0.33948863636363646 0.41051136363636365 0.33948863636363646 0.41051136363636365 0.34659090909090917 0.4247159090909091 0.34659090909090917
19 0.5127840909090909 0.34375000000000006 0.4971590909090909 0.34375000000000006 0.4971590909090909 0.3508522727272728 0.5127840909090909 0.3508522727272728
41 0.6732954545454546 0.37073863636363646 0.6136363636363636 0.37073863636363635 0.6136363636363636 0.4204545454545455 0.6732954545454546 0.42045454545454564
9 0.5269886363636364 0.41051136363636365 0.4772727272727273 0.41051136363636365 0.4772727272727273 0.43323863636363635 0.5269886363636364 0.43323863636363635
37 0.37073863636363635 0.4275568181818182 0.3494318181818183 0.4275568181818182 0.3494318181818183 0.4460227272727273 0.37073863636363635 0.4460227272727273
37 0.5071022727272727 0.37357954545454547 0.484375 0.37357954545454547 0.484375 0.39488636363636365 0.5071022727272727 0.39488636363636365
37 0.2130681818181819 0.4275568181818182 0.18750000000000008 0.4275568181818182 0.18750000000000008 0.453125 0.2130681818181819 0.453125
38 0.3977272727272727 0.3721590909090909 0.35937500000000006 0.3721590909090909 0.35937500000000006 0.40198863636363635 0.3977272727272727 0.40198863636363635
38 0.23295454545454553 0.3806818181818182 0.19318181818181826 0.3806818181818182 0.19318181818181826 0.40198863636363635 0.23295454545454553 0.40198863636363635
47 0.6434659090909091 0.4744318181818182 0.5965909090909091 0.4744318181818182 0.5965909090909091 0.5 0.6434659090909091 0.5
47 0.453125 0.46448863636363635 0.4090909090909091 0.46448863636363635 0.4090909090909091 0.4872159090909091 0.453125 0.4872159090909091
4 0.7414772727272727 0.46875000000000017 0.7159090909090909 0.46875000000000017 0.7159090909090909 0.4801136363636365 0.7414772727272727 0.4801136363636365
54 0.8224431818181818 0.48295454545454564 0.7954545454545454 0.48295454545454564 0.7954545454545454 0.5014204545454547 0.8224431818181818 0.5014204545454547
42 0.8465909090909091 0.39062500000000017 0.8096590909090909 0.39062500000000017 0.8096590909090909 0.4232954545454547 0.8465909090909091 0.4232954545454547
16 0.35511363636363646 0.4943181818181818 0.14488636363636367 0.4943181818181818 0.1448863636363637 0.5553977272727273 0.35511363636363646 0.5553977272727273
9 0.24147727272727282 0.515625 0.17045454545454553 0.515625 0.17045454545454553 0.5411931818181818 0.24147727272727282 0.5411931818181818
30 0.23863636363636373 0.5198863636363636 0.20596590909090917 0.5198863636363636 0.20596590909090917 0.5397727272727273 0.23863636363636373 0.5397727272727273
49 0.3224431818181819 0.5099431818181818 0.20738636363636373 0.5099431818181818 0.20738636363636373 0.5426136363636364 0.3224431818181819 0.5426136363636364
31 0.32386363636363646 0.5085227272727273 0.16761363636363644 0.5085227272727273 0.16761363636363644 0.5440340909090909 0.32386363636363646 0.5440340909090909