41 0.6051136363636364 0.3196022727272728 0.5383522727272727 0.3196022727272728 0.5383522727272727 0.3664772727272727 0.6051136363636364 0.3664772727272727
9 0.45170454545454547 0.3650568181818182 0.40198863636363635 0.3650568181818182 0.40198863636363635 0.3849431818181818 0.45170454545454547 0.3849431818181818
37 0.4275568181818182 0.33096590909090917 0.40625 0.33096590909090917 0.40625 0.3494318181818183 0.4275568181818182 0.3494318181818183
38 0.32102272727272735 0.3380681818181818 0.28409090909090917 0.3380681818181818 0.28409090909090917 0.36363636363636365 0.32102272727272735 0.36363636363636365
44 0.2727272727272728 0.3877840909090909 0.24573863636363644 0.3877840909090909 0.24573863636363644 0.39488636363636365 0.2727272727272728 0.39488636363636365
44 0.2713068181818183 0.3977272727272727 0.231534090909091 0.3977272727272727 0.231534090909091 0.40625 0.2713068181818183 0.40625
47 0.37926136363636365 0.4161931818181818 0.3423295454545455 0.4161931818181818 0.3423295454545455 0.43892045454545453 0.37926136363636365 0.43892045454545453
19 0.3821022727272727 0.43892045454545453 0.375 0.43892045454545453 0.375 0.44176136363636365 0.3821022727272727 0.44176136363636365
47 0.5795454545454546 0.42045454545454547 0.53125 0.42045454545454547 0.53125 0.4446022727272727 0.5795454545454546 0.4446022727272727
31 0.25284090909090917 0.4616477272727273 0.09659090909090913 0.4616477272727273 0.09659090909090916 0.49857954545454547 0.25284090909090917 0.49857954545454547
42 0.8238636363636364 0.3380681818181819 0.7911931818181818 0.3380681818181819 0.7911931818181818 0.36789772727272746 0.8238636363636364 0.36789772727272746
54 0.8068181818181818 0.4176136363636365 0.7755681818181818 0.4176136363636365 0.7755681818181818 0.43750000000000017 0.8068181818181818 0.43750000000000017
4 0.6988636363636364 0.4090909090909092 0.6676136363636364 0.4090909090909092 0.6676136363636364 0.42045454545454564 0.6988636363636364 0.42045454545454564
37 0.14204545454545459 0.3934659090909091 0.11931818181818186 0.3934659090909091 0.11931818181818186 0.4161931818181818 0.14204545454545459 0.4161931818181818
38 0.16193181818181823 0.3536931818181818 0.12784090909090914 0.3536931818181818 0.12784090909090914 0.37357954545454547 0.16193181818181823 0.37357954545454547
37 0.2954545454545455 0.3849431818181818 0.2755681818181819 0.3849431818181818 0.2755681818181819 0.40482954545454547 0.2954545454545455 0.40482954545454547
44 0.3991477272727273 0.3664772727272727 0.35937500000000006 0.3664772727272727 0.35937500000000006 0.37642045454545453 0.3991477272727273 0.37642045454545453
44 0.4616477272727273 0.32954545454545464 0.4346590909090909 0.32954545454545464 0.4346590909090909 0.33948863636363646 0.4616477272727273 0.33948863636363646
44 0.48295454545454547 0.340909090909091 0.4318181818181818 0.340909090909091 0.4318181818181818 0.3508522727272728 0.48295454545454547 0.3508522727272728
44 0.26562500000000006 0.3508522727272727 0.23721590909090917 0.3508522727272727 0.23721590909090917 0.36079545454545453 0.26562500000000006 0.36079545454545453
44 0.28267045454545464 0.33948863636363635 0.24573863636363644 0.33948863636363635 0.24573863636363644 0.3494318181818182 0.28267045454545464 0.3494318181818182
44 0.11931818181818186 0.3508522727272727 0.0767045454545455 0.3508522727272727 0.0767045454545455 0.36079545454545453 0.11931818181818186 0.36079545454545453
44 0.11363636363636367 0.36079545454545453 0.06676136363636367 0.36079545454545453 0.06676136363636367 0.37073863636363635 0.11363636363636367 0.37073863636363635
44 0.09801136363636367 0.3963068181818182 0.07528409090909095 0.3963068181818182 0.07528409090909095 0.40482954545454547 0.09801136363636367 0.40482954545454547
44 0.11931818181818186 0.40625 0.0710227272727273 0.40625 0.07102272727272732 0.4147727272727273 0.11931818181818186 0.4147727272727273
44 0.20880681818181826 0.4431818181818182 0.1548295454545455 0.4431818181818182 0.1548295454545455 0.453125 0.20880681818181826 0.453125
44 0.10511363636363641 0.4375 0.09375000000000004 0.4375 0.09375000000000004 0.4474431818181818 0.10511363636363641 0.4474431818181818
44 0.26704545454545464 0.44176136363636365 0.25000000000000006 0.44176136363636365 0.25000000000000006 0.45170454545454547 0.26704545454545464 0.45170454545454547
44 0.10511363636363645 0.5113636363636364 0.08806818181818188 0.5113636363636364 0.08806818181818188 0.5213068181818182 0.10511363636363645 0.5213068181818182
44 0.2599431818181819 0.5085227272727273 0.24857954545454553 0.5085227272727273 0.24857954545454553 0.5184659090909091 0.2599431818181819 0.5184659090909091
44 0.8920454545454546 0.4261363636363638 0.8053977272727273 0.4261363636363638 0.8053977272727273 0.4446022727272729 0.8920454545454546 0.4446022727272729
44 0.7428977272727273 0.43039772727272746 0.6917613636363636 0.43039772727272746 0.6917613636363636 0.4403409090909092 0.7428977272727273 0.4403409090909092
44 0.7357954545454546 0.4176136363636365 0.6931818181818182 0.4176136363636365 0.6931818181818182 0.4289772727272729 0.7357954545454546 0.4289772727272729
44 0.7244318181818182 0.4090909090909092 0.6988636363636364 0.4090909090909092 0.6988636363636364 0.41903409090909105 0.7244318181818182 0.41903409090909105
44 0.6377840909090909 0.3664772727272727 0.5767045454545454 0.3664772727272727 0.5767045454545454 0.37642045454545453 0.6377840909090909 0.37642045454545453
44 0.6576704545454546 0.3778409090909091 0.5767045454545454 0.3778409090909091 0.5767045454545454 0.3877840909090909 0.6576704545454546 0.3877840909090909
44 0.6619318181818182 0.23153409090909094 0.2627840909090909 0.2315340909090909 0.2627840909090909 0.26562500000000006 0.6619318181818182 0.26562500000000006
44 0.5696022727272727 0.4460227272727273 0.4971590909090909 0.4460227272727273 0.4971590909090909 0.45738636363636365 0.5696022727272727 0.45738636363636365
44 0.3693181818181818 0.4431818181818182 0.340909090909091 0.4431818181818182 0.340909090909091 0.45170454545454547 0.3693181818181818 0.45170454545454547
44 0.3721590909090909 0.45170454545454547 0.3338068181818183 0.45170454545454547 0.3338068181818183 0.4602272727272727 0.3721590909090909 0.4602272727272727
19 0.375 0.40625 0.3678977272727273 0.40625 0.3678977272727273 0.4119318181818182 0.375 0.4119318181818182
19 0.421875 0.4034090909090909 0.40625 0.4034090909090909 0.40625 0.41051136363636365 0.421875 0.41051136363636365
19 0.4247159090909091 0.30539772727272735 0.4147727272727273 0.30539772727272735 0.4147727272727273 0.3110795454545455 0.4247159090909091 0.3110795454545455
19 0.34232954545454547 0.3082386363636364 0.328125 0.30823863636363635 0.328125 0.3139204545454546 0.34232954545454547 0.31392045454545464
19 0.340909090909091 0.34659090909090917 0.3323863636363637 0.34659090909090917 0.3323863636363637 0.3508522727272728 0.340909090909091 0.3508522727272728
19 0.19886363636363635 0.31107954545454547 0.18607954545454544 0.31107954545454547 0.18607954545454544 0.31676136363636365 0.19886363636363635 0.31676136363636365
19 0.14772727272727276 0.31107954545454547 0.1363636363636364 0.31107954545454547 0.1363636363636364 0.31676136363636365 0.14772727272727276 0.31676136363636365
19 0.18750000000000008 0.35795454545454547 0.17897727272727276 0.35795454545454547 0.17897727272727276 0.36363636363636365 0.18750000000000008 0.36363636363636365
19 0.3068181818181818 0.30823863636363635 0.2940340909090909 0.30823863636363635 0.2940340909090909 0.31392045454545453 0.3068181818181818 0.31392045454545453
19 0.25142045454545464 0.4275568181818182 0.23863636363636373 0.4275568181818182 0.23863636363636373 0.43323863636363635 0.25142045454545464 0.43323863636363635
19 0.28977272727272735 0.4247159090909091 0.2713068181818183 0.4247159090909091 0.2713068181818183 0.4318181818181818 0.28977272727272735 0.4318181818181818
19 0.578125 0.5298295454545454 0.5625 0.5298295454545454 0.5625 0.5369318181818182 0.578125 0.5369318181818182
19 0.6931818181818182 0.528409090909091 0.6761363636363636 0.528409090909091 0.6761363636363636 0.5355113636363638 0.6931818181818182 0.5355113636363638
19 0.8039772727272727 0.5213068181818183 0.7869318181818182 0.5213068181818183 0.7869318181818182 0.5326704545454547 0.8039772727272727 0.5326704545454547
19 0.796875 0.2954545454545455 0.7826704545454546 0.2954545454545455 0.7826704545454546 0.3025568181818183 0.796875 0.3025568181818183
19 0.6875 0.29829545454545464 0.6732954545454546 0.29829545454545464 0.6732954545454546 0.3039772727272728 0.6875 0.3039772727272728
19 0.5710227272727273 0.3011363636363637 0.5553977272727273 0.3011363636363637 0.5553977272727273 0.3068181818181819 0.5710227272727273 0.3068181818181819
19 0.12357954545454554 0.5383522727272727 0.106534090909091 0.5383522727272727 0.106534090909091 0.546875 0.12357954545454554 0.546875
19 0.2443181818181819 0.5383522727272727 0.2286931818181819 0.5383522727272727 0.2286931818181819 0.5454545454545454 0.2443181818181819 0.5454545454545454
19 0.5767045454545454 0.3991477272727273 0.5610795454545454 0.3991477272727273 0.5610795454545454 0.40482954545454547 0.5767045454545454 0.40482954545454547
44 0.9147727272727273 0.33948863636363646 0.8380681818181818 0.33948863636363646 0.8380681818181818 0.3508522727272728 0.9147727272727273 0.3508522727272728
44 0.9161931818181818 0.3508522727272728 0.8480113636363636 0.3508522727272728 0.8480113636363636 0.36789772727272746 0.9161931818181818 0.36789772727272746
9 0.1732954545454546 0.4715909090909091 0.09943181818181822 0.4715909090909091 0.09943181818181825 0.49573863636363635 0.1732954545454546 0.49573863636363635
49 0.25000000000000006 0.4630681818181818 0.1363636363636364 0.4630681818181818 0.13636363636363644 0.4971590909090909 0.25000000000000006 0.4971590909090909
30 0.1704545454545455 0.4772727272727273 0.13494318181818185 0.4772727272727273 0.13494318181818185 0.4943181818181818 0.1704545454545455 0.4943181818181818
16 0.2798295454545455 0.453125 0.07812500000000006 0.453125 0.07812500000000006 0.5085227272727273 0.2798295454545455 0.5085227272727273