7 0.7457386363636364 0.447443181818182 0.6960227272727273 0.447443181818182 0.6960227272727273 0.49005681818181834 0.7457386363636364 0.49005681818181834
50 0.8522727272727273 0.43465909090909105 0.7727272727272727 0.43465909090909105 0.7727272727272727 0.463068181818182 0.8522727272727273 0.463068181818182
20 0.16903409090909094 0.421875 0.10937500000000004 0.421875 0.10937500000000004 0.46732954545454547 0.16903409090909094 0.46732954545454547
19 0.37357954545454547 0.5028409090909091 0.36363636363636365 0.5028409090909091 0.36363636363636365 0.5099431818181818 0.37357954545454547 0.5099431818181818
53 0.20170454545454553 0.5056818181818182 0.15482954545454553 0.5056818181818182 0.15482954545454553 0.5340909090909091 0.20170454545454553 0.5340909090909091
37 0.6548295454545454 0.4630681818181818 0.6036931818181818 0.4630681818181818 0.6036931818181818 0.4744318181818182 0.6548295454545454 0.4744318181818182
38 0.37926136363636365 0.5298295454545454 0.3423295454545455 0.5298295454545454 0.3423295454545455 0.5497159090909091 0.37926136363636365 0.5497159090909091
37 0.32954545454545464 0.53125 0.31250000000000006 0.53125 0.31250000000000006 0.5511363636363636 0.32954545454545464 0.5511363636363636
4 0.3963068181818182 0.4318181818181818 0.34517045454545464 0.4318181818181818 0.34517045454545464 0.4446022727272727 0.3963068181818182 0.4446022727272727
44 0.4446022727272727 0.4275568181818182 0.4005681818181818 0.4275568181818182 0.4005681818181818 0.4375 0.4446022727272727 0.4375
44 0.4602272727272727 0.4403409090909091 0.3991477272727273 0.4403409090909091 0.3991477272727273 0.45170454545454547 0.4602272727272727 0.45170454545454547
44 0.3338068181818183 0.4346590909090909 0.309659090909091 0.4346590909090909 0.309659090909091 0.4460227272727273 0.3338068181818183 0.4460227272727273
44 0.29687500000000006 0.5326704545454546 0.27414772727272735 0.5326704545454546 0.27414772727272735 0.5440340909090909 0.29687500000000006 0.5440340909090909
44 0.29829545454545464 0.5482954545454546 0.2698863636363637 0.5482954545454546 0.2698863636363637 0.5610795454545454 0.29829545454545464 0.5610795454545454
44 0.4275568181818182 0.5255681818181818 0.390625 0.5255681818181818 0.390625 0.5369318181818182 0.4275568181818182 0.5369318181818182
44 0.4446022727272727 0.5411931818181818 0.38636363636363635 0.5411931818181818 0.38636363636363635 0.5553977272727273 0.4446022727272727 0.5553977272727273
44 0.6164772727272727 0.4744318181818182 0.5866477272727273 0.4744318181818182 0.5866477272727273 0.484375 0.6164772727272727 0.484375
44 0.6377840909090909 0.4872159090909091 0.5795454545454546 0.4872159090909091 0.5795454545454546 0.49857954545454547 0.6377840909090909 0.49857954545454547
44 0.7400568181818182 0.49289772727272746 0.6789772727272727 0.49289772727272746 0.6789772727272727 0.5042613636363638 0.7400568181818182 0.5042613636363638
44 0.9247159090909091 0.447443181818182 0.8409090909090909 0.447443181818182 0.8409090909090909 0.4602272727272729 0.9247159090909091 0.4602272727272729
44 0.9247159090909091 0.46590909090909105 0.8394886363636364 0.46590909090909105 0.8394886363636364 0.48437500000000017 0.9247159090909091 0.48437500000000017
44 0.10369318181818186 0.4289772727272727 0.04971590909090915 0.4289772727272727 0.04971590909090915 0.44176136363636365 0.10369318181818186 0.44176136363636365
44 0.10511363636363641 0.4460227272727273 0.03977272727272732 0.4460227272727273 0.03977272727272733 0.45738636363636365 0.10511363636363641 0.45738636363636365
44 0.14914772727272735 0.5113636363636364 0.07528409090909097 0.5113636363636364 0.07528409090909097 0.5227272727272727 0.14914772727272735 0.5227272727272727
44 0.14630681818181826 0.5269886363636364 0.08380681818181825 0.5269886363636364 0.08380681818181825 0.5397727272727273 0.14630681818181826 0.5397727272727273
44 0.3977272727272727 0.6051136363636364 0.3579545454545455 0.6051136363636364 0.3579545454545455 0.6193181818181818 0.3977272727272727 0.6193181818181818
44 0.4119318181818182 0.6221590909090909 0.3536931818181819 0.6221590909090909 0.3536931818181819 0.6363636363636364 0.4119318181818182 0.6363636363636364
37 0.3536931818181819 0.5965909090909091 0.3338068181818183 0.5965909090909091 0.3338068181818183 0.6150568181818182 0.3536931818181819 0.6150568181818182
19 0.3480113636363637 0.5795454545454546 0.3380681818181819 0.5795454545454546 0.3380681818181819 0.5852272727272727 0.3480113636363637 0.5852272727272727
19 0.37357954545454547 0.578125 0.36221590909090917 0.578125 0.36221590909090917 0.5852272727272727 0.37357954545454547 0.5852272727272727
19 0.32386363636363646 0.5767045454545454 0.3110795454545455 0.5767045454545454 0.3110795454545455 0.5838068181818182 0.32386363636363646 0.5838068181818182
19 0.3480113636363637 0.6420454545454546 0.3352272727272728 0.6420454545454546 0.3352272727272728 0.6491477272727273 0.3480113636363637 0.6491477272727273
19 0.3480113636363637 0.65625 0.3352272727272728 0.65625 0.3352272727272728 0.6619318181818182 0.3480113636363637 0.6619318181818182
19 0.18323863636363644 0.6463068181818182 0.16761363636363644 0.6463068181818182 0.16761363636363644 0.6534090909090909 0.18323863636363644 0.6534090909090909
19 0.18607954545454553 0.4602272727272727 0.17613636363636367 0.4602272727272727 0.17613636363636367 0.4659090909090909 0.18607954545454553 0.4659090909090909
19 0.18039772727272732 0.421875 0.16903409090909094 0.421875 0.16903409090909094 0.4275568181818182 0.18039772727272732 0.4275568181818182
19 0.18039772727272732 0.3977272727272727 0.16477272727272732 0.3977272727272727 0.16477272727272732 0.40625 0.18039772727272732 0.40625
19 0.3821022727272727 0.3963068181818182 0.3650568181818182 0.3963068181818182 0.3650568181818182 0.4034090909090909 0.3821022727272727 0.4034090909090909
19 0.3806818181818182 0.375 0.3678977272727273 0.375 0.3678977272727273 0.3821022727272727 0.3806818181818182 0.3821022727272727
19 0.3778409090909091 0.4715909090909091 0.36221590909090917 0.4715909090909091 0.36221590909090917 0.4786931818181818 0.3778409090909091 0.4786931818181818
19 0.32812500000000006 0.47301136363636365 0.31392045454545464 0.47301136363636365 0.31392045454545464 0.48011363636363635 0.32812500000000006 0.48011363636363635
19 0.32812500000000006 0.5056818181818182 0.31392045454545464 0.5056818181818182 0.31392045454545464 0.5127840909090909 0.32812500000000006 0.5127840909090909
19 0.3480113636363637 0.5056818181818182 0.33664772727272735 0.5056818181818182 0.33664772727272735 0.5113636363636364 0.3480113636363637 0.5113636363636364
19 0.8224431818181818 0.6477272727272729 0.8096590909090909 0.6477272727272729 0.8096590909090909 0.6548295454545456 0.8224431818181818 0.6548295454545456
19 0.7869318181818182 0.463068181818182 0.7755681818181818 0.463068181818182 0.7755681818181818 0.4701704545454547 0.7869318181818182 0.4701704545454547
19 0.8252840909090909 0.36789772727272746 0.8068181818181818 0.36789772727272746 0.8068181818181818 0.37500000000000017 0.8252840909090909 0.37500000000000017
44 0.49857954545454547 0.20880681818181823 0.21448863636363635 0.20880681818181818 0.21448863636363635 0.24289772727272732 0.49857954545454547 0.24289772727272735