44 0.875 0.13636363636363644 0.15198863636363635 0.13636363636363635 0.15198863636363638 0.19034090909090914 0.875 0.19034090909090917
44 0.16193181818181823 0.2897727272727273 0.12073863636363641 0.2897727272727273 0.12073863636363641 0.30113636363636365 0.16193181818181823 0.30113636363636365
44 0.34375 0.29545454545454547 0.3039772727272727 0.29545454545454547 0.3039772727272727 0.3053977272727273 0.34375 0.30539772727272735
44 0.41761363636363635 0.2954545454545455 0.37357954545454547 0.2954545454545455 0.37357954545454547 0.3068181818181819 0.41761363636363635 0.3068181818181819
44 0.12784090909090914 0.32954545454545453 0.10085227272727276 0.32954545454545453 0.10085227272727276 0.3409090909090909 0.12784090909090914 0.3409090909090909
44 0.1392045454545455 0.34375 0.08096590909090913 0.34375 0.08096590909090913 0.3565340909090909 0.1392045454545455 0.3565340909090909
44 0.7159090909090909 0.3508522727272728 0.6832386363636364 0.3508522727272728 0.6832386363636364 0.36221590909090917 0.7159090909090909 0.36221590909090917
44 0.7130681818181818 0.3636363636363638 0.6803977272727273 0.3636363636363638 0.6803977272727273 0.3764204545454547 0.7130681818181818 0.3764204545454547
44 0.9318181818181818 0.40625000000000017 0.8948863636363636 0.40625000000000017 0.8948863636363636 0.416193181818182 0.9318181818181818 0.416193181818182
44 0.9289772727272727 0.41903409090909105 0.8948863636363636 0.41903409090909105 0.8948863636363636 0.43039772727272746 0.9289772727272727 0.43039772727272746
44 0.9446022727272727 0.4332386363636365 0.8892045454545454 0.4332386363636365 0.8892045454545454 0.4446022727272729 0.9446022727272727 0.4446022727272729
44 0.7599431818181818 0.43750000000000017 0.734375 0.43750000000000017 0.734375 0.45028409090909105 0.7599431818181818 0.45028409090909105
44 0.7642045454545454 0.45312500000000017 0.7301136363636364 0.45312500000000017 0.7301136363636364 0.46590909090909105 0.7642045454545454 0.46590909090909105
44 0.6633522727272727 0.434659090909091 0.6349431818181818 0.4346590909090909 0.6349431818181818 0.44602272727272735 0.6633522727272727 0.44602272727272746
44 0.6661931818181818 0.44886363636363646 0.6264204545454546 0.44886363636363635 0.6264204545454546 0.4602272727272728 0.6661931818181818 0.4602272727272729
44 0.6803977272727273 0.5582386363636365 0.6448863636363636 0.5582386363636364 0.6448863636363636 0.5696022727272728 0.6803977272727273 0.5696022727272729
44 0.5965909090909091 0.5596590909090909 0.5568181818181818 0.5596590909090909 0.5568181818181818 0.5767045454545454 0.5965909090909091 0.5767045454545454
44 0.546875 0.5241477272727273 0.4914772727272727 0.5241477272727273 0.4914772727272727 0.5340909090909091 0.546875 0.5340909090909091
44 0.5284090909090909 0.5042613636363636 0.5014204545454546 0.5042613636363636 0.5014204545454546 0.5142045454545454 0.5284090909090909 0.5142045454545454
44 0.46732954545454547 0.4971590909090909 0.43892045454545453 0.4971590909090909 0.43892045454545453 0.5071022727272727 0.46732954545454547 0.5071022727272727
44 0.4147727272727273 0.4900568181818182 0.40198863636363635 0.4900568181818182 0.40198863636363635 0.5 0.4147727272727273 0.5
44 0.4133522727272727 0.5127840909090909 0.4005681818181818 0.5127840909090909 0.4005681818181818 0.5227272727272727 0.4133522727272727 0.5227272727272727
44 0.36079545454545464 0.5227272727272727 0.3423295454545455 0.5227272727272727 0.3423295454545455 0.53125 0.36079545454545464 0.53125
44 0.3977272727272727 0.5355113636363636 0.36363636363636365 0.5355113636363636 0.36363636363636365 0.5454545454545454 0.3977272727272727 0.5454545454545454
44 0.32954545454545464 0.5042613636363636 0.309659090909091 0.5042613636363636 0.309659090909091 0.5142045454545454 0.32954545454545464 0.5142045454545454
44 0.3224431818181819 0.4786931818181818 0.3068181818181819 0.4786931818181818 0.3068181818181819 0.48863636363636365 0.3224431818181819 0.48863636363636365
44 0.4190340909090909 0.4659090909090909 0.4005681818181818 0.4659090909090909 0.4005681818181818 0.4744318181818182 0.4190340909090909 0.4744318181818182
44 0.42045454545454547 0.4446022727272727 0.4034090909090909 0.4446022727272727 0.4034090909090909 0.45454545454545453 0.42045454545454547 0.45454545454545453
44 0.37357954545454547 0.44176136363636365 0.31392045454545464 0.44176136363636365 0.31392045454545464 0.453125 0.37357954545454547 0.453125
44 0.48295454545454547 0.4602272727272727 0.43892045454545453 0.4602272727272727 0.43892045454545453 0.47017045454545453 0.48295454545454547 0.47017045454545453
44 0.5681818181818182 0.4431818181818182 0.5511363636363636 0.4431818181818182 0.5511363636363636 0.453125 0.5681818181818182 0.453125
44 0.5667613636363636 0.42613636363636365 0.5511363636363636 0.42613636363636365 0.5511363636363636 0.43323863636363635 0.5667613636363636 0.43323863636363635
44 0.5596590909090909 0.4090909090909091 0.5497159090909091 0.4090909090909091 0.5497159090909091 0.4161931818181818 0.5596590909090909 0.4161931818181818
44 0.42045454545454547 0.42045454545454547 0.40625 0.42045454545454547 0.40625 0.4303977272727273 0.42045454545454547 0.4303977272727273
44 0.42329545454545453 0.40198863636363635 0.40482954545454547 0.40198863636363635 0.40482954545454547 0.4119318181818182 0.42329545454545453 0.4119318181818182
44 0.39204545454545453 0.39488636363636365 0.3693181818181818 0.39488636363636365 0.3693181818181818 0.40767045454545453 0.39204545454545453 0.40767045454545453
44 0.34517045454545464 0.3963068181818182 0.3323863636363637 0.3963068181818182 0.3323863636363637 0.40625 0.34517045454545464 0.40625
44 0.32102272727272735 0.40625 0.3068181818181819 0.40625 0.3068181818181819 0.4161931818181818 0.32102272727272735 0.4161931818181818
42 0.5482954545454546 0.4119318181818182 0.4900568181818182 0.4119318181818182 0.4900568181818182 0.43323863636363635 0.5482954545454546 0.43323863636363635
43 0.5511363636363636 0.4431818181818182 0.5383522727272727 0.4431818181818182 0.5383522727272727 0.4502840909090909 0.5511363636363636 0.4502840909090909
44 0.15056818181818185 0.43323863636363635 0.12073863636363641 0.43323863636363635 0.12073863636363641 0.4431818181818182 0.15056818181818185 0.4431818181818182
44 0.14914772727272732 0.4446022727272727 0.10937500000000004 0.4446022727272727 0.10937500000000004 0.453125 0.14914772727272732 0.453125
44 0.7713068181818182 0.2954545454545455 0.7272727272727273 0.2954545454545455 0.7272727272727273 0.30823863636363646 0.7713068181818182 0.30823863636363646
44 0.9474431818181818 0.3011363636363637 0.890625 0.3011363636363637 0.890625 0.31250000000000006 0.9474431818181818 0.31250000000000006
4 0.18607954545454553 0.5553977272727273 0.153409090909091 0.5553977272727273 0.153409090909091 0.5696022727272727 0.18607954545454553 0.5696022727272727
44 0.1505681818181819 0.5525568181818182 0.106534090909091 0.5525568181818182 0.106534090909091 0.5710227272727273 0.1505681818181819 0.5710227272727273
44 0.14772727272727282 0.5738636363636364 0.1008522727272728 0.5738636363636364 0.1008522727272728 0.5852272727272727 0.14772727272727282 0.5852272727272727
13 0.19034090909090917 0.6264204545454546 0.1505681818181819 0.6264204545454546 0.1505681818181819 0.6477272727272727 0.19034090909090917 0.6477272727272727
13 0.3693181818181818 0.6178977272727273 0.3380681818181819 0.6178977272727273 0.3380681818181819 0.6363636363636364 0.3693181818181818 0.6363636363636364
13 0.6335227272727273 0.6164772727272727 0.6036931818181818 0.6164772727272727 0.6036931818181818 0.6392045454545454 0.6335227272727273 0.6392045454545454
13 0.8664772727272727 0.6150568181818183 0.8366477272727273 0.6150568181818183 0.8366477272727273 0.634943181818182 0.8664772727272727 0.634943181818182
38 0.18750000000000008 0.4375 0.1548295454545455 0.4375 0.1548295454545455 0.45738636363636365 0.18750000000000008 0.45738636363636365
56 0.7386363636363636 0.309659090909091 0.7230113636363636 0.309659090909091 0.7230113636363636 0.3196022727272728 0.7386363636363636 0.3196022727272728
56 0.8863636363636364 0.31392045454545464 0.8678977272727273 0.31392045454545464 0.8678977272727273 0.325284090909091 0.8863636363636364 0.325284090909091
56 0.3380681818181818 0.30965909090909094 0.3210227272727273 0.3096590909090909 0.3210227272727273 0.31818181818181823 0.3380681818181818 0.3181818181818183
56 0.3821022727272727 0.3110795454545455 0.36363636363636365 0.3110795454545455 0.36363636363636365 0.3181818181818183 0.3821022727272727 0.3181818181818183
37 0.7272727272727273 0.43465909090909105 0.7088068181818182 0.43465909090909105 0.7088068181818182 0.45028409090909105 0.7272727272727273 0.45028409090909105
37 0.6306818181818182 0.43323863636363635 0.6150568181818182 0.43323863636363635 0.6150568181818182 0.4502840909090909 0.6306818181818182 0.4502840909090909
47 0.8565340909090909 0.5056818181818183 0.8125 0.5056818181818183 0.8125 0.5312500000000001 0.8565340909090909 0.5312500000000001
41 0.8920454545454546 0.4019886363636365 0.84375 0.4019886363636365 0.84375 0.431818181818182 0.8920454545454546 0.431818181818182
37 0.7329545454545454 0.3536931818181819 0.7144886363636364 0.3536931818181819 0.7144886363636364 0.37500000000000017 0.7329545454545454 0.37500000000000017
37 0.16051136363636367 0.33238636363636365 0.13778409090909094 0.33238636363636365 0.13778409090909094 0.34801136363636365 0.16051136363636367 0.34801136363636365
19 0.20596590909090917 0.4446022727272727 0.19460227272727282 0.4446022727272727 0.19460227272727282 0.4502840909090909 0.20596590909090917 0.4502840909090909
19 0.1676136363636364 0.41051136363636365 0.15767045454545459 0.41051136363636365 0.15767045454545459 0.4161931818181818 0.1676136363636364 0.4161931818181818
19 0.17755681818181823 0.46448863636363635 0.16335227272727276 0.46448863636363635 0.16335227272727276 0.47017045454545453 0.17755681818181823 0.47017045454545453
19 0.20880681818181826 0.46448863636363635 0.1974431818181819 0.46448863636363635 0.1974431818181819 0.47017045454545453 0.20880681818181826 0.47017045454545453
19 0.17755681818181823 0.4815340909090909 0.16335227272727276 0.4815340909090909 0.16335227272727276 0.4872159090909091 0.17755681818181823 0.4872159090909091
19 0.17897727272727282 0.5056818181818182 0.16477272727272735 0.5056818181818182 0.16477272727272735 0.5127840909090909 0.17897727272727282 0.5127840909090909
19 0.4630681818181818 0.4431818181818182 0.45454545454545453 0.4431818181818182 0.45454545454545453 0.4474431818181818 0.4630681818181818 0.4474431818181818
19 0.4616477272727273 0.45170454545454547 0.453125 0.45170454545454547 0.453125 0.4559659090909091 0.4616477272727273 0.4559659090909091
19 0.47017045454545453 0.46875 0.4630681818181818 0.46875 0.4630681818181818 0.47301136363636365 0.47017045454545453 0.47301136363636365
16 0.4375 0.38920454545454547 0.2911931818181819 0.38920454545454547 0.2911931818181819 0.5355113636363636 0.4375 0.5355113636363636
37 0.5284090909090909 0.515625 0.4900568181818182 0.515625 0.4900568181818182 0.5227272727272727 0.5284090909090909 0.5227272727272727
19 0.6292613636363636 0.4914772727272727 0.6150568181818182 0.4914772727272727 0.6150568181818182 0.4971590909090909 0.6292613636363636 0.4971590909090909
5 0.6264204545454546 0.515625 0.6150568181818182 0.515625 0.6150568181818182 0.5213068181818182 0.6264204545454546 0.5213068181818182
4 0.6392045454545454 0.5596590909090909 0.6051136363636364 0.5596590909090909 0.6051136363636364 0.5710227272727273 0.6392045454545454 0.5710227272727273
19 0.7201704545454546 0.49005681818181834 0.7073863636363636 0.49005681818181834 0.7073863636363636 0.4957386363636365 0.7201704545454546 0.4957386363636365
19 0.7244318181818182 0.400568181818182 0.7102272727272727 0.400568181818182 0.7102272727272727 0.40625000000000017 0.7244318181818182 0.40625000000000017
19 0.625 0.4133522727272727 0.6150568181818182 0.4133522727272727 0.6150568181818182 0.41761363636363635 0.625 0.41761363636363635
56 0.15056818181818185 0.3039772727272727 0.12926136363636367 0.3039772727272727 0.12926136363636367 0.31392045454545453 0.15056818181818185 0.31392045454545453
19 0.47017045454545453 0.4943181818181818 0.4616477272727273 0.4943181818181818 0.4616477272727273 0.49857954545454547 0.47017045454545453 0.49857954545454547