44 0.6576704545454546 0.24715909090909094 0.31392045454545453 0.2471590909090909 0.31392045454545453 0.2855113636363637 0.6576704545454546 0.2855113636363637
43 0.16619318181818185 0.3721590909090909 0.14488636363636367 0.3721590909090909 0.14488636363636367 0.3806818181818182 0.16619318181818185 0.3806818181818182
47 0.294034090909091 0.3835227272727273 0.25284090909090917 0.3835227272727273 0.25284090909090917 0.41051136363636365 0.294034090909091 0.41051136363636365
37 0.29687500000000006 0.4190340909090909 0.27414772727272735 0.4190340909090909 0.27414772727272735 0.43607954545454547 0.29687500000000006 0.43607954545454547
4 0.6548295454545454 0.3664772727272727 0.6207386363636364 0.3664772727272727 0.6207386363636364 0.3778409090909091 0.6548295454545454 0.3778409090909091
4 0.4375 0.38920454545454547 0.40625 0.38920454545454547 0.40625 0.3991477272727273 0.4375 0.3991477272727273
19 0.42613636363636365 0.40482954545454547 0.4147727272727273 0.40482954545454547 0.4147727272727273 0.41051136363636365 0.42613636363636365 0.41051136363636365
44 0.4758522727272727 0.3877840909090909 0.4446022727272727 0.3877840909090909 0.4446022727272727 0.3977272727272727 0.4758522727272727 0.3977272727272727
44 0.4872159090909091 0.4190340909090909 0.4474431818181818 0.4190340909090909 0.4474431818181818 0.4303977272727273 0.4872159090909091 0.4303977272727273
44 0.3267045454545455 0.42329545454545453 0.29687500000000006 0.42329545454545453 0.29687500000000006 0.4346590909090909 0.3267045454545455 0.4346590909090909
44 0.3196022727272728 0.39204545454545453 0.2855113636363637 0.39204545454545453 0.2855113636363637 0.40625 0.3196022727272728 0.40625
44 0.17187500000000003 0.3835227272727273 0.10085227272727276 0.3835227272727273 0.10085227272727276 0.4090909090909091 0.17187500000000003 0.4090909090909091
44 0.7088068181818182 0.3963068181818183 0.6519886363636364 0.3963068181818182 0.6519886363636364 0.40909090909090917 0.7088068181818182 0.4090909090909092
44 0.7073863636363636 0.36505681818181834 0.6633522727272727 0.36505681818181834 0.6633522727272727 0.3764204545454547 0.7073863636363636 0.3764204545454547
44 0.6846590909090909 0.4360795454545455 0.6519886363636364 0.43607954545454547 0.6519886363636364 0.44886363636363646 0.6846590909090909 0.4488636363636365
44 0.859375 0.34659090909090917 0.8011363636363636 0.34659090909090917 0.8011363636363636 0.36079545454545464 0.859375 0.36079545454545464
43 0.14204545454545459 0.4715909090909091 0.12215909090909095 0.4715909090909091 0.12215909090909095 0.4815340909090909 0.14204545454545459 0.4815340909090909
43 0.8125 0.4701704545454547 0.796875 0.4701704545454547 0.796875 0.478693181818182 0.8125 0.478693181818182
43 0.796875 0.33948863636363646 0.7769886363636364 0.33948863636363646 0.7769886363636364 0.3480113636363637 0.796875 0.3480113636363637
37 0.4303977272727273 0.4147727272727273 0.41051136363636365 0.4147727272727273 0.41051136363636365 0.4303977272727273 0.4303977272727273 0.4303977272727273
37 0.6448863636363636 0.43323863636363635 0.6207386363636364 0.43323863636363635 0.6207386363636364 0.44886363636363635 0.6448863636363636 0.44886363636363635
47 0.6434659090909091 0.3877840909090909 0.6107954545454546 0.3877840909090909 0.6107954545454546 0.4133522727272727 0.6434659090909091 0.4133522727272727
19 0.18607954545454553 0.3934659090909091 0.17613636363636367 0.3934659090909091 0.17613636363636367 0.3991477272727273 0.18607954545454553 0.3991477272727273
19 0.184659090909091 0.3721590909090909 0.17471590909090914 0.3721590909090909 0.17471590909090914 0.3778409090909091 0.184659090909091 0.3778409090909091
19 0.2883522727272728 0.4715909090909091 0.27698863636363646 0.4715909090909091 0.27698863636363646 0.4772727272727273 0.2883522727272728 0.4772727272727273
19 0.421875 0.47017045454545453 0.41051136363636365 0.47017045454545453 0.41051136363636365 0.4772727272727273 0.421875 0.4772727272727273
19 0.6363636363636364 0.4715909090909091 0.625 0.4715909090909091 0.625 0.4772727272727273 0.6363636363636364 0.4772727272727273
19 0.6392045454545454 0.34659090909090917 0.6292613636363636 0.34659090909090917 0.6292613636363636 0.35227272727272735 0.6392045454545454 0.35227272727272735
19 0.4275568181818182 0.3806818181818182 0.4161931818181818 0.3806818181818182 0.4161931818181818 0.38636363636363635 0.4275568181818182 0.38636363636363635