44 0.7045454545454546 0.3025568181818183 0.3522727272727273 0.3025568181818183 0.3522727272727273 0.340909090909091 0.7045454545454546 0.340909090909091
44 0.3352272727272728 0.44176136363636365 0.3025568181818183 0.44176136363636365 0.3025568181818183 0.4559659090909091 0.3352272727272728 0.4559659090909091
44 0.340909090909091 0.4744318181818182 0.30823863636363646 0.4744318181818182 0.30823863636363646 0.4872159090909091 0.340909090909091 0.4872159090909091
44 0.5085227272727273 0.4758522727272727 0.47017045454545453 0.4758522727272727 0.47017045454545453 0.48863636363636365 0.5085227272727273 0.48863636363636365
44 0.5014204545454546 0.44176136363636365 0.4715909090909091 0.44176136363636365 0.4715909090909091 0.45170454545454547 0.5014204545454546 0.45170454545454547
44 0.75 0.4289772727272729 0.703125 0.4289772727272729 0.703125 0.4417613636363638 0.75 0.4417613636363638
44 0.7457386363636364 0.4602272727272729 0.6875 0.4602272727272729 0.6875 0.47443181818181834 0.7457386363636364 0.47443181818181834
44 0.71875 0.5014204545454547 0.6818181818181818 0.5014204545454547 0.6818181818181818 0.5156250000000001 0.71875 0.5156250000000001
44 0.90625 0.41903409090909105 0.8465909090909091 0.41903409090909105 0.8465909090909091 0.43607954545454564 0.90625 0.43607954545454564
44 0.18750000000000008 0.4275568181818182 0.11505681818181822 0.4275568181818182 0.11505681818181822 0.45454545454545453 0.18750000000000008 0.45454545454545453
43 0.184659090909091 0.4161931818181818 0.16335227272727276 0.4161931818181818 0.16335227272727276 0.42613636363636365 0.184659090909091 0.42613636363636365
43 0.1420454545454546 0.5184659090909091 0.12357954545454554 0.5184659090909091 0.12357954545454554 0.5269886363636364 0.1420454545454546 0.5269886363636364
43 0.8480113636363636 0.544034090909091 0.8323863636363636 0.544034090909091 0.8323863636363636 0.5525568181818183 0.8480113636363636 0.5525568181818183
43 0.84375 0.4090909090909092 0.8252840909090909 0.4090909090909092 0.8252840909090909 0.416193181818182 0.84375 0.416193181818182
37 0.453125 0.46875 0.4289772727272727 0.46875 0.4289772727272727 0.4872159090909091 0.453125 0.4872159090909091
37 0.6775568181818182 0.497159090909091 0.6505681818181818 0.4971590909090909 0.6505681818181818 0.5156250000000001 0.6775568181818182 0.5156250000000001
37 0.309659090909091 0.47017045454545453 0.2869318181818183 0.47017045454545453 0.2869318181818183 0.48579545454545453 0.309659090909091 0.48579545454545453
47 0.30823863636363646 0.43323863636363635 0.26704545454545464 0.43323863636363635 0.26704545454545464 0.4616477272727273 0.30823863636363646 0.4616477272727273
47 0.6803977272727273 0.4517045454545455 0.6434659090909091 0.45170454545454547 0.6434659090909091 0.47727272727272735 0.6803977272727273 0.47727272727272746
19 0.6789772727272727 0.4090909090909092 0.6704545454545454 0.4090909090909092 0.6704545454545454 0.41477272727272746 0.6789772727272727 0.41477272727272746
19 0.45170454545454547 0.4346590909090909 0.4403409090909091 0.4346590909090909 0.4403409090909091 0.43892045454545453 0.45170454545454547 0.43892045454545453
19 0.44886363636363635 0.4588068181818182 0.4375 0.4588068181818182 0.4375 0.46448863636363635 0.44886363636363635 0.46448863636363635
19 0.43323863636363635 0.5269886363636364 0.42329545454545453 0.5269886363636364 0.42329545454545453 0.5355113636363636 0.43323863636363635 0.5355113636363636
19 0.29261363636363646 0.5241477272727273 0.28125000000000006 0.5241477272727273 0.28125000000000006 0.53125 0.29261363636363646 0.53125
19 0.20170454545454553 0.4403409090909091 0.19176136363636373 0.4403409090909091 0.19176136363636373 0.4460227272727273 0.20170454545454553 0.4460227272727273
19 0.20312500000000008 0.4190340909090909 0.19318181818181826 0.4190340909090909 0.19318181818181826 0.42329545454545453 0.20312500000000008 0.42329545454545453
4 0.4630681818181818 0.4431818181818182 0.4289772727272727 0.4431818181818182 0.4289772727272727 0.45170454545454547 0.4630681818181818 0.45170454545454547
4 0.6931818181818182 0.4289772727272728 0.6576704545454546 0.4289772727272727 0.6576704545454546 0.44034090909090917 0.6931818181818182 0.4403409090909092
19 0.6647727272727273 0.5355113636363638 0.6505681818181818 0.5355113636363636 0.6505681818181818 0.5440340909090909 0.6647727272727273 0.544034090909091