46 0.48863636363636365 0.4275568181818182 0.4090909090909091 0.4275568181818182 0.4090909090909091 0.453125 0.48863636363636365 0.453125
43 0.08948863636363642 0.4318181818181818 0.06960227272727279 0.4318181818181818 0.06960227272727279 0.4403409090909091 0.08948863636363642 0.4403409090909091
43 0.08522727272727279 0.5071022727272727 0.07102272727272733 0.5071022727272727 0.07102272727272733 0.5142045454545454 0.08522727272727279 0.5142045454545454
43 0.7400568181818182 0.5000000000000001 0.7159090909090909 0.5000000000000001 0.7159090909090909 0.5071022727272729 0.7400568181818182 0.5071022727272729
43 0.7627840909090909 0.3977272727272729 0.7400568181818182 0.3977272727272729 0.7400568181818182 0.40482954545454564 0.7627840909090909 0.40482954545454564
19 0.4247159090909091 0.46875 0.4133522727272727 0.46875 0.4133522727272727 0.4758522727272727 0.4247159090909091 0.4758522727272727
19 0.3821022727272727 0.47017045454545453 0.3678977272727273 0.47017045454545453 0.3678977272727273 0.4772727272727273 0.3821022727272727 0.4772727272727273
19 0.3536931818181819 0.47017045454545453 0.3423295454545455 0.47017045454545453 0.3423295454545455 0.4772727272727273 0.3536931818181819 0.4772727272727273
19 0.3835227272727273 0.4943181818181818 0.3678977272727273 0.4943181818181818 0.3678977272727273 0.5028409090909091 0.3835227272727273 0.5028409090909091
19 0.184659090909091 0.5014204545454546 0.169034090909091 0.5014204545454546 0.169034090909091 0.5085227272727273 0.184659090909091 0.5085227272727273
19 0.184659090909091 0.40198863636363635 0.17329545454545459 0.40198863636363635 0.17329545454545459 0.40767045454545453 0.184659090909091 0.40767045454545453
19 0.3806818181818182 0.39488636363636365 0.36079545454545464 0.39488636363636365 0.36079545454545464 0.4005681818181818 0.3806818181818182 0.4005681818181818
19 0.3849431818181818 0.4119318181818182 0.3678977272727273 0.4119318181818182 0.3678977272727273 0.4190340909090909 0.3849431818181818 0.4190340909090909
19 0.3508522727272728 0.4147727272727273 0.33948863636363646 0.4147727272727273 0.33948863636363646 0.42045454545454547 0.3508522727272728 0.42045454545454547
19 0.4303977272727273 0.4147727272727273 0.4190340909090909 0.4147727272727273 0.4190340909090909 0.42045454545454547 0.4303977272727273 0.42045454545454547
19 0.5284090909090909 0.47017045454545453 0.5142045454545454 0.47017045454545453 0.5142045454545454 0.4758522727272727 0.5284090909090909 0.4758522727272727
19 0.4815340909090909 0.46875 0.47017045454545453 0.46875 0.47017045454545453 0.4744318181818182 0.4815340909090909 0.4744318181818182
19 0.53125 0.4928977272727273 0.5142045454545454 0.4928977272727273 0.5142045454545454 0.5014204545454546 0.53125 0.5014204545454546
19 0.6079545454545454 0.46732954545454547 0.5965909090909091 0.46732954545454547 0.5965909090909091 0.47301136363636365 0.6079545454545454 0.47301136363636365
19 0.6164772727272727 0.39488636363636365 0.6051136363636364 0.39488636363636365 0.6051136363636364 0.40198863636363635 0.6164772727272727 0.40198863636363635
44 0.3196022727272728 0.4346590909090909 0.29829545454545464 0.4346590909090909 0.29829545454545464 0.4460227272727273 0.3196022727272728 0.4460227272727273
44 0.21448863636363644 0.4247159090909091 0.17897727272727276 0.4247159090909091 0.17897727272727276 0.4403409090909091 0.21448863636363644 0.4403409090909091
44 0.0795454545454546 0.4403409090909091 0.04545454545454552 0.4403409090909091 0.04545454545454552 0.453125 0.0795454545454546 0.453125
44 0.6761363636363636 0.4133522727272728 0.6221590909090909 0.4133522727272727 0.6221590909090909 0.4275568181818183 0.6761363636363636 0.42755681818181834
44 0.8139204545454546 0.4019886363636365 0.7585227272727273 0.4019886363636365 0.7585227272727273 0.416193181818182 0.8139204545454546 0.416193181818182
44 0.9005681818181818 0.29687500000000006 0.23579545454545456 0.296875 0.23579545454545459 0.3394886363636364 0.9005681818181818 0.33948863636363646
47 0.18607954545454553 0.4147727272727273 0.13494318181818185 0.4147727272727273 0.13494318181818185 0.45170454545454547 0.18607954545454553 0.45170454545454547
47 0.6150568181818182 0.4034090909090909 0.5696022727272727 0.4034090909090909 0.5696022727272727 0.4318181818181818 0.6150568181818182 0.4318181818181818
2 0.3806818181818182 0.4275568181818182 0.309659090909091 0.4275568181818182 0.309659090909091 0.453125 0.3806818181818182 0.453125
14 0.4318181818181818 0.4289772727272727 0.41051136363636365 0.4289772727272727 0.41051136363636365 0.45170454545454547 0.4318181818181818 0.45170454545454547
21 0.4616477272727273 0.4303977272727273 0.4446022727272727 0.4303977272727273 0.4446022727272727 0.4474431818181818 0.4616477272727273 0.4474431818181818
14 0.4872159090909091 0.4289772727272727 0.46875 0.4289772727272727 0.46875 0.4474431818181818 0.4872159090909091 0.4474431818181818