47 0.40575396875 0.1798941803977273 0.3665674602272727 0.1798941803977273 0.3665674602272727 0.2451499119318183 0.40575396875 0.2451499119318183
46 0.44394841335227275 0.4400352727272727 0.41269841335227275 0.4400352727272727 0.41269841335227275 0.5291005284090908 0.44394841335227275 0.5291005284090908
43 0.4002976193181818 0.08112874715909095 0.390873015625 0.08112874715909095 0.390873015625 0.0970017642045455 0.4002976193181818 0.0970017642045455
43 0.32738095170454556 0.8086419758522727 0.3169642855113637 0.8086419758522727 0.3169642855113637 0.8280423281249999 0.32738095170454556 0.8280423281249999
13 0.50049603125 0.41446208096590903 0.48958333380681823 0.41446208096590903 0.48958333380681823 0.44532627840909095 0.50049603125 0.44532627840909095
13 0.5064484133522728 0.4744268082386363 0.4945436505681818 0.4744268082386363 0.4945436505681818 0.5167548494318182 0.5064484133522728 0.5167548494318182
13 0.4990079360795454 0.3395061732954546 0.48859126988636364 0.3395061732954546 0.48859126988636364 0.37301587357954546 0.4990079360795454 0.37301587357954546
13 0.5133928565340908 0.5987654318181819 0.5034722215909091 0.5987654318181819 0.5034722215909091 0.6331569659090909 0.5133928565340908 0.6331569659090909
13 0.4945436505681818 0.18606701988636373 0.48263888920454545 0.18606701988636373 0.48263888920454545 0.23633156960227278 0.4945436505681818 0.23633156960227278
19 0.35515873011363647 0.38712522017045453 0.3492063494318183 0.38712522017045453 0.3492063494318183 0.40388007102272727 0.35515873011363647 0.40388007102272727
19 0.3640873011363636 0.4673721335227273 0.35813492045454554 0.4673721335227273 0.35813492045454554 0.47707231107954545 0.3640873011363636 0.47707231107954545
19 0.3650793650568182 0.5282186946022728 0.35912698437500007 0.5282186946022728 0.35912698437500007 0.5405643735795455 0.3650793650568182 0.5405643735795455
19 0.32936507954545463 0.6693121690340909 0.32390873011363647 0.6693121690340909 0.32390873011363647 0.6798941803977273 0.32936507954545463 0.6798941803977273
19 0.34771825426136366 0.2389770724431819 0.3377976193181818 0.2389770724431819 0.3377976193181818 0.25573192187500005 0.34771825426136366 0.25573192187500005
44 0.25496031676136366 0.2107583778409091 0.19444444460227273 0.2107583778409091 0.19444444460227278 0.807760140625 0.2549603167613637 0.807760140625
44 0.32837301562500004 0.8395061732954545 0.3105158735795455 0.8395061732954545 0.3105158735795455 0.8906525568181819 0.32837301562500004 0.8906525568181819
44 0.37251984090909107 0.6807760142045455 0.35813492045454554 0.6807760142045455 0.35813492045454554 0.7433862428977274 0.37251984090909107 0.7433862428977274
44 0.4434523806818182 0.38271604971590906 0.4325396832386364 0.38271604971590906 0.4325396832386364 0.40388007102272727 0.4434523806818182 0.40388007102272727
44 0.39980158664772725 0.22751322727272735 0.37896825426136366 0.22751322727272735 0.37896825426136366 0.2698412698863637 0.39980158664772725 0.2698412698863637
44 0.4191468252840909 0.05731922443181823 0.4007936505681818 0.05731922443181822 0.4007936505681818 0.11463844744318186 0.4191468252840909 0.11463844744318186
47 0.38194444460227284 0.6225749559659092 0.3477182542613637 0.6225749559659092 0.3477182542613637 0.671957671875 0.3819444446022729 0.671957671875
4 0.4505952386363637 0.33342151704545464 0.42336712358174844 0.3255806019511496 0.3953690073609922 0.4228059794233442 0.42259712241560743 0.43064689451764926