46 0.5752840909090909 0.4971590909090909 0.4872159090909091 0.4971590909090909 0.4872159090909091 0.53125 0.5752840909090909 0.53125
43 0.8934659090909091 0.4872159090909092 0.8792613636363636 0.4872159090909092 0.8792613636363636 0.4957386363636365 0.8934659090909091 0.4957386363636365
43 0.231534090909091 0.40482954545454547 0.21448863636363644 0.40482954545454547 0.21448863636363644 0.4147727272727273 0.231534090909091 0.4147727272727273
13 0.6605113636363636 0.5752840909090909 0.6292613636363636 0.5752840909090909 0.6292613636363636 0.5838068181818182 0.6605113636363636 0.5838068181818183
13 0.5923295454545454 0.5724431818181818 0.5653409090909091 0.5724431818181818 0.5653409090909091 0.5823863636363636 0.5923295454545454 0.5823863636363636
13 0.5369318181818182 0.5752840909090909 0.49573863636363635 0.5752840909090909 0.49573863636363635 0.5866477272727273 0.5369318181818182 0.5866477272727273
13 0.41761363636363635 0.5823863636363636 0.3849431818181818 0.5823863636363636 0.3849431818181818 0.5909090909090909 0.41761363636363635 0.5909090909090909
13 0.8011363636363636 0.5738636363636366 0.7528409090909091 0.5738636363636366 0.7528409090909091 0.5852272727272729 0.8011363636363636 0.5852272727272729
19 0.6221590909090909 0.4403409090909091 0.6079545454545454 0.4403409090909091 0.6079545454545454 0.4474431818181818 0.6221590909090909 0.4474431818181818
19 0.5511363636363636 0.4460227272727273 0.5397727272727273 0.4460227272727273 0.5397727272727273 0.453125 0.5511363636363636 0.453125
19 0.4914772727272727 0.4460227272727273 0.48011363636363635 0.4460227272727273 0.48011363636363635 0.45170454545454547 0.4914772727272727 0.45170454545454547
19 0.7585227272727273 0.431818181818182 0.7443181818181818 0.431818181818182 0.7443181818181818 0.44318181818181834 0.7585227272727273 0.44318181818181834
19 0.35937500000000006 0.4119318181818182 0.3480113636363637 0.4119318181818182 0.3480113636363637 0.41761363636363635 0.35937500000000006 0.41761363636363635
47 0.8096590909090909 0.4602272727272729 0.75 0.4602272727272729 0.75 0.5000000000000001 0.8096590909090909 0.5000000000000001
47 0.4005681818181818 0.4346590909090909 0.35511363636363646 0.4346590909090909 0.35511363636363646 0.4659090909090909 0.4005681818181818 0.4659090909090909
2 0.6661931818181818 0.4943181818181819 0.5894886363636364 0.4943181818181818 0.5894886363636364 0.5340909090909092 0.6661931818181818 0.5340909090909093
44 0.765625 0.4730113636363638 0.7286931818181818 0.4730113636363638 0.7286931818181818 0.49289772727272746 0.765625 0.49289772727272746
44 0.6235795454545454 0.5198863636363636 0.6065340909090909 0.5198863636363636 0.6065340909090909 0.5298295454545454 0.6235795454545454 0.5298295454545454
44 0.3480113636363637 0.4431818181818182 0.2869318181818183 0.4431818181818182 0.2869318181818183 0.45738636363636365 0.3480113636363637 0.45738636363636365
44 0.2045454545454546 0.3991477272727273 0.15767045454545459 0.3991477272727273 0.15767045454545459 0.4161931818181818 0.2045454545454546 0.4161931818181818
44 0.9105113636363636 0.4957386363636365 0.8636363636363636 0.4957386363636365 0.8636363636363636 0.512784090909091 0.9105113636363636 0.512784090909091
44 0.7926136363636364 0.29545454545454547 0.23579545454545456 0.29545454545454547 0.23579545454545459 0.3465909090909091 0.7926136363636364 0.34659090909090917
14 0.5724431818181818 0.49857954545454547 0.5525568181818182 0.49857954545454547 0.5525568181818182 0.5298295454545454 0.5724431818181818 0.5298295454545454
21 0.5426136363636364 0.5014204545454546 0.5227272727272727 0.5014204545454546 0.5227272727272727 0.5284090909090909 0.5426136363636364 0.5284090909090909
14 0.5113636363636364 0.5 0.48863636363636365 0.5 0.48863636363636365 0.5255681818181818 0.5113636363636364 0.5255681818181818