46 0.5142045454545454 0.48863636363636365 0.43892045454545453 0.48863636363636365 0.43892045454545453 0.515625 0.5142045454545454 0.515625
43 0.16335227272727282 0.5056818181818182 0.14488636363636373 0.5056818181818182 0.14488636363636373 0.5170454545454546 0.16335227272727282 0.5170454545454546
43 0.15625000000000003 0.4247159090909091 0.1392045454545455 0.4247159090909091 0.1392045454545455 0.43323863636363635 0.15625000000000003 0.43323863636363635
43 0.7457386363636364 0.4289772727272729 0.7215909090909091 0.4289772727272729 0.7215909090909091 0.43750000000000017 0.7457386363636364 0.43750000000000017
43 0.7599431818181818 0.5369318181818183 0.734375 0.5369318181818183 0.734375 0.5454545454545456 0.7599431818181818 0.5454545454545456
19 0.3977272727272727 0.46875 0.3877840909090909 0.46875 0.3877840909090909 0.4744318181818182 0.3977272727272727 0.4744318181818182
19 0.41761363636363635 0.46448863636363635 0.40625 0.46448863636363635 0.40625 0.47301136363636365 0.41761363636363635 0.47301136363636365
19 0.45170454545454547 0.46732954545454547 0.4403409090909091 0.46732954545454547 0.4403409090909091 0.4744318181818182 0.45170454545454547 0.4744318181818182
19 0.5028409090909091 0.46875 0.4928977272727273 0.46875 0.4928977272727273 0.4744318181818182 0.5028409090909091 0.4744318181818182
19 0.421875 0.43892045454545453 0.40767045454545453 0.43892045454545453 0.40767045454545453 0.4474431818181818 0.421875 0.4474431818181818
19 0.5511363636363636 0.4659090909090909 0.5369318181818182 0.4659090909090909 0.5369318181818182 0.47301136363636365 0.5511363636363636 0.47301136363636365
19 0.6292613636363636 0.46732954545454547 0.6178977272727273 0.46732954545454547 0.6178977272727273 0.47301136363636365 0.6292613636363636 0.47301136363636365
19 0.5511363636363636 0.44176136363636365 0.5355113636363636 0.44176136363636365 0.5355113636363636 0.4502840909090909 0.5511363636363636 0.4502840909090909
19 0.25284090909090917 0.4318181818181818 0.23863636363636373 0.4318181818181818 0.23863636363636373 0.4403409090909091 0.25284090909090917 0.4403409090909091
19 0.26704545454545464 0.5440340909090909 0.2556818181818183 0.5440340909090909 0.2556818181818183 0.5497159090909091 0.26704545454545464 0.5497159090909091
19 0.42613636363636365 0.546875 0.4119318181818182 0.546875 0.4119318181818182 0.5525568181818182 0.42613636363636365 0.5525568181818182
19 0.4275568181818182 0.5269886363636364 0.4133522727272727 0.5269886363636364 0.4133522727272727 0.5340909090909091 0.4275568181818182 0.5340909090909091
19 0.40482954545454547 0.5269886363636364 0.3934659090909091 0.5269886363636364 0.3934659090909091 0.5326704545454546 0.40482954545454547 0.5326704545454546
19 0.4588068181818182 0.5241477272727273 0.4474431818181818 0.5241477272727273 0.4474431818181818 0.5298295454545454 0.4588068181818182 0.5298295454545454
19 0.5127840909090909 0.5227272727272727 0.5014204545454546 0.5227272727272727 0.5014204545454546 0.5284090909090909 0.5127840909090909 0.5284090909090909
19 0.6321022727272727 0.5411931818181818 0.6221590909090909 0.5411931818181818 0.6221590909090909 0.546875 0.6321022727272727 0.546875
44 0.3778409090909091 0.49857954545454547 0.36079545454545464 0.49857954545454547 0.36079545454545464 0.5099431818181818 0.3778409090909091 0.5099431818181818
44 0.2883522727272728 0.5042613636363636 0.2542613636363637 0.5042613636363636 0.2542613636363637 0.5241477272727273 0.2883522727272728 0.5241477272727273
44 0.14630681818181823 0.48863636363636365 0.11363636363636367 0.48863636363636365 0.1136363636363637 0.5056818181818182 0.14630681818181826 0.5056818181818182
44 0.6832386363636364 0.5127840909090909 0.6377840909090909 0.5127840909090909 0.6377840909090909 0.5284090909090909 0.6832386363636364 0.528409090909091
44 0.8082386363636364 0.525568181818182 0.7556818181818182 0.525568181818182 0.7556818181818182 0.5397727272727274 0.8082386363636364 0.5397727272727274
44 0.8693181818181818 0.6093750000000001 0.3267045454545455 0.609375 0.3267045454545455 0.6534090909090909 0.8693181818181818 0.653409090909091
47 0.2599431818181819 0.4914772727272727 0.20880681818181826 0.4914772727272727 0.20880681818181826 0.5355113636363636 0.2599431818181819 0.5355113636363636
47 0.6349431818181818 0.5099431818181818 0.5923295454545454 0.5099431818181818 0.5923295454545454 0.5383522727272727 0.6349431818181818 0.5383522727272727
2 0.42329545454545453 0.4900568181818182 0.3664772727272727 0.4900568181818182 0.3664772727272727 0.5184659090909091 0.42329545454545453 0.5184659090909091
14 0.4588068181818182 0.4900568181818182 0.44176136363636365 0.4900568181818182 0.44176136363636365 0.5127840909090909 0.4588068181818182 0.5127840909090909
21 0.48863636363636365 0.4943181818181818 0.46875 0.4943181818181818 0.46875 0.5142045454545454 0.48863636363636365 0.5142045454545454
14 0.5113636363636364 0.4943181818181818 0.4914772727272727 0.4943181818181818 0.4914772727272727 0.5142045454545454 0.5113636363636364 0.5142045454545454