46 0.5710227272727273 0.48863636363636365 0.48295454545454547 0.48863636363636365 0.48295454545454547 0.5213068181818182 0.5710227272727273 0.5213068181818182
43 0.19318181818181826 0.4744318181818182 0.17897727272727276 0.4744318181818182 0.17897727272727276 0.48295454545454547 0.19318181818181826 0.48295454545454547
43 0.8409090909090909 0.400568181818182 0.8224431818181818 0.400568181818182 0.8224431818181818 0.4105113636363638 0.8409090909090909 0.4105113636363638
13 0.31250000000000006 0.5596590909090909 0.26704545454545464 0.5596590909090909 0.26704545454545464 0.5710227272727273 0.31250000000000006 0.5710227272727273
13 0.4303977272727273 0.5625 0.4005681818181818 0.5625 0.4005681818181818 0.5724431818181818 0.4303977272727273 0.5724431818181818
13 0.4914772727272727 0.5625 0.4659090909090909 0.5625 0.4659090909090909 0.5724431818181818 0.4914772727272727 0.5724431818181818
13 0.5596590909090909 0.5653409090909091 0.5198863636363636 0.5653409090909091 0.5198863636363636 0.5767045454545454 0.5596590909090909 0.5767045454545454
13 0.6704545454545454 0.5738636363636365 0.6363636363636364 0.5738636363636364 0.6363636363636364 0.5823863636363638 0.6704545454545454 0.5823863636363638
19 0.325284090909091 0.42329545454545453 0.3110795454545455 0.42329545454545453 0.3110795454545455 0.43323863636363635 0.325284090909091 0.43323863636363635
19 0.45454545454545453 0.4318181818181818 0.4403409090909091 0.4318181818181818 0.4403409090909091 0.43892045454545453 0.45454545454545453 0.43892045454545453
19 0.5213068181818182 0.43892045454545453 0.5099431818181818 0.43892045454545453 0.5099431818181818 0.4460227272727273 0.5213068181818182 0.4460227272727273
19 0.5795454545454546 0.43892045454545453 0.5681818181818182 0.43892045454545453 0.5681818181818182 0.4460227272727273 0.5795454545454546 0.4460227272727273
19 0.7088068181818182 0.4076704545454547 0.6988636363636364 0.4076704545454547 0.6988636363636364 0.4133522727272729 0.7088068181818182 0.4133522727272729
44 0.8224431818181818 0.2897727272727273 0.28267045454545453 0.2897727272727273 0.2826704545454546 0.34375000000000006 0.8224431818181818 0.34375000000000006
44 0.7670454545454546 0.43750000000000017 0.7088068181818182 0.43750000000000017 0.7088068181818182 0.45170454545454564 0.7670454545454546 0.45170454545454564
44 0.8963068181818182 0.3948863636363638 0.8494318181818182 0.3948863636363638 0.8494318181818182 0.4105113636363638 0.8963068181818182 0.4105113636363638
44 0.45454545454545453 0.5099431818181818 0.43892045454545453 0.5099431818181818 0.43892045454545453 0.5198863636363636 0.45454545454545453 0.5198863636363636
44 0.340909090909091 0.4616477272727273 0.3039772727272728 0.4616477272727273 0.3039772727272728 0.48011363636363635 0.340909090909091 0.48011363636363635
44 0.20880681818181826 0.484375 0.16051136363636367 0.484375 0.1605113636363637 0.5014204545454546 0.20880681818181826 0.5014204545454546
47 0.3167613636363637 0.4502840909090909 0.25852272727272735 0.4502840909090909 0.25852272727272735 0.48863636363636365 0.3167613636363637 0.48863636363636365
47 0.7002840909090909 0.4289772727272728 0.65625 0.4289772727272727 0.65625 0.4602272727272728 0.7002840909090909 0.4602272727272729
2 0.47017045454545453 0.484375 0.3977272727272727 0.484375 0.3977272727272727 0.5227272727272727 0.47017045454545453 0.5227272727272727
14 0.5099431818181818 0.4900568181818182 0.4872159090909091 0.4900568181818182 0.4872159090909091 0.5184659090909091 0.5099431818181818 0.5184659090909091
21 0.5355113636363636 0.4943181818181818 0.5142045454545454 0.4943181818181818 0.5142045454545454 0.5198863636363636 0.5355113636363636 0.5198863636363636
14 0.5681818181818182 0.4914772727272727 0.5440340909090909 0.4914772727272727 0.5440340909090909 0.5184659090909091 0.5681818181818182 0.5184659090909091