44 0.6974431818181818 0.22301136363636367 0.31676136363636365 0.22301136363636365 0.31676136363636365 0.2528409090909091 0.6974431818181818 0.25284090909090917
19 0.5752840909090909 0.3011363636363637 0.5653409090909091 0.3011363636363637 0.5653409090909091 0.3068181818181819 0.5752840909090909 0.3068181818181819
44 0.6306818181818182 0.3267045454545455 0.5866477272727273 0.3267045454545455 0.5866477272727273 0.33948863636363646 0.6306818181818182 0.33948863636363646
5 0.41051136363636365 0.39204545454545453 0.3963068181818182 0.39204545454545453 0.3963068181818182 0.4005681818181818 0.41051136363636365 0.4005681818181818
43 0.16619318181818185 0.3693181818181818 0.14772727272727276 0.3693181818181818 0.14772727272727276 0.37642045454545453 0.16619318181818185 0.37642045454545453
44 0.8579545454545454 0.2911931818181819 0.7528409090909091 0.2911931818181819 0.7528409090909091 0.30823863636363646 0.8579545454545454 0.30823863636363646
43 0.7457386363636364 0.29687500000000006 0.7329545454545454 0.29687500000000006 0.7329545454545454 0.3039772727272728 0.7457386363636364 0.3039772727272728
19 0.6988636363636364 0.4886363636363638 0.6803977272727273 0.4886363636363638 0.6803977272727273 0.49715909090909105 0.6988636363636364 0.49715909090909105
47 0.2542613636363637 0.3991477272727273 0.22443181818181826 0.3991477272727273 0.22443181818181826 0.421875 0.2542613636363637 0.421875
37 0.30539772727272735 0.35511363636363635 0.2755681818181819 0.35511363636363635 0.2755681818181819 0.3622159090909091 0.30539772727272735 0.3622159090909091
37 0.2357954545454546 0.3309659090909091 0.21875000000000008 0.3309659090909091 0.21875000000000008 0.3536931818181818 0.2357954545454546 0.3536931818181818
37 0.5184659090909091 0.35511363636363646 0.4914772727272727 0.35511363636363646 0.4914772727272727 0.36221590909090917 0.5184659090909091 0.36221590909090917
37 0.6008522727272727 0.4588068181818182 0.5795454545454546 0.4588068181818182 0.5795454545454546 0.4744318181818182 0.6008522727272727 0.4744318181818182
37 0.48011363636363635 0.45738636363636365 0.4588068181818182 0.45738636363636365 0.4588068181818182 0.4715909090909091 0.48011363636363635 0.4715909090909091
44 0.6392045454545454 0.4602272727272727 0.6022727272727273 0.4602272727272727 0.6022727272727273 0.47301136363636365 0.6392045454545454 0.47301136363636365
44 0.45738636363636365 0.4616477272727273 0.4161931818181818 0.4616477272727273 0.4161931818181818 0.4744318181818182 0.45738636363636365 0.4744318181818182
44 0.3224431818181819 0.46448863636363635 0.27414772727272735 0.46448863636363635 0.27414772727272735 0.4758522727272727 0.3224431818181819 0.4758522727272727
44 0.23011363636363644 0.40625 0.2045454545454546 0.40625 0.2045454545454546 0.4161931818181818 0.23011363636363644 0.4161931818181818
13 0.25284090909090917 0.5184659090909091 0.2045454545454546 0.5184659090909091 0.2045454545454546 0.5298295454545454 0.25284090909090917 0.5298295454545454
43 0.6974431818181818 0.43750000000000017 0.6832386363636364 0.43750000000000017 0.6832386363636364 0.44602272727272746 0.6974431818181818 0.44602272727272746
44 0.7258522727272727 0.43465909090909105 0.7017045454545454 0.43465909090909105 0.7017045454545454 0.4446022727272729 0.7258522727272727 0.4446022727272729
44 0.7301136363636364 0.37357954545454564 0.7073863636363636 0.37357954545454564 0.7073863636363636 0.3863636363636365 0.7301136363636364 0.3863636363636365
44 0.6235795454545454 0.4005681818181818 0.5866477272727273 0.4005681818181818 0.5866477272727273 0.4133522727272727 0.6235795454545454 0.4133522727272727
44 0.5340909090909091 0.34375000000000006 0.484375 0.34375000000000006 0.484375 0.3536931818181819 0.5340909090909091 0.3536931818181819
44 0.3323863636363637 0.34232954545454547 0.2755681818181819 0.34232954545454547 0.2755681818181819 0.3536931818181819 0.3323863636363637 0.3536931818181819
44 0.21732954545454553 0.3366477272727273 0.17755681818181823 0.3366477272727273 0.17755681818181823 0.3465909090909091 0.21732954545454553 0.3465909090909091
44 0.14630681818181823 0.3678977272727273 0.12926136363636367 0.3678977272727273 0.12926136363636367 0.37926136363636365 0.14630681818181823 0.37926136363636365
44 0.3338068181818183 0.390625 0.2755681818181819 0.390625 0.2755681818181819 0.4005681818181818 0.3338068181818183 0.4005681818181818
44 0.5355113636363636 0.3877840909090909 0.48011363636363635 0.3877840909090909 0.48011363636363635 0.3977272727272727 0.5355113636363636 0.3977272727272727
37 0.5880681818181818 0.32386363636363646 0.5625 0.32386363636363646 0.5625 0.340909090909091 0.5880681818181818 0.340909090909091
37 0.34517045454545464 0.4616477272727273 0.3267045454545455 0.4616477272727273 0.3267045454545455 0.4786931818181818 0.34517045454545464 0.4786931818181818
47 0.5909090909090909 0.39488636363636365 0.5568181818181818 0.39488636363636365 0.5568181818181818 0.42045454545454547 0.5909090909090909 0.42045454545454547
19 0.5965909090909091 0.4403409090909091 0.5823863636363636 0.4403409090909091 0.5823863636363636 0.4460227272727273 0.5965909090909091 0.4460227272727273
19 0.4758522727272727 0.40767045454545453 0.4602272727272727 0.40767045454545453 0.4602272727272727 0.4147727272727273 0.4758522727272727 0.4147727272727273
19 0.47301136363636365 0.3778409090909091 0.4588068181818182 0.3778409090909091 0.4588068181818182 0.3849431818181818 0.47301136363636365 0.3849431818181818
19 0.46875 0.356534090909091 0.4602272727272727 0.356534090909091 0.4602272727272727 0.36079545454545464 0.46875 0.36079545454545464
19 0.5809659090909091 0.35511363636363646 0.5667613636363636 0.35511363636363646 0.5667613636363636 0.36079545454545464 0.5809659090909091 0.36079545454545464
19 0.5866477272727273 0.3778409090909091 0.5681818181818182 0.3778409090909091 0.5681818181818182 0.3835227272727273 0.5866477272727273 0.3835227272727273
19 0.5965909090909091 0.4914772727272727 0.5838068181818182 0.4914772727272727 0.5838068181818182 0.4971590909090909 0.5965909090909091 0.4971590909090909
19 0.4815340909090909 0.4914772727272727 0.46875 0.4914772727272727 0.46875 0.49857954545454547 0.4815340909090909 0.49857954545454547
19 0.3423295454545455 0.4943181818181818 0.32812500000000006 0.4943181818181818 0.32812500000000006 0.5014204545454546 0.3423295454545455 0.5014204545454546
5 0.3423295454545455 0.43892045454545453 0.33096590909090917 0.43892045454545453 0.33096590909090917 0.4474431818181818 0.3423295454545455 0.4474431818181818
5 0.4744318181818182 0.4403409090909091 0.4630681818181818 0.4403409090909091 0.4630681818181818 0.4460227272727273 0.4744318181818182 0.4460227272727273
19 0.34517045454545464 0.4090909090909091 0.32812500000000006 0.4090909090909091 0.32812500000000006 0.4161931818181818 0.34517045454545464 0.4161931818181818
19 0.34659090909090917 0.3778409090909091 0.3338068181818183 0.3778409090909091 0.3338068181818183 0.3835227272727273 0.34659090909090917 0.3835227272727273
19 0.3508522727272728 0.3579545454545455 0.33664772727272735 0.3579545454545455 0.33664772727272735 0.36363636363636365 0.3508522727272728 0.36363636363636365
19 0.23721590909090917 0.3678977272727273 0.22301136363636373 0.3678977272727273 0.22301136363636373 0.375 0.23721590909090917 0.375
19 0.23437500000000008 0.3778409090909091 0.22443181818181826 0.3778409090909091 0.22443181818181826 0.3835227272727273 0.23437500000000008 0.3835227272727273
19 0.2357954545454546 0.35795454545454547 0.22301136363636373 0.35795454545454547 0.22301136363636373 0.36363636363636365 0.2357954545454546 0.36363636363636365
19 0.234375 0.3053977272727273 0.22301136363636365 0.3053977272727273 0.22301136363636365 0.3125 0.234375 0.3125
43 0.6988636363636364 0.3764204545454547 0.6832386363636364 0.3764204545454547 0.6832386363636364 0.38352272727272746 0.6988636363636364 0.38352272727272746
19 0.2357954545454546 0.4403409090909091 0.22585227272727282 0.4403409090909091 0.22585227272727282 0.4474431818181818 0.2357954545454546 0.4474431818181818
19 0.2286931818181819 0.49573863636363635 0.21732954545454553 0.49573863636363635 0.21732954545454553 0.5042613636363636 0.2286931818181819 0.5042613636363636
44 0.4914772727272727 0.5923295454545454 0.4758522727272727 0.5923295454545454 0.4758522727272727 0.6036931818181818 0.4914772727272727 0.6036931818181818
44 0.4914772727272727 0.6178977272727273 0.4744318181818182 0.6178977272727273 0.4744318181818182 0.6278409090909091 0.4914772727272727 0.6278409090909091
44 0.4190340909090909 0.609375 0.3977272727272727 0.609375 0.3977272727272727 0.6207386363636364 0.4190340909090909 0.6207386363636364
43 0.5553977272727273 0.5965909090909091 0.5454545454545454 0.5965909090909091 0.5454545454545454 0.6022727272727273 0.5553977272727273 0.6022727272727273
43 0.5539772727272727 0.6207386363636364 0.5440340909090909 0.6207386363636364 0.5440340909090909 0.6264204545454546 0.5539772727272727 0.6264204545454546
43 0.3536931818181819 0.6122159090909091 0.34375000000000006 0.6122159090909091 0.34375000000000006 0.6178977272727273 0.3536931818181819 0.6178977272727273
16 0.5 0.5809659090909091 0.39204545454545453 0.5809659090909091 0.39204545454545453 0.6448863636363636 0.5 0.6448863636363636
4 0.5213068181818182 0.3721590909090909 0.5028409090909091 0.3721590909090909 0.5028409090909091 0.38920454545454547 0.5213068181818182 0.38920454545454547
4 0.30823863636363646 0.37073863636363635 0.2855113636363637 0.37073863636363635 0.2855113636363637 0.390625 0.30823863636363646 0.390625