44 0.7230113636363636 0.2514204545454546 0.24147727272727273 0.25142045454545453 0.24147727272727273 0.2982954545454546 0.7230113636363636 0.29829545454545464
44 0.2698863636363637 0.4034090909090909 0.20312500000000008 0.4034090909090909 0.20312500000000008 0.41761363636363635 0.2698863636363637 0.41761363636363635
44 0.27414772727272735 0.4616477272727273 0.20596590909090917 0.4616477272727273 0.20596590909090917 0.47301136363636365 0.27414772727272735 0.47301136363636365
44 0.14772727272727276 0.4786931818181818 0.1178977272727273 0.4786931818181818 0.1178977272727273 0.4900568181818182 0.14772727272727276 0.4900568181818182
44 0.04545454545454552 0.4318181818181818 0.024147727272727324 0.4318181818181818 0.024147727272727324 0.4460227272727273 0.04545454545454552 0.4460227272727273
44 0.13210227272727276 0.39488636363636365 0.08380681818181822 0.39488636363636365 0.08380681818181822 0.40625 0.13210227272727276 0.40625
44 0.5113636363636364 0.4090909090909091 0.453125 0.4090909090909091 0.453125 0.421875 0.5113636363636364 0.421875
44 0.6292613636363636 0.39204545454545453 0.5767045454545454 0.39204545454545453 0.5767045454545454 0.40625 0.6292613636363636 0.40625
44 0.5127840909090909 0.4602272727272727 0.4474431818181818 0.4602272727272727 0.4474431818181818 0.4715909090909091 0.5127840909090909 0.4715909090909091
44 0.6150568181818182 0.4772727272727273 0.5738636363636364 0.4772727272727273 0.5738636363636364 0.4900568181818182 0.6150568181818182 0.4900568181818182
44 0.7414772727272727 0.4488636363636365 0.7173295454545454 0.4488636363636365 0.7173295454545454 0.463068181818182 0.7414772727272727 0.463068181818182
44 0.734375 0.5198863636363638 0.7045454545454546 0.5198863636363638 0.7045454545454546 0.5312500000000001 0.734375 0.5312500000000001
44 0.6321022727272727 0.546875 0.5894886363636364 0.546875 0.5894886363636364 0.5625 0.6321022727272727 0.5625
44 0.4161931818181818 0.5482954545454546 0.3693181818181818 0.5482954545454546 0.3693181818181818 0.5596590909090909 0.4161931818181818 0.5596590909090909
44 0.2571022727272728 0.5497159090909091 0.19886363636363644 0.5497159090909091 0.19886363636363644 0.5639204545454546 0.2571022727272728 0.5639204545454546
44 0.9147727272727273 0.3480113636363637 0.7826704545454546 0.3480113636363637 0.7826704545454546 0.369318181818182 0.9147727272727273 0.369318181818182
44 0.45170454545454564 0.703125 0.4332386363636365 0.703125 0.4332386363636365 0.7173295454545454 0.45170454545454564 0.7173295454545454
44 0.45170454545454564 0.7357954545454546 0.43039772727272746 0.7357954545454546 0.43039772727272746 0.7485795454545454 0.45170454545454564 0.7485795454545454
44 0.36505681818181834 0.7215909090909091 0.34375000000000006 0.7215909090909091 0.34375000000000006 0.7357954545454546 0.36505681818181834 0.7357954545454546
13 0.16477272727272735 0.6136363636363636 0.11363636363636372 0.6136363636363636 0.11363636363636372 0.6235795454545454 0.16477272727272735 0.6235795454545454
37 0.4446022727272727 0.5426136363636364 0.421875 0.5426136363636364 0.421875 0.5610795454545454 0.4446022727272727 0.5610795454545454
37 0.5880681818181818 0.5454545454545454 0.5653409090909091 0.5454545454545454 0.5653409090909091 0.5639204545454546 0.5880681818181818 0.5639204545454546
37 0.28267045454545464 0.5454545454545454 0.26136363636363646 0.5454545454545454 0.26136363636363646 0.5667613636363636 0.28267045454545464 0.5667613636363636
37 0.24005681818181826 0.4190340909090909 0.20596590909090917 0.4190340909090909 0.20596590909090917 0.4275568181818182 0.24005681818181826 0.4275568181818182
37 0.1548295454545455 0.3877840909090909 0.13210227272727276 0.3877840909090909 0.13210227272727276 0.4147727272727273 0.1548295454545455 0.4147727272727273
37 0.578125 0.3849431818181818 0.5482954545454546 0.3849431818181818 0.5482954545454546 0.40625 0.578125 0.40625
37 0.4914772727272727 0.42329545454545453 0.4616477272727273 0.42329545454545453 0.4616477272727273 0.4303977272727273 0.4914772727272727 0.4303977272727273
43 0.2883522727272728 0.7272727272727273 0.278409090909091 0.7272727272727273 0.278409090909091 0.7329545454545454 0.2883522727272728 0.7329545454545454
43 0.525568181818182 0.7116477272727273 0.5156250000000001 0.7116477272727273 0.5156250000000001 0.7173295454545454 0.525568181818182 0.7173295454545454
43 0.5227272727272729 0.7414772727272727 0.5142045454545456 0.7414772727272727 0.5142045454545456 0.7471590909090909 0.5227272727272729 0.7471590909090909
43 0.6988636363636364 0.5227272727272729 0.6846590909090909 0.5227272727272729 0.6846590909090909 0.5312500000000001 0.6988636363636364 0.5312500000000001
43 0.7073863636363636 0.45028409090909105 0.6889204545454546 0.45028409090909105 0.6889204545454546 0.45880681818181834 0.7073863636363636 0.45880681818181834
43 0.7713068181818182 0.356534090909091 0.7613636363636364 0.356534090909091 0.7613636363636364 0.36221590909090917 0.7713068181818182 0.36221590909090917
5 0.3650568181818182 0.4659090909090909 0.3480113636363637 0.4659090909090909 0.3480113636363637 0.47301136363636365 0.3650568181818182 0.47301136363636365
4 0.49573863636363635 0.4446022727272727 0.4744318181818182 0.4446022727272727 0.4744318181818182 0.4616477272727273 0.49573863636363635 0.4616477272727273
4 0.2443181818181819 0.43892045454545453 0.21875000000000008 0.43892045454545453 0.21875000000000008 0.4616477272727273 0.2443181818181819 0.4616477272727273
5 0.28125000000000006 0.5213068181818182 0.26846590909090917 0.5213068181818182 0.26846590909090917 0.5284090909090909 0.28125000000000006 0.5284090909090909
5 0.43892045454545453 0.5213068181818182 0.4247159090909091 0.5213068181818182 0.4247159090909091 0.5298295454545454 0.43892045454545453 0.5298295454545454
19 0.4446022727272727 0.5852272727272727 0.4289772727272727 0.5852272727272727 0.4289772727272727 0.5923295454545454 0.4446022727272727 0.5923295454545454
19 0.5795454545454546 0.5852272727272727 0.5653409090909091 0.5852272727272727 0.5653409090909091 0.5923295454545454 0.5795454545454546 0.5923295454545454
19 0.14062500000000008 0.5866477272727273 0.12926136363636373 0.5866477272727273 0.12926136363636373 0.59375 0.14062500000000008 0.59375
19 0.278409090909091 0.5852272727272727 0.26562500000000006 0.5852272727272727 0.26562500000000006 0.5923295454545454 0.278409090909091 0.5923295454545454
19 0.15198863636363644 0.5198863636363636 0.1420454545454546 0.5198863636363636 0.1420454545454546 0.5269886363636364 0.15198863636363644 0.5269886363636364
19 0.2855113636363637 0.48295454545454547 0.26846590909090917 0.48295454545454547 0.26846590909090917 0.4900568181818182 0.2855113636363637 0.4900568181818182
19 0.4403409090909091 0.484375 0.421875 0.484375 0.421875 0.4914772727272727 0.4403409090909091 0.4914772727272727
19 0.43892045454545453 0.44886363636363635 0.42329545454545453 0.44886363636363635 0.42329545454545453 0.4559659090909091 0.43892045454545453 0.4559659090909091
19 0.43323863636363635 0.4247159090909091 0.42329545454545453 0.4247159090909091 0.42329545454545453 0.4289772727272727 0.43323863636363635 0.4289772727272727
19 0.29261363636363646 0.42329545454545453 0.278409090909091 0.42329545454545453 0.278409090909091 0.4289772727272727 0.29261363636363646 0.4289772727272727
19 0.2883522727272728 0.4460227272727273 0.2755681818181819 0.4460227272727273 0.2755681818181819 0.453125 0.2883522727272728 0.453125
19 0.5724431818181818 0.4502840909090909 0.5482954545454546 0.4502840909090909 0.5482954545454546 0.45738636363636365 0.5724431818181818 0.45738636363636365
19 0.5653409090909091 0.42329545454545453 0.5539772727272727 0.42329545454545453 0.5539772727272727 0.4289772727272727 0.5653409090909091 0.4289772727272727
16 0.46164772727272746 0.6917613636363636 0.33664772727272735 0.6917613636363636 0.33664772727272735 0.7642045454545454 0.46164772727272746 0.7642045454545454
19 0.5653409090909091 0.3579545454545455 0.5525568181818182 0.3579545454545455 0.5525568181818182 0.36363636363636365 0.5653409090909091 0.36363636363636365
19 0.14630681818181823 0.359375 0.13494318181818185 0.359375 0.13494318181818185 0.3650568181818182 0.14630681818181823 0.3650568181818182
19 0.1548295454545455 0.4346590909090909 0.14062500000000003 0.4346590909090909 0.14062500000000003 0.44176136363636365 0.1548295454545455 0.44176136363636365
19 0.15340909090909094 0.4460227272727273 0.14346590909090914 0.4460227272727273 0.14346590909090914 0.4502840909090909 0.15340909090909094 0.4502840909090909
19 0.14914772727272732 0.421875 0.14204545454545459 0.421875 0.14204545454545459 0.42613636363636365 0.14914772727272732 0.42613636363636365
43 0.07102272727272733 0.4346590909090909 0.051136363636363695 0.4346590909090909 0.051136363636363695 0.44176136363636365 0.07102272727272733 0.44176136363636365
47 0.17755681818181823 0.47301136363636365 0.14488636363636367 0.47301136363636365 0.1448863636363637 0.49573863636363635 0.17755681818181826 0.49573863636363635
47 0.5767045454545454 0.47017045454545453 0.5383522727272727 0.47017045454545453 0.5383522727272727 0.49857954545454547 0.5767045454545454 0.49857954545454547
19 0.5809659090909091 0.5227272727272727 0.5696022727272727 0.5227272727272727 0.5696022727272727 0.5284090909090909 0.5809659090909091 0.5284090909090909
19 0.6960227272727273 0.5852272727272729 0.6803977272727273 0.5852272727272729 0.6803977272727273 0.5923295454545456 0.6960227272727273 0.5923295454545456