44 0.7585227272727273 0.13352272727272732 0.28125 0.13352272727272732 0.28125 0.1761363636363637 0.7585227272727273 0.17613636363636373
44 0.8181818181818182 0.3579545454545455 0.7471590909090909 0.3579545454545455 0.7471590909090909 0.37215909090909105 0.8181818181818182 0.37215909090909105
44 0.9630681818181818 0.356534090909091 0.9005681818181818 0.356534090909091 0.9005681818181818 0.37357954545454564 0.9630681818181818 0.37357954545454564
44 0.8352272727272727 0.42187500000000017 0.7727272727272727 0.42187500000000017 0.7727272727272727 0.4332386363636365 0.8352272727272727 0.4332386363636365
44 0.9488636363636364 0.447443181818182 0.90625 0.447443181818182 0.90625 0.46732954545454564 0.9488636363636364 0.46732954545454564
44 0.5596590909090909 0.5568181818181818 0.5042613636363636 0.5568181818181818 0.5042613636363636 0.5710227272727273 0.5596590909090909 0.5710227272727273
44 0.3693181818181818 0.5426136363636364 0.29687500000000006 0.5426136363636364 0.29687500000000006 0.5582386363636364 0.3693181818181818 0.5582386363636364
44 0.7045454545454546 0.5681818181818182 0.6434659090909091 0.5681818181818182 0.6434659090909091 0.5852272727272728 0.7045454545454546 0.5852272727272729
44 0.1789772727272728 0.48295454545454547 0.15340909090909094 0.48295454545454547 0.15340909090909097 0.5014204545454546 0.17897727272727282 0.5014204545454546
44 0.3977272727272727 0.4190340909090909 0.34659090909090917 0.4190340909090909 0.34659090909090917 0.43607954545454547 0.3977272727272727 0.43607954545454547
44 0.215909090909091 0.37073863636363635 0.19176136363636373 0.37073863636363635 0.19176136363636373 0.3849431818181818 0.215909090909091 0.3849431818181818
44 0.5014204545454546 0.4005681818181818 0.43607954545454547 0.4005681818181818 0.43607954545454547 0.4119318181818182 0.5014204545454546 0.4119318181818182
44 0.5269886363636364 0.3480113636363637 0.46732954545454547 0.3480113636363637 0.46732954545454547 0.36221590909090917 0.5269886363636364 0.36221590909090917
44 0.9346590909090909 0.2642045454545455 0.8579545454545454 0.2642045454545455 0.8579545454545454 0.2798295454545455 0.9346590909090909 0.2798295454545455
44 0.38920454545454547 0.31107954545454547 0.3181818181818182 0.31107954545454547 0.31818181818181823 0.3309659090909091 0.38920454545454547 0.33096590909090917
44 0.44176136363636365 0.2556818181818183 0.34801136363636365 0.2556818181818183 0.34801136363636365 0.2727272727272728 0.44176136363636365 0.2727272727272728
16 0.5497159090909093 0.6889204545454546 0.416193181818182 0.6889204545454546 0.416193181818182 0.7727272727272727 0.5497159090909093 0.7727272727272727
44 0.5340909090909093 0.7244318181818182 0.5113636363636366 0.7244318181818182 0.5113636363636366 0.7386363636363636 0.5340909090909093 0.7386363636363636
44 0.45312500000000017 0.7017045454545454 0.43039772727272746 0.7017045454545454 0.43039772727272746 0.7159090909090909 0.45312500000000017 0.7159090909090909
44 0.45170454545454564 0.7329545454545454 0.431818181818182 0.7329545454545454 0.431818181818182 0.7471590909090909 0.45170454545454564 0.7471590909090909
43 0.606534090909091 0.7357954545454546 0.5923295454545456 0.7357954545454546 0.5923295454545456 0.7471590909090909 0.606534090909091 0.7471590909090909
43 0.3778409090909092 0.7002840909090909 0.36079545454545464 0.7002840909090909 0.36079545454545464 0.7088068181818182 0.3778409090909092 0.7088068181818182
43 0.3792613636363638 0.7301136363636364 0.3636363636363638 0.7301136363636364 0.3636363636363638 0.7414772727272727 0.3792613636363638 0.7414772727272727
13 0.5042613636363636 0.5994318181818182 0.4602272727272727 0.5994318181818182 0.4602272727272727 0.6221590909090909 0.5042613636363636 0.6221590909090909
13 0.4147727272727273 0.5951704545454546 0.36363636363636365 0.5951704545454546 0.36363636363636365 0.6193181818181818 0.4147727272727273 0.6193181818181818
13 0.7457386363636364 0.6207386363636366 0.6931818181818182 0.6207386363636366 0.6931818181818182 0.6491477272727274 0.7457386363636364 0.6491477272727274
37 0.7372159090909091 0.5681818181818183 0.7088068181818182 0.5681818181818183 0.7088068181818182 0.588068181818182 0.7372159090909091 0.588068181818182
37 0.4034090909090909 0.5426136363636364 0.37926136363636365 0.5426136363636364 0.37926136363636365 0.5653409090909091 0.4034090909090909 0.5653409090909091
37 0.49857954545454547 0.5511363636363636 0.47301136363636365 0.5511363636363636 0.47301136363636365 0.5710227272727273 0.49857954545454547 0.5710227272727273
37 0.42045454545454547 0.3167613636363637 0.3991477272727273 0.3167613636363637 0.3991477272727273 0.33948863636363646 0.42045454545454547 0.33948863636363646
37 0.8323863636363636 0.38352272727272746 0.7954545454545454 0.38352272727272746 0.7954545454545454 0.3948863636363638 0.8323863636363636 0.3948863636363638
37 0.9005681818181818 0.35937500000000006 0.8764204545454546 0.35937500000000006 0.8764204545454546 0.3792613636363638 0.9005681818181818 0.3792613636363638
37 0.515625 0.37073863636363635 0.48295454545454547 0.37073863636363635 0.48295454545454547 0.37926136363636365 0.515625 0.37926136363636365
43 0.24289772727272735 0.375 0.22585227272727282 0.375 0.22585227272727282 0.3835227272727273 0.24289772727272735 0.3835227272727273
43 0.215909090909091 0.48863636363636365 0.200284090909091 0.48863636363636365 0.200284090909091 0.49573863636363635 0.215909090909091 0.49573863636363635
5 0.6178977272727273 0.42045454545454547 0.6065340909090909 0.42045454545454547 0.6065340909090909 0.42613636363636365 0.6178977272727273 0.42613636363636365
4 0.5042613636363636 0.3877840909090909 0.4786931818181818 0.3877840909090909 0.4786931818181818 0.40198863636363635 0.5042613636363636 0.40198863636363635
4 0.8181818181818182 0.40625000000000017 0.7982954545454546 0.40625000000000017 0.7982954545454546 0.42045454545454564 0.8181818181818182 0.42045454545454564
5 0.7400568181818182 0.5269886363636366 0.7286931818181818 0.5269886363636366 0.7286931818181818 0.5340909090909093 0.7400568181818182 0.5340909090909093
5 0.5028409090909091 0.5085227272727273 0.48863636363636365 0.5085227272727273 0.48863636363636365 0.5142045454545454 0.5028409090909091 0.5142045454545454
5 0.41051136363636365 0.5014204545454546 0.3963068181818182 0.5014204545454546 0.3963068181818182 0.5099431818181818 0.41051136363636365 0.5099431818181818
56 0.9076704545454546 0.2883522727272728 0.8892045454545454 0.2883522727272728 0.8892045454545454 0.29971590909090917 0.9076704545454546 0.29971590909090917
56 0.42613636363636365 0.27698863636363646 0.4005681818181818 0.27698863636363646 0.4005681818181818 0.2883522727272728 0.42613636363636365 0.2883522727272728
47 0.4375 0.4161931818181818 0.40482954545454547 0.4161931818181818 0.40482954545454547 0.4460227272727273 0.4375 0.4460227272727273
47 0.9090909090909091 0.44318181818181834 0.8693181818181818 0.44318181818181834 0.8693181818181818 0.47727272727272746 0.9090909090909091 0.47727272727272746
19 0.8934659090909091 0.41477272727272746 0.8792613636363636 0.41477272727272746 0.8792613636363636 0.42045454545454564 0.8934659090909091 0.42045454545454564
19 0.8934659090909091 0.38920454545454564 0.8821022727272727 0.38920454545454564 0.8821022727272727 0.3948863636363638 0.8934659090909091 0.3948863636363638
19 0.7642045454545454 0.4417613636363638 0.7457386363636364 0.4417613636363638 0.7457386363636364 0.45028409090909105 0.7642045454545454 0.45028409090909105
19 0.6221590909090909 0.43892045454545453 0.6079545454545454 0.43892045454545453 0.6079545454545454 0.4460227272727273 0.6221590909090909 0.4460227272727273
19 0.6633522727272727 0.42187500000000006 0.6519886363636364 0.421875 0.6519886363636364 0.4275568181818183 0.6633522727272727 0.42755681818181834
19 0.734375 0.3948863636363638 0.7201704545454546 0.3948863636363638 0.7201704545454546 0.400568181818182 0.734375 0.400568181818182
19 0.7329545454545454 0.38352272727272746 0.7215909090909091 0.38352272727272746 0.7215909090909091 0.38778409090909105 0.7329545454545454 0.38778409090909105
19 0.7386363636363636 0.4076704545454547 0.7272727272727273 0.4076704545454547 0.7272727272727273 0.4133522727272729 0.7386363636363636 0.4133522727272729
19 0.671875 0.39204545454545464 0.6576704545454546 0.39204545454545453 0.6576704545454546 0.3977272727272728 0.671875 0.3977272727272729
19 0.6193181818181818 0.38636363636363635 0.6051136363636364 0.38636363636363635 0.6051136363636364 0.39204545454545453 0.6193181818181818 0.39204545454545453
19 0.421875 0.3678977272727273 0.40767045454545453 0.3678977272727273 0.40767045454545453 0.37357954545454547 0.421875 0.37357954545454547
19 0.5426136363636364 0.3821022727272727 0.5326704545454546 0.3821022727272727 0.5326704545454546 0.3877840909090909 0.5426136363636364 0.3877840909090909
19 0.5397727272727273 0.3934659090909091 0.53125 0.3934659090909091 0.53125 0.3991477272727273 0.5397727272727273 0.3991477272727273
19 0.5383522727272727 0.3721590909090909 0.5298295454545454 0.3721590909090909 0.5298295454545454 0.3778409090909091 0.5383522727272727 0.3778409090909091
19 0.5170454545454546 0.4289772727272727 0.5028409090909091 0.4289772727272727 0.5028409090909091 0.43607954545454547 0.5170454545454546 0.43607954545454547
19 0.515625 0.41761363636363635 0.5071022727272727 0.41761363636363635 0.5071022727272727 0.421875 0.515625 0.421875
5 0.4161931818181818 0.3877840909090909 0.40482954545454547 0.3877840909090909 0.40482954545454547 0.3934659090909091 0.4161931818181818 0.3934659090909091
19 0.8991477272727273 0.5397727272727274 0.8877840909090909 0.5397727272727274 0.8877840909090909 0.5468750000000001 0.8991477272727273 0.5468750000000001