37 0.6022727272727273 0.2798295454545455 0.46448863636363635 0.2798295454545455 0.46448863636363635 0.3267045454545455 0.6022727272727273 0.3267045454545455
14 0.7585227272727273 0.35937500000000006 0.6903409090909091 0.35937500000000006 0.6903409090909091 0.478693181818182 0.7585227272727273 0.478693181818182
4 0.4928977272727273 0.5269886363636364 0.4275568181818182 0.5269886363636364 0.4275568181818182 0.6221590909090909 0.4928977272727273 0.6221590909090909
55 0.3380681818181819 0.35937500000000006 0.19460227272727282 0.359375 0.19460227272727282 0.4446022727272727 0.3380681818181819 0.4446022727272727
19 0.2869318181818183 0.5539772727272727 0.24573863636363644 0.5539772727272727 0.24573863636363644 0.5866477272727273 0.2869318181818183 0.5866477272727273
19 0.28551136363636365 0.2911931818181818 0.24431818181818182 0.2911931818181818 0.24431818181818182 0.3224431818181818 0.28551136363636365 0.3224431818181818
19 0.7215909090909091 0.3025568181818183 0.6875 0.3025568181818183 0.6875 0.3267045454545455 0.7215909090909091 0.3267045454545455
19 0.7400568181818182 0.544034090909091 0.6917613636363636 0.544034090909091 0.6917613636363636 0.575284090909091 0.7400568181818182 0.575284090909091
44 0.7173295454545454 0.2286931818181819 0.5326704545454546 0.2286931818181819 0.5326704545454546 0.27414772727272735 0.7173295454545454 0.27414772727272735
44 0.9190340909090909 0.4019886363636365 0.7869318181818182 0.4019886363636365 0.7869318181818182 0.45170454545454564 0.9190340909090909 0.45170454545454564
44 0.18750000000000008 0.3778409090909091 0.07386363636363641 0.3778409090909091 0.07386363636363641 0.4318181818181818 0.18750000000000008 0.4318181818181818
44 0.5397727272727274 0.6107954545454546 0.4375 0.6107954545454546 0.43750000000000006 0.6676136363636364 0.5397727272727274 0.6676136363636364