19 0.6207386363636364 0.515625 0.59375 0.515625 0.59375 0.5482954545454546 0.6207386363636364 0.5482954545454546
19 0.2755681818181819 0.7414772727272727 0.25852272727272735 0.7414772727272727 0.25852272727272735 0.7642045454545454 0.2755681818181819 0.7642045454545454
19 0.4872159090909091 0.2201704545454546 0.47301136363636365 0.2201704545454546 0.47301136363636365 0.24289772727272735 0.4872159090909091 0.24289772727272735
19 0.43750000000000006 0.6434659090909091 0.42045454545454547 0.6434659090909091 0.4204545454545455 0.6619318181818182 0.43750000000000017 0.6619318181818182
19 0.16477272727272732 0.3835227272727273 0.14204545454545459 0.3835227272727273 0.14204545454545459 0.4161931818181818 0.16477272727272732 0.4161931818181818
19 0.34517045454545453 0.28835227272727276 0.31107954545454547 0.2883522727272727 0.31107954545454547 0.32528409090909094 0.34517045454545453 0.325284090909091
19 0.6193181818181818 0.153409090909091 0.6036931818181818 0.153409090909091 0.6036931818181818 0.1732954545454546 0.6193181818181818 0.1732954545454546
44 0.7443181818181818 0.23863636363636373 0.703125 0.23863636363636373 0.703125 0.29261363636363646 0.7443181818181818 0.29261363636363646
19 0.7301136363636364 0.44602272727272746 0.7130681818181818 0.44602272727272746 0.7130681818181818 0.46732954545454564 0.7301136363636364 0.46732954545454564
53 0.247159090909091 0.4588068181818182 0.14204545454545459 0.4588068181818182 0.1420454545454546 0.5809659090909091 0.247159090909091 0.5809659090909091
14 0.5809659090909091 0.3508522727272728 0.5127840909090909 0.3508522727272728 0.5127840909090909 0.46875 0.5809659090909091 0.46875
44 0.5894886363636364 0.3678977272727273 0.5553977272727273 0.3678977272727273 0.5553977272727273 0.40625 0.5894886363636364 0.40625
4 0.7073863636363636 0.26136363636363646 0.6178977272727273 0.26136363636363646 0.6178977272727273 0.34517045454545464 0.7073863636363636 0.34517045454545464
44 0.1349431818181819 0.5340909090909091 0.08522727272727279 0.5340909090909091 0.0852272727272728 0.6107954545454546 0.1349431818181819 0.6107954545454546
44 0.4431818181818182 0.4375 0.40625 0.4375 0.40625 0.48863636363636365 0.4431818181818182 0.48863636363636365
37 0.4190340909090909 0.42045454545454547 0.3579545454545455 0.42045454545454547 0.3579545454545455 0.5411931818181818 0.4190340909090909 0.5411931818181818