44 0.3536931818181819 0.31250000000000006 0.3252840909090909 0.3125 0.32528409090909094 0.3551136363636364 0.3536931818181819 0.35511363636363646
19 0.3892045454545455 0.65625 0.3664772727272727 0.65625 0.3664772727272728 0.6761363636363636 0.38920454545454564 0.6761363636363636
44 0.21732954545454553 0.515625 0.17755681818181826 0.515625 0.17755681818181826 0.5610795454545454 0.21732954545454553 0.5610795454545454
19 0.7357954545454546 0.6619318181818183 0.7215909090909093 0.6619318181818183 0.7215909090909093 0.681818181818182 0.7357954545454546 0.681818181818182
19 0.26136363636363646 0.6519886363636364 0.247159090909091 0.6519886363636364 0.247159090909091 0.6690340909090909 0.26136363636363646 0.6690340909090909
19 0.421875 0.20738636363636373 0.40198863636363635 0.20738636363636373 0.40198863636363635 0.231534090909091 0.421875 0.231534090909091
19 0.41051136363636365 0.40767045454545453 0.390625 0.40767045454545453 0.390625 0.4318181818181818 0.41051136363636365 0.4318181818181818
37 0.6349431818181818 0.17471590909090917 0.5113636363636364 0.17471590909090917 0.5113636363636364 0.2286931818181819 0.6349431818181818 0.2286931818181819
19 0.2571022727272728 0.40625 0.24147727272727282 0.40625 0.24147727272727282 0.42613636363636365 0.2571022727272728 0.42613636363636365
37 0.2571022727272728 0.5014204545454546 0.22301136363636373 0.5014204545454546 0.22301136363636373 0.5980113636363636 0.2571022727272728 0.5980113636363636
19 0.7585227272727273 0.18323863636363644 0.7400568181818182 0.18323863636363644 0.7400568181818182 0.20738636363636373 0.7585227272727273 0.20738636363636373
53 0.7926136363636364 0.3039772727272728 0.6960227272727273 0.3039772727272728 0.6960227272727273 0.4289772727272729 0.7926136363636364 0.4289772727272729
44 0.5909090909090909 0.11505681818181826 0.5511363636363636 0.11505681818181826 0.5511363636363636 0.16761363636363644 0.5909090909090909 0.16761363636363644
44 0.8522727272727273 0.340909090909091 0.8096590909090909 0.340909090909091 0.8096590909090909 0.41193181818181834 0.8522727272727273 0.41193181818181834
4 0.4474431818181818 0.3196022727272728 0.3565340909090909 0.3196022727272728 0.35653409090909094 0.3693181818181818 0.4474431818181818 0.3693181818181818
14 0.4090909090909091 0.48295454545454547 0.35511363636363646 0.48295454545454547 0.35511363636363646 0.6363636363636364 0.4090909090909091 0.6363636363636364
44 0.36079545454545464 0.5383522727272727 0.3352272727272728 0.5383522727272727 0.3352272727272728 0.5724431818181818 0.36079545454545464 0.5724431818181818