19 0.6832386363636364 0.23863636363636373 0.6633522727272727 0.23863636363636373 0.6633522727272727 0.2556818181818183 0.6832386363636364 0.2556818181818183
44 0.5823863636363638 0.6676136363636364 0.5383522727272729 0.6676136363636364 0.5383522727272729 0.6988636363636364 0.5823863636363638 0.6988636363636364
19 0.6633522727272727 0.47727272727272735 0.6434659090909091 0.4772727272727273 0.6434659090909091 0.4914772727272728 0.6633522727272727 0.4914772727272729
19 0.7414772727272727 0.7443181818181818 0.7244318181818183 0.7443181818181818 0.7244318181818183 0.7627840909090909 0.7414772727272727 0.7627840909090909
19 0.7272727272727273 0.8465909090909091 0.7059659090909093 0.8465909090909091 0.7059659090909093 0.8607954545454546 0.7272727272727273 0.8607954545454546
44 0.575284090909091 0.875 0.528409090909091 0.875 0.528409090909091 0.9034090909090909 0.575284090909091 0.9034090909090909
19 0.3196022727272728 0.45170454545454547 0.294034090909091 0.45170454545454547 0.294034090909091 0.4715909090909091 0.3196022727272728 0.4715909090909091
19 0.22727272727272727 0.21448863636363635 0.20880681818181818 0.21448863636363635 0.20880681818181818 0.234375 0.22727272727272727 0.234375
19 0.23295454545454553 0.4460227272727273 0.2045454545454546 0.4460227272727273 0.2045454545454546 0.47017045454545453 0.23295454545454553 0.47017045454545453
19 0.4474431818181818 0.3579545454545455 0.421875 0.3579545454545455 0.421875 0.375 0.4474431818181818 0.375
19 0.765625 0.3821022727272729 0.7443181818181818 0.3821022727272729 0.7443181818181818 0.39630681818181834 0.765625 0.39630681818181834
19 0.5653409090909091 0.47301136363636365 0.5440340909090909 0.47301136363636365 0.5440340909090909 0.4900568181818182 0.5653409090909091 0.4900568181818182
19 0.4133522727272729 0.7201704545454546 0.39062500000000017 0.7201704545454546 0.39062500000000017 0.7372159090909091 0.4133522727272729 0.7372159090909091
19 0.40340909090909105 0.8366477272727273 0.3863636363636365 0.8366477272727273 0.3863636363636365 0.8508522727272727 0.40340909090909105 0.8508522727272727
19 0.421875 0.5653409090909091 0.40198863636363635 0.5653409090909091 0.40198863636363635 0.5823863636363636 0.421875 0.5823863636363636
37 0.5923295454545456 0.8338068181818182 0.512784090909091 0.8338068181818182 0.512784090909091 0.8735795454545454 0.5923295454545456 0.8735795454545454
44 0.4588068181818182 0.12500000000000003 0.40482954545454547 0.12500000000000003 0.40482954545454547 0.16477272727272732 0.4588068181818182 0.16477272727272732
44 0.36079545454545464 0.3678977272727273 0.3267045454545455 0.3678977272727273 0.3267045454545455 0.3963068181818182 0.36079545454545464 0.3963068181818182
53 0.46732954545454547 0.19318181818181826 0.3536931818181818 0.19318181818181826 0.3536931818181818 0.2883522727272728 0.46732954545454547 0.2883522727272728
44 0.5241477272727273 0.5497159090909091 0.484375 0.5497159090909091 0.484375 0.5809659090909091 0.5241477272727273 0.5809659090909091
8 0.515625 0.5056818181818182 0.4502840909090909 0.5056818181818182 0.4502840909090909 0.5596590909090909 0.515625 0.5596590909090909
5 0.6676136363636364 0.3735795454545455 0.6505681818181818 0.37357954545454547 0.6505681818181818 0.387784090909091 0.6676136363636364 0.38778409090909105
44 0.5582386363636364 0.3991477272727273 0.5269886363636364 0.3991477272727273 0.5269886363636364 0.421875 0.5582386363636364 0.421875
8 0.5497159090909091 0.4147727272727273 0.4786931818181818 0.4147727272727273 0.4786931818181818 0.4659090909090909 0.5497159090909091 0.4659090909090909
8 0.4147727272727273 0.3778409090909091 0.3352272727272728 0.3778409090909091 0.3352272727272728 0.44176136363636365 0.4147727272727273 0.44176136363636365
4 0.5852272727272729 0.7045454545454546 0.5383522727272729 0.7045454545454546 0.5383522727272729 0.7784090909090909 0.5852272727272729 0.7784090909090909
44 0.32812500000000006 0.5284090909090909 0.29261363636363646 0.5284090909090909 0.29261363636363646 0.5539772727272727 0.32812500000000006 0.5539772727272727
8 0.39204545454545453 0.4943181818181818 0.32386363636363646 0.4943181818181818 0.32386363636363646 0.5482954545454546 0.39204545454545453 0.5482954545454546