44 0.5085227272727273 0.3039772727272728 0.4786931818181818 0.3039772727272728 0.4786931818181818 0.34517045454545464 0.5085227272727273 0.34517045454545464
19 0.8082386363636364 0.6803977272727274 0.7911931818181818 0.6803977272727274 0.7911931818181818 0.7031250000000001 0.8082386363636364 0.7031250000000001
44 0.8835227272727273 0.5227272727272729 0.8451704545454546 0.5227272727272729 0.8451704545454546 0.5738636363636366 0.8835227272727273 0.5738636363636366
37 0.5539772727272727 0.3664772727272727 0.4403409090909091 0.3664772727272727 0.4403409090909091 0.42329545454545453 0.5539772727272727 0.42329545454545453
4 0.8366477272727273 0.5340909090909093 0.7599431818181818 0.5340909090909093 0.7599431818181818 0.588068181818182 0.8366477272727273 0.588068181818182
19 0.3068181818181819 0.40198863636363635 0.2911931818181819 0.40198863636363635 0.2911931818181819 0.42045454545454547 0.3068181818181819 0.42045454545454547
19 0.3068181818181819 0.6946022727272727 0.2954545454545455 0.6946022727272727 0.2954545454545455 0.7102272727272727 0.3068181818181819 0.7102272727272727
44 0.7471590909090909 0.3196022727272728 0.7116477272727273 0.3196022727272728 0.7116477272727273 0.3579545454545455 0.7471590909090909 0.3579545454545455
14 0.8011363636363636 0.3707386363636365 0.6690340909090909 0.3707386363636365 0.6690340909090909 0.41903409090909105 0.8011363636363636 0.41903409090909105
44 0.24289772727272735 0.5 0.200284090909091 0.5 0.200284090909091 0.5724431818181818 0.24289772727272735 0.5724431818181818
54 0.356534090909091 0.4872159090909091 0.24005681818181826 0.4872159090909091 0.24005681818181826 0.5639204545454546 0.356534090909091 0.5639204545454546