44 0.36221590909090917 0.3522727272727273 0.3167613636363637 0.3522727272727273 0.3167613636363637 0.40625 0.36221590909090917 0.40625
19 0.484375 0.16051136363636367 0.45738636363636365 0.16051136363636367 0.45738636363636365 0.18039772727272732 0.484375 0.18039772727272732
44 0.34232954545454547 0.21306818181818185 0.29829545454545453 0.21306818181818182 0.29829545454545453 0.23863636363636367 0.34232954545454547 0.23863636363636373
19 0.5014204545454547 0.7059659090909091 0.47443181818181834 0.7059659090909091 0.47443181818181834 0.7230113636363636 0.5014204545454547 0.7230113636363636
44 0.3778409090909092 0.9076704545454546 0.3267045454545455 0.9076704545454546 0.3267045454545455 0.9460227272727273 0.3778409090909092 0.9460227272727273
19 0.4872159090909091 0.42045454545454547 0.4616477272727273 0.42045454545454547 0.4616477272727273 0.4375 0.4872159090909091 0.4375
19 0.23579545454545456 0.1704545454545455 0.21306818181818182 0.1704545454545455 0.21306818181818182 0.1903409090909091 0.23579545454545456 0.1903409090909091
44 0.3693181818181818 0.03835227272727277 0.3153409090909091 0.03835227272727277 0.3153409090909091 0.08096590909090913 0.3693181818181818 0.08096590909090913
19 0.24147727272727282 0.41761363636363635 0.21448863636363644 0.41761363636363635 0.21448863636363644 0.4375 0.24147727272727282 0.4375
19 0.49573863636363635 0.6306818181818182 0.4786931818181818 0.6306818181818182 0.4786931818181818 0.6420454545454546 0.49573863636363635 0.6420454545454546
19 0.23863636363636373 0.6164772727272727 0.22301136363636373 0.6164772727272727 0.22301136363636373 0.6278409090909091 0.23863636363636373 0.6278409090909091
43 0.4786931818181818 0.09801136363636367 0.453125 0.09801136363636367 0.453125 0.11931818181818186 0.4786931818181818 0.11931818181818186
44 0.2755681818181819 0.6519886363636364 0.23863636363636373 0.6519886363636364 0.23863636363636373 0.6960227272727273 0.2755681818181819 0.6960227272727273
19 0.24005681818181826 0.7102272727272727 0.22301136363636373 0.7102272727272727 0.22301136363636373 0.7215909090909091 0.24005681818181826 0.7215909090909091
44 0.20312500000000008 0.4914772727272727 0.16193181818181823 0.4914772727272727 0.16193181818181823 0.53125 0.20312500000000008 0.53125
43 0.247159090909091 0.875 0.215909090909091 0.875 0.215909090909091 0.9005681818181818 0.247159090909091 0.9005681818181818
43 0.23863636363636365 0.10511363636363641 0.21306818181818182 0.10511363636363641 0.21306818181818182 0.12500000000000003 0.23863636363636365 0.12500000000000003
43 0.49857954545454564 0.8849431818181818 0.4701704545454547 0.8849431818181818 0.4701704545454547 0.90625 0.49857954545454564 0.90625
46 0.40625000000000006 0.6079545454545454 0.2755681818181819 0.6079545454545454 0.2755681818181819 0.7357954545454546 0.40625000000000017 0.7357954545454546
44 0.20880681818181826 0.765625 0.17613636363636373 0.765625 0.17613636363636373 0.7883522727272727 0.20880681818181826 0.7883522727272727
8 0.35511363636363646 0.40482954545454547 0.3039772727272728 0.40482954545454547 0.3039772727272728 0.45170454545454547 0.35511363636363646 0.45170454545454547
4 0.33948863636363635 0.15909090909090914 0.2911931818181818 0.15909090909090914 0.2911931818181818 0.20312500000000003 0.33948863636363635 0.20312500000000008
14 0.2301136363636364 0.24289772727272727 0.17471590909090914 0.24289772727272727 0.17471590909090914 0.34232954545454547 0.23011363636363644 0.34232954545454547
42 0.23863636363636373 0.7556818181818182 0.20880681818181826 0.7556818181818182 0.20880681818181826 0.7926136363636364 0.23863636363636373 0.7926136363636364
8 0.25142045454545464 0.4943181818181818 0.200284090909091 0.4943181818181818 0.200284090909091 0.5369318181818182 0.25142045454545464 0.5369318181818182
44 0.17755681818181823 0.2883522727272727 0.14914772727272732 0.2883522727272727 0.14914772727272732 0.3053977272727273 0.17755681818181823 0.3053977272727273
14 0.40340909090909105 0.6889204545454546 0.278409090909091 0.6889204545454546 0.278409090909091 0.7315340909090909 0.40340909090909105 0.7315340909090909
14 0.390625 0.6122159090909091 0.2855113636363637 0.6122159090909091 0.2855113636363637 0.6576704545454546 0.390625 0.6576704545454546
21 0.4019886363636365 0.6619318181818182 0.2798295454545455 0.6619318181818182 0.2798295454545455 0.6803977272727273 0.4019886363636365 0.6803977272727273