44 0.35511363636363646 0.8792613636363636 0.12215909090909104 0.8792613636363636 0.12215909090909104 0.9346590909090909 0.35511363636363646 0.9346590909090909
44 0.4758522727272728 0.6491477272727273 0.4588068181818182 0.6491477272727273 0.4588068181818183 0.6775568181818182 0.4758522727272729 0.6775568181818182
44 0.5838068181818182 0.6434659090909091 0.5653409090909091 0.6434659090909091 0.5653409090909092 0.6775568181818182 0.5838068181818183 0.6775568181818182
44 0.5582386363636364 0.26846590909090917 0.4474431818181818 0.26846590909090917 0.4474431818181818 0.33096590909090917 0.5582386363636364 0.33096590909090917
44 0.9644886363636364 0.2883522727272728 0.9005681818181818 0.2883522727272728 0.9005681818181818 0.34517045454545464 0.9644886363636364 0.34517045454545464
44 0.5553977272727273 0.2045454545454546 0.40198863636363635 0.2045454545454546 0.40198863636363635 0.2698863636363637 0.5553977272727273 0.2698863636363637
44 0.26846590909090917 0.4119318181818182 0.16335227272727276 0.4119318181818182 0.16335227272727276 0.4744318181818182 0.26846590909090917 0.4744318181818182
19 0.6590909090909091 0.18750000000000008 0.6392045454545454 0.18750000000000008 0.6392045454545454 0.21732954545454553 0.6590909090909091 0.21732954545454553
19 0.16193181818181826 0.5014204545454546 0.13920454545454553 0.5014204545454546 0.13920454545454553 0.5298295454545454 0.16193181818181826 0.5298295454545454
19 0.38636363636363635 0.15909090909090914 0.36363636363636365 0.15909090909090914 0.36363636363636365 0.19602272727272735 0.38636363636363635 0.19602272727272735
44 0.484375 0.44886363636363635 0.40198863636363635 0.44886363636363635 0.40198863636363635 0.5028409090909091 0.484375 0.5028409090909091
19 0.7059659090909091 0.46590909090909105 0.6860795454545454 0.46590909090909105 0.6860795454545454 0.49289772727272746 0.7059659090909091 0.49289772727272746
19 0.5965909090909091 0.45170454545454547 0.5710227272727273 0.45170454545454547 0.5710227272727273 0.48295454545454547 0.5965909090909091 0.48295454545454547
19 0.6065340909090909 0.17897727272727282 0.578125 0.17897727272727282 0.578125 0.23011363636363644 0.6065340909090909 0.23011363636363644
19 0.8920454545454546 0.4758522727272729 0.8664772727272727 0.4758522727272729 0.8664772727272727 0.5085227272727274 0.8920454545454546 0.5085227272727274
44 0.6335227272727274 0.6420454545454546 0.6164772727272727 0.6420454545454546 0.6164772727272728 0.6732954545454546 0.6335227272727274 0.6732954545454546
44 0.5227272727272728 0.6548295454545454 0.5085227272727273 0.6548295454545454 0.5085227272727274 0.6832386363636364 0.5227272727272729 0.6832386363636364
19 0.3650568181818182 0.3963068181818182 0.3508522727272728 0.3963068181818182 0.3508522727272728 0.4133522727272727 0.3650568181818182 0.4133522727272727
44 0.5298295454545454 0.5539772727272727 0.5099431818181818 0.5539772727272727 0.5099431818181818 0.5866477272727273 0.5298295454545454 0.5866477272727273
19 0.375 0.278409090909091 0.36363636363636365 0.278409090909091 0.36363636363636365 0.29261363636363646 0.375 0.29261363636363646
44 0.4488636363636365 0.6832386363636364 0.28409090909090917 0.6832386363636364 0.28409090909090917 0.7485795454545454 0.4488636363636365 0.7485795454545454
44 0.5894886363636364 0.5553977272727273 0.5667613636363636 0.5553977272727273 0.5667613636363636 0.5894886363636364 0.5894886363636364 0.5894886363636364
19 0.1335227272727274 0.8480113636363636 0.10937500000000012 0.8480113636363636 0.10937500000000012 0.8792613636363636 0.1335227272727274 0.8792613636363636
19 0.3693181818181818 0.3167613636363637 0.359375 0.3167613636363637 0.35937500000000006 0.33096590909090917 0.3693181818181818 0.33096590909090917
19 0.1747159090909091 0.14772727272727273 0.16051136363636365 0.14772727272727273 0.16051136363636365 0.1647727272727273 0.1747159090909091 0.16477272727272732
19 0.8721590909090909 0.8863636363636364 0.859375 0.8863636363636364 0.859375 0.90625 0.8721590909090909 0.90625
19 0.5340909090909091 0.40625 0.5184659090909091 0.40625 0.5184659090909091 0.4289772727272727 0.5340909090909091 0.4289772727272727
19 0.6860795454545456 0.7215909090909093 0.6761363636363638 0.7215909090909093 0.6761363636363638 0.7357954545454546 0.6860795454545456 0.7357954545454546
19 0.5142045454545456 0.7159090909090909 0.5056818181818183 0.7159090909090909 0.5056818181818183 0.7272727272727273 0.5142045454545456 0.7272727272727273
44 0.4758522727272727 0.5610795454545454 0.4602272727272727 0.5610795454545454 0.4602272727272727 0.5894886363636364 0.4758522727272727 0.5894886363636364
37 0.609375 0.28267045454545464 0.5667613636363636 0.28267045454545464 0.5667613636363636 0.39204545454545453 0.609375 0.39204545454545453
19 0.622159090909091 0.9517045454545454 0.6051136363636366 0.9517045454545454 0.6051136363636366 0.9772727272727273 0.622159090909091 0.9772727272727273
19 0.5738636363636366 0.8622159090909091 0.5511363636363638 0.8622159090909091 0.5511363636363638 0.8934659090909091 0.5738636363636366 0.8934659090909091
16 0.6548295454545455 0.5440340909090909 0.43607954545454547 0.5440340909090909 0.4360795454545455 0.6931818181818182 0.6548295454545456 0.6931818181818182
19 0.8977272727272727 0.200284090909091 0.8863636363636364 0.200284090909091 0.8863636363636364 0.21448863636363644 0.8977272727272727 0.21448863636363644
5 0.6420454545454547 0.6974431818181818 0.6178977272727274 0.6974431818181818 0.6178977272727274 0.7571022727272727 0.6420454545454547 0.7571022727272727
5 0.6420454545454547 0.8380681818181818 0.6022727272727274 0.8380681818181818 0.6022727272727274 0.9204545454545454 0.6420454545454547 0.9204545454545454
4 0.4786931818181818 0.3693181818181818 0.4318181818181818 0.3693181818181818 0.4318181818181818 0.45170454545454547 0.4786931818181818 0.45170454545454547
44 0.5213068181818182 0.1818181818181819 0.4375 0.1818181818181819 0.4375 0.215909090909091 0.5213068181818182 0.215909090909091
19 0.1150568181818183 0.9517045454545454 0.10511363636363648 0.9517045454545454 0.10511363636363648 0.9659090909090909 0.1150568181818183 0.9659090909090909
5 0.6491477272727273 0.44886363636363635 0.6207386363636364 0.44886363636363635 0.6207386363636364 0.5028409090909091 0.6491477272727273 0.5028409090909091
44 0.6363636363636364 0.5539772727272727 0.6193181818181818 0.5539772727272727 0.6193181818181818 0.5795454545454546 0.6363636363636364 0.5795454545454546
43 0.4715909090909092 0.7002840909090909 0.4545454545454547 0.7002840909090909 0.4545454545454547 0.7272727272727273 0.4715909090909092 0.7272727272727273
37 0.33664772727272735 0.8338068181818182 0.2571022727272728 0.8338068181818182 0.2571022727272728 0.8934659090909091 0.33664772727272735 0.8934659090909091
5 0.5838068181818183 0.7045454545454546 0.5639204545454547 0.7045454545454546 0.5639204545454547 0.7556818181818182 0.5838068181818183 0.7556818181818182
39 0.9275568181818182 0.5795454545454547 0.78125 0.5795454545454547 0.78125 0.7840909090909091 0.9275568181818182 0.7840909090909091
4 0.90625 0.29971590909090917 0.8693181818181818 0.29971590909090917 0.8693181818181818 0.3423295454545455 0.90625 0.3423295454545455
41 0.34943181818181823 0.21022727272727276 0.23579545454545456 0.21022727272727273 0.23579545454545459 0.42045454545454547 0.3494318181818183 0.42045454545454547
54 0.21590909090909094 0.31676136363636365 0.0923295454545455 0.31676136363636365 0.0923295454545455 0.42045454545454547 0.215909090909091 0.42045454545454547
19 0.47301136363636365 0.5198863636363636 0.4616477272727273 0.5198863636363636 0.4616477272727273 0.5355113636363636 0.47301136363636365 0.5355113636363636