44 0.669034090909091 0.7272727272727273 0.5071022727272729 0.7272727272727273 0.5071022727272729 0.7982954545454546 0.669034090909091 0.7982954545454546
19 0.7102272727272729 0.7954545454545454 0.6875000000000001 0.7954545454545454 0.6875000000000001 0.8309659090909091 0.7102272727272729 0.8309659090909091
44 0.875 0.5071022727272729 0.7826704545454546 0.5071022727272729 0.7826704545454546 0.5539772727272729 0.875 0.5539772727272729
44 0.4758522727272727 0.4190340909090909 0.45170454545454547 0.4190340909090909 0.45170454545454547 0.4559659090909091 0.4758522727272727 0.4559659090909091
19 0.4261363636363638 0.8125 0.4019886363636365 0.8125 0.4019886363636365 0.8465909090909091 0.4261363636363638 0.8465909090909091
19 0.3536931818181819 0.5284090909090909 0.32954545454545464 0.5284090909090909 0.32954545454545464 0.5596590909090909 0.3536931818181819 0.5596590909090909
44 0.1164772727272728 0.7173295454545454 0.051136363636363716 0.7173295454545454 0.05113636363636373 0.7798295454545454 0.1164772727272728 0.7798295454545454
44 0.578125 0.32386363636363646 0.5625 0.32386363636363646 0.5625 0.3536931818181819 0.578125 0.3536931818181819
19 0.4786931818181818 0.5284090909090909 0.45454545454545453 0.5284090909090909 0.45454545454545453 0.5625 0.4786931818181818 0.5625
19 0.4744318181818182 0.1178977272727273 0.44886363636363635 0.1178977272727273 0.44886363636363635 0.1519886363636364 0.4744318181818182 0.1519886363636364
44 0.4161931818181818 0.33664772727272735 0.4005681818181818 0.33664772727272735 0.4005681818181818 0.37073863636363635 0.4161931818181818 0.37073863636363635
44 0.8764204545454546 0.08096590909090919 0.6661931818181818 0.08096590909090917 0.6661931818181818 0.12215909090909101 0.8764204545454546 0.12215909090909104
44 0.6491477272727273 0.4971590909090909 0.5681818181818182 0.4971590909090909 0.5681818181818182 0.5454545454545454 0.6491477272727273 0.5454545454545454
19 0.8934659090909091 0.4446022727272729 0.8707386363636364 0.4446022727272729 0.8707386363636364 0.4701704545454547 0.8934659090909091 0.4701704545454547
44 0.634943181818182 0.7911931818181818 0.5497159090909093 0.7911931818181818 0.5497159090909093 0.8238636363636364 0.634943181818182 0.8238636363636364
19 0.41761363636363635 0.03551136363636369 0.3934659090909091 0.03551136363636369 0.3934659090909091 0.0639204545454546 0.41761363636363635 0.0639204545454546
44 0.5355113636363636 0.4161931818181818 0.5142045454545454 0.4161931818181818 0.5142045454545454 0.453125 0.5355113636363636 0.453125
44 0.47017045454545453 0.3323863636363637 0.45170454545454547 0.3323863636363637 0.45170454545454547 0.36363636363636365 0.47017045454545453 0.36363636363636365
19 0.7045454545454546 0.5767045454545456 0.6917613636363636 0.5767045454545456 0.6917613636363636 0.5923295454545456 0.7045454545454546 0.5923295454545456
19 0.49005681818181834 0.7911931818181818 0.4573863636363638 0.7911931818181818 0.4573863636363638 0.8494318181818182 0.49005681818181834 0.8494318181818182
19 0.1505681818181819 0.53125 0.12357954545454554 0.53125 0.12357954545454554 0.5681818181818182 0.1505681818181819 0.5681818181818182
19 0.9019886363636364 0.7926136363636364 0.890625 0.7926136363636364 0.890625 0.8096590909090909 0.9019886363636364 0.8096590909090909
19 0.14772727272727285 0.8508522727272727 0.13068181818181832 0.8508522727272727 0.13068181818181832 0.8735795454545454 0.14772727272727285 0.8735795454545454
19 0.3508522727272727 0.278409090909091 0.33948863636363635 0.278409090909091 0.33948863636363635 0.2954545454545455 0.3508522727272727 0.2954545454545455
44 0.7457386363636364 0.25142045454545464 0.5838068181818182 0.25142045454545464 0.5838068181818182 0.3110795454545455 0.7457386363636364 0.3110795454545455
44 0.5298295454545454 0.3224431818181819 0.5170454545454546 0.3224431818181819 0.5170454545454546 0.3494318181818183 0.5298295454545454 0.3494318181818183
19 0.5284090909090909 0.278409090909091 0.5198863636363636 0.278409090909091 0.5198863636363636 0.2911931818181819 0.5284090909090909 0.2911931818181819
37 0.49289772727272735 0.6235795454545454 0.4460227272727273 0.6235795454545454 0.44602272727272735 0.7357954545454546 0.49289772727272746 0.7357954545454546
19 0.8892045454545454 0.1250000000000001 0.8650568181818182 0.1250000000000001 0.8650568181818182 0.15340909090909102 0.8892045454545454 0.15340909090909102
19 0.7017045454545456 0.697443181818182 0.6903409090909093 0.697443181818182 0.6903409090909093 0.7116477272727274 0.7017045454545456 0.7116477272727274
19 0.5355113636363636 0.5809659090909091 0.5227272727272727 0.5809659090909091 0.5227272727272727 0.5994318181818182 0.5355113636363636 0.5994318181818182
44 0.6264204545454547 0.6747159090909091 0.5028409090909093 0.6747159090909091 0.5028409090909093 0.75 0.6264204545454547 0.75
19 0.13920454545454544 0.11221590909090909 0.12357954545454546 0.11221590909090909 0.12357954545454546 0.13636363636363635 0.13920454545454544 0.13636363636363635
19 0.7017045454545455 0.6576704545454547 0.6931818181818182 0.6576704545454547 0.6931818181818182 0.6718750000000001 0.7017045454545456 0.6718750000000001
5 0.42329545454545453 0.5142045454545454 0.39204545454545453 0.5142045454545454 0.39204545454545453 0.5710227272727273 0.42329545454545453 0.5710227272727273
16 0.6022727272727273 0.30823863636363646 0.37642045454545453 0.30823863636363646 0.37642045454545453 0.47017045454545453 0.6022727272727273 0.47017045454545453
5 0.42045454545454547 0.09517045454545459 0.3778409090909091 0.09517045454545459 0.3778409090909091 0.17471590909090914 0.42045454545454547 0.17471590909090914
37 0.7599431818181818 0.11505681818181826 0.6818181818181818 0.11505681818181826 0.6818181818181818 0.17045454545454553 0.7599431818181818 0.17045454545454553
44 0.5852272727272727 0.4119318181818182 0.5696022727272727 0.4119318181818182 0.5696022727272727 0.43892045454545453 0.5852272727272727 0.43892045454545453
4 0.6278409090909091 0.5440340909090909 0.5752840909090909 0.5440340909090909 0.5752840909090909 0.6335227272727273 0.6278409090909091 0.6335227272727273
44 0.4190340909090909 0.43607954545454547 0.3991477272727273 0.43607954545454547 0.3991477272727273 0.4588068181818182 0.4190340909090909 0.4588068181818182
43 0.5795454545454546 0.27414772727272735 0.5610795454545454 0.27414772727272735 0.5610795454545454 0.3025568181818183 0.5795454545454546 0.3025568181818183
19 0.8877840909090909 0.046875000000000104 0.8764204545454546 0.046875000000000104 0.8764204545454546 0.0625000000000001 0.8877840909090909 0.0625000000000001
5 0.4190340909090909 0.2542613636363637 0.38636363636363635 0.2542613636363637 0.38636363636363635 0.3110795454545455 0.4190340909090909 0.3110795454545455
5 0.46875 0.2556818181818183 0.4460227272727273 0.2556818181818183 0.4460227272727273 0.3025568181818183 0.46875 0.3025568181818183
4 0.1576704545454546 0.7159090909090909 0.1164772727272728 0.7159090909090909 0.1164772727272728 0.7585227272727273 0.1576704545454546 0.7585227272727273
39 0.23579545454545459 0.23863636363636365 0.07670454545454547 0.23863636363636365 0.0767045454545455 0.4588068181818182 0.2357954545454546 0.4588068181818182
54 0.9460227272727273 0.541193181818182 0.8295454545454546 0.541193181818182 0.8295454545454546 0.653409090909091 0.9460227272727273 0.653409090909091
41 0.8196022727272727 0.556818181818182 0.7144886363636364 0.556818181818182 0.7144886363636365 0.7613636363636364 0.8196022727272727 0.7613636363636364
19 0.5866477272727273 0.46732954545454547 0.5752840909090909 0.46732954545454547 0.5752840909090909 0.48011363636363635 0.5866477272727273 0.48011363636363635