44 0.5085227272727273 0.2130681818181819 0.43607954545454547 0.2130681818181819 0.43607954545454547 0.262784090909091 0.5085227272727273 0.262784090909091
44 0.9048295454545454 0.4090909090909092 0.8210227272727273 0.4090909090909092 0.8210227272727273 0.4715909090909092 0.9048295454545454 0.4715909090909092
44 0.6960227272727273 0.15625000000000008 0.6363636363636364 0.15625000000000008 0.6363636363636364 0.21164772727272735 0.6960227272727273 0.21164772727272735
44 0.8892045454545454 0.20738636363636373 0.8309659090909091 0.20738636363636373 0.8309659090909091 0.25142045454545464 0.8892045454545454 0.25142045454545464
44 0.8764204545454546 0.1661931818181819 0.8068181818181818 0.1661931818181819 0.8068181818181818 0.20170454545454553 0.8764204545454546 0.20170454545454553
44 0.7045454545454546 0.21448863636363644 0.6278409090909091 0.21448863636363644 0.6278409090909091 0.26562500000000006 0.7045454545454546 0.26562500000000006
44 0.3494318181818183 0.40767045454545453 0.25142045454545464 0.40767045454545453 0.25142045454545464 0.46875 0.3494318181818183 0.46875
44 0.7301136363636364 0.40625000000000006 0.6519886363636364 0.40625 0.6519886363636364 0.4758522727272728 0.7301136363636364 0.4758522727272729
44 0.5 0.16761363636363644 0.4303977272727273 0.1676136363636364 0.4303977272727273 0.215909090909091 0.5 0.215909090909091
44 0.5411931818181818 0.4119318181818182 0.4616477272727273 0.4119318181818182 0.4616477272727273 0.4715909090909091 0.5411931818181818 0.4715909090909091
44 0.3536931818181818 0.13778409090909094 0.30823863636363635 0.13778409090909094 0.30823863636363635 0.18892045454545459 0.3536931818181818 0.1889204545454546
44 0.2159090909090909 0.04545454545454546 0.06392045454545454 0.045454545454545456 0.06392045454545456 0.1463068181818182 0.2159090909090909 0.14630681818181823
19 0.9303977272727273 0.590909090909091 0.9090909090909091 0.590909090909091 0.9090909090909091 0.6235795454545456 0.9303977272727273 0.6235795454545456
19 0.5681818181818182 0.609375 0.5440340909090909 0.609375 0.5440340909090909 0.6392045454545454 0.5681818181818182 0.6392045454545454
19 0.3877840909090909 0.5980113636363636 0.36079545454545464 0.5980113636363636 0.36079545454545464 0.6463068181818182 0.3877840909090909 0.6463068181818182
44 0.31107954545454547 0.15909090909090914 0.24147727272727273 0.15909090909090914 0.24147727272727273 0.21306818181818182 0.31107954545454547 0.21306818181818182
19 0.5383522727272727 0.10937500000000008 0.5255681818181818 0.10937500000000008 0.5255681818181818 0.12500000000000008 0.5383522727272727 0.12500000000000008
19 0.7386363636363636 0.12073863636363645 0.7272727272727273 0.12073863636363645 0.7272727272727273 0.1349431818181819 0.7386363636363636 0.1349431818181819
19 0.7514204545454546 0.6008522727272729 0.7286931818181818 0.6008522727272729 0.7286931818181818 0.6321022727272729 0.7514204545454546 0.6321022727272729
37 0.3963068181818182 0.340909090909091 0.36079545454545464 0.340909090909091 0.36079545454545464 0.5042613636363636 0.3963068181818182 0.5042613636363636
19 0.921875 0.12073863636363648 0.9105113636363636 0.12073863636363648 0.9105113636363636 0.1335227272727274 0.921875 0.1335227272727274
19 0.3650568181818182 0.11079545454545459 0.3536931818181818 0.11079545454545459 0.3536931818181818 0.12642045454545459 0.3650568181818182 0.12642045454545459
8 0.75 0.22585227272727282 0.7130681818181818 0.22585227272727282 0.7130681818181818 0.2798295454545455 0.75 0.2798295454545455
8 0.5653409090909091 0.2599431818181819 0.5142045454545454 0.2599431818181819 0.5142045454545454 0.30823863636363646 0.5653409090909091 0.30823863636363646
8 0.3934659090909091 0.18181818181818185 0.32386363636363635 0.18181818181818182 0.32386363636363635 0.24431818181818185 0.3934659090909091 0.2443181818181819
37 0.9545454545454546 0.3224431818181819 0.9147727272727273 0.3224431818181819 0.9147727272727273 0.5426136363636366 0.9545454545454546 0.5426136363636366
37 0.5852272727272727 0.36079545454545464 0.5340909090909091 0.36079545454545464 0.5340909090909091 0.5539772727272727 0.5852272727272727 0.5539772727272727
8 0.39204545454545453 0.25142045454545464 0.3366477272727273 0.25142045454545464 0.3366477272727273 0.31250000000000006 0.39204545454545453 0.31250000000000006
8 0.7528409090909091 0.1732954545454546 0.7130681818181818 0.1732954545454546 0.7130681818181818 0.215909090909091 0.7528409090909091 0.215909090909091
37 0.765625 0.3323863636363637 0.7272727272727273 0.3323863636363637 0.7272727272727273 0.5426136363636366 0.765625 0.5426136363636366
42 0.19460227272727282 0.6264204545454546 0.1349431818181819 0.6264204545454546 0.1349431818181819 0.6903409090909091 0.19460227272727282 0.6903409090909091
8 0.9474431818181818 0.1676136363636365 0.8920454545454546 0.1676136363636365 0.8920454545454546 0.23863636363636373 0.9474431818181818 0.23863636363636373
13 0.11505681818181826 0.5795454545454546 0.07244318181818189 0.5795454545454546 0.07244318181818189 0.6960227272727273 0.11505681818181826 0.6960227272727273
8 0.5568181818181818 0.17755681818181826 0.5099431818181818 0.17755681818181826 0.5099431818181818 0.247159090909091 0.5568181818181818 0.247159090909091
43 0.2215909090909091 0.11647727272727276 0.19886363636363635 0.11647727272727276 0.19886363636363635 0.1363636363636364 0.2215909090909091 0.1363636363636364