44 0.9034090909090909 0.528409090909091 0.8252840909090909 0.528409090909091 0.8252840909090909 0.5923295454545456 0.9034090909090909 0.5923295454545456
44 0.7017045454545454 0.26846590909090917 0.6264204545454546 0.26846590909090917 0.6264204545454546 0.32386363636363646 0.7017045454545454 0.32386363636363646
44 0.20170454545454544 0.05255681818181819 0.05823863636363636 0.052556818181818184 0.058238636363636374 0.14346590909090912 0.20170454545454544 0.14346590909090914
44 0.6974431818181818 0.23295454545454553 0.625 0.23295454545454553 0.625 0.28409090909090917 0.6974431818181818 0.28409090909090917
19 0.5823863636363638 0.7542613636363636 0.5653409090909093 0.7542613636363636 0.5653409090909093 0.7755681818181818 0.5823863636363638 0.7755681818181818
44 0.5653409090909091 0.5085227272727273 0.48295454545454547 0.5085227272727273 0.48295454545454547 0.5681818181818182 0.5653409090909091 0.5681818181818182
44 0.3579545454545455 0.5184659090909091 0.25284090909090917 0.5184659090909091 0.25284090909090917 0.5767045454545454 0.3579545454545455 0.5767045454545454
44 0.34232954545454547 0.2301136363636364 0.21732954545454544 0.23011363636363635 0.21732954545454544 0.29545454545454547 0.34232954545454547 0.2954545454545455
44 0.8622159090909091 0.2443181818181819 0.7954545454545454 0.2443181818181819 0.7954545454545454 0.2855113636363637 0.8622159090909091 0.2855113636363637
19 0.38778409090909105 0.7485795454545454 0.36505681818181834 0.7485795454545454 0.36505681818181834 0.7826704545454546 0.38778409090909105 0.7826704545454546
19 0.7556818181818182 0.7286931818181818 0.7301136363636364 0.7286931818181818 0.7301136363636364 0.7599431818181818 0.7556818181818182 0.7599431818181818
44 0.7386363636363636 0.5255681818181819 0.65625 0.5255681818181818 0.65625 0.5809659090909092 0.7386363636363636 0.5809659090909093
44 0.49573863636363635 0.2357954545454546 0.42329545454545453 0.2357954545454546 0.42329545454545453 0.2713068181818183 0.49573863636363635 0.2713068181818183
44 0.875 0.28267045454545464 0.7911931818181818 0.28267045454545464 0.7911931818181818 0.32812500000000006 0.875 0.32812500000000006
19 0.9261363636363636 0.6960227272727274 0.9005681818181818 0.6960227272727274 0.9005681818181818 0.734375 0.9261363636363636 0.734375
19 0.5752840909090909 0.15482954545454553 0.5610795454545454 0.15482954545454553 0.5610795454545454 0.17045454545454553 0.5752840909090909 0.17045454545454553
19 0.9204545454545454 0.1590909090909092 0.90625 0.1590909090909092 0.90625 0.17613636363636376 0.9204545454545454 0.17613636363636376
19 0.7443181818181818 0.15909090909090917 0.7315340909090909 0.15909090909090917 0.7315340909090909 0.17613636363636373 0.7443181818181818 0.17613636363636373
19 0.375 0.14914772727272732 0.36079545454545453 0.14914772727272732 0.36079545454545453 0.1676136363636364 0.375 0.1676136363636364
43 0.21732954545454544 0.15056818181818185 0.19602272727272727 0.15056818181818185 0.19602272727272727 0.17613636363636367 0.21732954545454544 0.17613636363636367
37 0.4090909090909091 0.4190340909090909 0.36363636363636365 0.4190340909090909 0.36363636363636365 0.6164772727272727 0.4090909090909091 0.6164772727272727
8 0.5994318181818182 0.3224431818181819 0.5440340909090909 0.3224431818181819 0.5440340909090909 0.37357954545454547 0.5994318181818182 0.37357954545454547
44 0.5340909090909091 0.2599431818181819 0.4474431818181818 0.2599431818181819 0.4474431818181818 0.309659090909091 0.5340909090909091 0.309659090909091
8 0.7741477272727273 0.31392045454545464 0.7102272727272727 0.31392045454545464 0.7102272727272727 0.37357954545454564 0.7741477272727273 0.37357954545454564
37 0.7684659090909091 0.3934659090909092 0.7414772727272727 0.3934659090909092 0.7414772727272727 0.619318181818182 0.7684659090909091 0.619318181818182
37 0.9389204545454546 0.3821022727272729 0.9034090909090909 0.3821022727272729 0.9034090909090909 0.6022727272727274 0.9389204545454546 0.6022727272727274
8 0.9417613636363636 0.24573863636363644 0.875 0.24573863636363644 0.875 0.3068181818181819 0.9417613636363636 0.3068181818181819
37 0.5994318181818182 0.4005681818181818 0.5653409090909091 0.4005681818181818 0.5653409090909091 0.6321022727272727 0.5994318181818182 0.6321022727272727
42 0.262784090909091 0.7670454545454546 0.19886363636363644 0.7670454545454546 0.19886363636363644 0.8267045454545454 0.262784090909091 0.8267045454545454
13 0.17187500000000008 0.734375 0.1420454545454546 0.734375 0.1420454545454546 0.8082386363636364 0.17187500000000008 0.8082386363636364
8 0.3977272727272727 0.32954545454545464 0.3409090909090909 0.32954545454545464 0.34090909090909094 0.37926136363636365 0.3977272727272727 0.37926136363636365
8 0.4005681818181818 0.2542613636363637 0.3366477272727273 0.2542613636363637 0.3366477272727273 0.3181818181818183 0.4005681818181818 0.3181818181818183
8 0.6022727272727273 0.25000000000000006 0.5340909090909091 0.25000000000000006 0.5340909090909091 0.309659090909091 0.6022727272727273 0.309659090909091
8 0.7755681818181818 0.24005681818181826 0.7017045454545454 0.24005681818181826 0.7017045454545454 0.3068181818181819 0.7755681818181818 0.3068181818181819