55 0.09659090909090913 0.4034090909090909 0.05397727272727277 0.4034090909090909 0.053977272727272776 0.4630681818181818 0.09659090909090913 0.4630681818181818
37 0.16903409090909094 0.36363636363636365 0.15056818181818185 0.36363636363636365 0.15056818181818185 0.40625 0.16903409090909094 0.40625
37 0.22301136363636373 0.4090909090909091 0.184659090909091 0.4090909090909091 0.184659090909091 0.43323863636363635 0.22301136363636373 0.43323863636363635
37 0.26136363636363646 0.4502840909090909 0.24289772727272735 0.4502840909090909 0.24289772727272735 0.4928977272727273 0.26136363636363646 0.4928977272727273
37 0.3877840909090909 0.3508522727272728 0.34659090909090917 0.3508522727272728 0.34659090909090917 0.375 0.3877840909090909 0.375
37 0.6860795454545454 0.37073863636363646 0.6590909090909091 0.37073863636363635 0.6590909090909091 0.39346590909090917 0.6860795454545454 0.3934659090909092
37 0.8352272727272727 0.34517045454545464 0.8153409090909091 0.34517045454545464 0.8153409090909091 0.3764204545454547 0.8352272727272727 0.3764204545454547
37 0.9247159090909091 0.4559659090909092 0.9019886363636364 0.4559659090909092 0.9019886363636364 0.5042613636363638 0.9247159090909091 0.5042613636363638
37 0.8153409090909091 0.43750000000000017 0.7798295454545454 0.43750000000000017 0.7798295454545454 0.4602272727272729 0.8153409090909091 0.4602272727272729
47 0.32812500000000006 0.3806818181818182 0.2798295454545455 0.3806818181818182 0.2798295454545455 0.4715909090909091 0.32812500000000006 0.4715909090909091
47 0.43323863636363635 0.33664772727272735 0.40482954545454547 0.33664772727272735 0.40482954545454547 0.3934659090909091 0.43323863636363635 0.3934659090909091
47 0.4375 0.45454545454545453 0.40482954545454547 0.45454545454545453 0.40482954545454547 0.5255681818181818 0.4375 0.5255681818181818
47 0.6349431818181818 0.34659090909090917 0.5951704545454546 0.34659090909090917 0.5951704545454546 0.41761363636363635 0.6349431818181818 0.41761363636363635
47 0.6278409090909091 0.45170454545454547 0.5980113636363636 0.45170454545454547 0.5980113636363636 0.5113636363636364 0.6278409090909091 0.5113636363636364
47 0.7571022727272727 0.41477272727272746 0.7244318181818182 0.41477272727272746 0.7244318181818182 0.4886363636363638 0.7571022727272727 0.4886363636363638
9 0.28977272727272735 0.5340909090909091 0.24147727272727282 0.5340909090909091 0.24147727272727282 0.578125 0.28977272727272735 0.578125
9 0.9474431818181818 0.5198863636363638 0.9019886363636364 0.5198863636363638 0.9019886363636364 0.5525568181818183 0.9474431818181818 0.5525568181818183
8 0.5539772727272727 0.3678977272727273 0.5284090909090909 0.3678977272727273 0.5284090909090909 0.40198863636363635 0.5539772727272727 0.40198863636363635
8 0.5568181818181818 0.47301136363636365 0.5284090909090909 0.47301136363636365 0.5284090909090909 0.5056818181818182 0.5568181818181818 0.5056818181818182
8 0.48011363636363635 0.40482954545454547 0.45454545454545453 0.40482954545454547 0.45454545454545453 0.4303977272727273 0.48011363636363635 0.4303977272727273
8 0.484375 0.4928977272727273 0.4559659090909091 0.4928977272727273 0.4559659090909091 0.5198863636363636 0.484375 0.5198863636363636
42 0.8636363636363636 0.494318181818182 0.8338068181818182 0.494318181818182 0.8338068181818182 0.5497159090909093 0.8636363636363636 0.5497159090909093
42 0.19176136363636373 0.4928977272727273 0.15625000000000003 0.4928977272727273 0.15625000000000006 0.5454545454545454 0.19176136363636373 0.5454545454545454
19 0.9303977272727273 0.6107954545454547 0.9176136363636364 0.6107954545454547 0.9176136363636364 0.6292613636363638 0.9303977272727273 0.6292613636363638
19 0.8522727272727273 0.6093750000000001 0.8394886363636364 0.6093750000000001 0.8394886363636364 0.6306818181818183 0.8522727272727273 0.6306818181818183
19 0.7386363636363636 0.6150568181818183 0.7215909090909091 0.6150568181818183 0.7215909090909091 0.6363636363636366 0.7386363636363636 0.6363636363636366
19 0.9119318181818182 0.384943181818182 0.8977272727272727 0.384943181818182 0.8977272727272727 0.40625000000000017 0.9119318181818182 0.40625000000000017
19 0.8394886363636364 0.4417613636363638 0.828125 0.4417613636363638 0.828125 0.4573863636363638 0.8394886363636364 0.4573863636363638
19 0.734375 0.37500000000000017 0.7215909090909091 0.37500000000000017 0.7215909090909091 0.3920454545454547 0.734375 0.3920454545454547
19 0.8295454545454546 0.3110795454545455 0.8167613636363636 0.3110795454545455 0.8167613636363636 0.325284090909091 0.8295454545454546 0.325284090909091
5 0.84375 0.3764204545454547 0.8238636363636364 0.3764204545454547 0.8238636363636364 0.40625000000000017 0.84375 0.40625000000000017
19 0.6505681818181818 0.4758522727272727 0.6392045454545454 0.4758522727272727 0.6392045454545454 0.4914772727272727 0.6505681818181818 0.4914772727272727
19 0.6590909090909091 0.5653409090909091 0.6463068181818182 0.5653409090909091 0.6463068181818182 0.5823863636363636 0.6590909090909091 0.5823863636363636
19 0.6036931818181818 0.31250000000000006 0.5923295454545454 0.31250000000000006 0.5923295454545454 0.3267045454545455 0.6036931818181818 0.3267045454545455
19 0.6022727272727273 0.4275568181818182 0.59375 0.4275568181818182 0.59375 0.4375 0.6022727272727273 0.4375
19 0.5454545454545454 0.31534090909090917 0.5369318181818182 0.31534090909090917 0.5369318181818182 0.32954545454545464 0.5454545454545454 0.32954545454545464
19 0.546875 0.4275568181818182 0.5369318181818182 0.4275568181818182 0.5369318181818182 0.4431818181818182 0.546875 0.4431818181818182
19 0.6079545454545454 0.5340909090909091 0.5965909090909091 0.5340909090909091 0.5965909090909091 0.5497159090909091 0.6079545454545454 0.5497159090909091
19 0.5511363636363636 0.5326704545454546 0.5397727272727273 0.5326704545454546 0.5397727272727273 0.5525568181818182 0.5511363636363636 0.5525568181818182
19 0.4758522727272727 0.31534090909090917 0.4659090909090909 0.31534090909090917 0.4659090909090909 0.32812500000000006 0.4758522727272727 0.32812500000000006
19 0.4715909090909091 0.43892045454545453 0.4630681818181818 0.43892045454545453 0.4630681818181818 0.44886363636363635 0.4715909090909091 0.44886363636363635
19 0.4786931818181818 0.5440340909090909 0.46875 0.5440340909090909 0.46875 0.5582386363636364 0.4786931818181818 0.5582386363636364
19 0.4403409090909091 0.5497159090909091 0.4318181818181818 0.5497159090909091 0.4318181818181818 0.5610795454545454 0.4403409090909091 0.5610795454545454
19 0.4346590909090909 0.4375 0.42613636363636365 0.4375 0.42613636363636365 0.4474431818181818 0.4346590909090909 0.4474431818181818
19 0.4346590909090909 0.31392045454545464 0.42613636363636365 0.31392045454545464 0.42613636363636365 0.325284090909091 0.4346590909090909 0.325284090909091
19 0.3963068181818182 0.4900568181818182 0.3877840909090909 0.4900568181818182 0.3877840909090909 0.5028409090909091 0.3963068181818182 0.5028409090909091
19 0.33096590909090917 0.5823863636363636 0.32102272727272735 0.5823863636363636 0.32102272727272735 0.5980113636363636 0.33096590909090917 0.5980113636363636
19 0.3991477272727273 0.6377840909090909 0.3877840909090909 0.6377840909090909 0.3877840909090909 0.6519886363636364 0.3991477272727273 0.6519886363636364
19 0.31534090909090917 0.3565340909090909 0.30823863636363646 0.3565340909090909 0.30823863636363646 0.3664772727272727 0.31534090909090917 0.3664772727272727
19 0.25852272727272735 0.3465909090909091 0.247159090909091 0.3465909090909091 0.247159090909091 0.36363636363636365 0.25852272727272735 0.36363636363636365
19 0.26846590909090917 0.640625 0.2542613636363637 0.640625 0.2542613636363637 0.65625 0.26846590909090917 0.65625
19 0.17329545454545459 0.29261363636363635 0.15909090909090914 0.29261363636363635 0.15909090909090914 0.3068181818181818 0.17329545454545459 0.3068181818181818
19 0.2542613636363637 0.421875 0.2443181818181819 0.421875 0.2443181818181819 0.43607954545454547 0.2542613636363637 0.43607954545454547
19 0.09090909090909095 0.2840909090909091 0.08096590909090913 0.2840909090909091 0.08096590909090913 0.29829545454545453 0.09090909090909095 0.29829545454545453
19 0.07386363636363645 0.6321022727272727 0.06250000000000008 0.6321022727272727 0.06250000000000008 0.6463068181818182 0.07386363636363645 0.6463068181818182
19 0.17613636363636373 0.6392045454545454 0.16193181818181826 0.6392045454545454 0.16193181818181826 0.6576704545454546 0.17613636363636373 0.6576704545454546
19 0.1676136363636364 0.4147727272727273 0.15767045454545459 0.4147727272727273 0.15767045454545459 0.4289772727272727 0.1676136363636364 0.4289772727272727
44 0.04687500000000006 0.4147727272727273 0.01846590909090914 0.4147727272727273 0.018465909090909144 0.44176136363636365 0.04687500000000006 0.44176136363636365
44 0.15625000000000003 0.375 0.11079545454545459 0.375 0.11079545454545459 0.3991477272727273 0.15625000000000003 0.3991477272727273
44 0.24147727272727282 0.39204545454545453 0.19318181818181826 0.39204545454545453 0.19318181818181826 0.4119318181818182 0.24147727272727282 0.4119318181818182
44 0.3167613636363637 0.4659090909090909 0.26562500000000006 0.4659090909090909 0.26562500000000006 0.4914772727272727 0.3167613636363637 0.4914772727272727
44 0.356534090909091 0.4161931818181818 0.2911931818181819 0.4161931818181818 0.2911931818181819 0.4375 0.356534090909091 0.4375
44 0.3934659090909091 0.3778409090909091 0.35227272727272735 0.3778409090909091 0.35227272727272735 0.3934659090909091 0.3934659090909091 0.3934659090909091
44 0.4630681818181818 0.35511363636363646 0.4161931818181818 0.35511363636363646 0.4161931818181818 0.375 0.4630681818181818 0.375
44 0.45170454545454547 0.4815340909090909 0.4133522727272727 0.4815340909090909 0.4133522727272727 0.4971590909090909 0.45170454545454547 0.4971590909090909
44 0.6221590909090909 0.3721590909090909 0.5795454545454546 0.3721590909090909 0.5795454545454546 0.39204545454545453 0.6221590909090909 0.39204545454545453
44 0.71875 0.3480113636363637 0.6704545454545454 0.3480113636363637 0.6704545454545454 0.369318181818182 0.71875 0.369318181818182
44 0.6633522727272727 0.4289772727272728 0.6079545454545454 0.4289772727272727 0.6079545454545454 0.4446022727272728 0.6633522727272727 0.4446022727272729
44 0.7428977272727273 0.43607954545454564 0.6803977272727273 0.43607954545454564 0.6803977272727273 0.4559659090909092 0.7428977272727273 0.4559659090909092
44 0.8210227272727273 0.463068181818182 0.78125 0.463068181818182 0.78125 0.48437500000000017 0.8210227272727273 0.48437500000000017
44 0.6178977272727273 0.47017045454545453 0.578125 0.47017045454545453 0.578125 0.4900568181818182 0.6178977272727273 0.4900568181818182
44 0.8806818181818182 0.33948863636363646 0.8338068181818182 0.33948863636363646 0.8338068181818182 0.36079545454545464 0.8806818181818182 0.36079545454545464
44 0.984375 0.463068181818182 0.9247159090909091 0.463068181818182 0.9247159090909091 0.4872159090909092 0.984375 0.4872159090909092
5 0.40482954545454547 0.578125 0.3778409090909091 0.578125 0.3778409090909091 0.6008522727272727 0.40482954545454547 0.6008522727272727