55 0.16477272727272732 0.2869318181818182 0.1178977272727273 0.2869318181818182 0.1178977272727273 0.3508522727272727 0.16477272727272732 0.3508522727272727
37 0.22727272727272727 0.20880681818181818 0.20880681818181818 0.20880681818181818 0.20880681818181818 0.2471590909090909 0.22727272727272727 0.2471590909090909
37 0.26988636363636365 0.2684659090909091 0.23863636363636365 0.2684659090909091 0.23863636363636365 0.29829545454545453 0.26988636363636365 0.29829545454545453
37 0.28267045454545464 0.34517045454545453 0.26704545454545464 0.34517045454545453 0.26704545454545464 0.3934659090909091 0.28267045454545464 0.3934659090909091
37 0.4289772727272727 0.22159090909090917 0.390625 0.22159090909090917 0.390625 0.24573863636363644 0.4289772727272727 0.24573863636363644
37 0.7286931818181818 0.247159090909091 0.6960227272727273 0.247159090909091 0.6960227272727273 0.26846590909090917 0.7286931818181818 0.26846590909090917
37 0.8693181818181818 0.23011363636363644 0.8522727272727273 0.23011363636363644 0.8522727272727273 0.26846590909090917 0.8693181818181818 0.26846590909090917
37 0.8508522727272727 0.3068181818181819 0.8153409090909091 0.3068181818181819 0.8153409090909091 0.32812500000000006 0.8508522727272727 0.32812500000000006
37 0.9190340909090909 0.2954545454545455 0.9019886363636364 0.2954545454545455 0.9019886363636364 0.3338068181818183 0.9190340909090909 0.3338068181818183
9 0.9502840909090909 0.3920454545454547 0.8991477272727273 0.3920454545454547 0.8991477272727273 0.42187500000000017 0.9502840909090909 0.42187500000000017
9 0.31250000000000006 0.40482954545454547 0.2571022727272728 0.40482954545454547 0.2571022727272728 0.4403409090909091 0.31250000000000006 0.4403409090909091
47 0.36363636363636365 0.2585227272727273 0.32954545454545453 0.2585227272727273 0.32954545454545453 0.32528409090909094 0.36363636363636365 0.325284090909091
47 0.4928977272727273 0.2130681818181819 0.45454545454545453 0.2130681818181819 0.45454545454545453 0.29829545454545464 0.4928977272727273 0.29829545454545464
47 0.49573863636363635 0.36079545454545464 0.4630681818181818 0.36079545454545464 0.4630681818181818 0.4446022727272727 0.49573863636363635 0.4446022727272727
47 0.6676136363636364 0.34659090909090917 0.6321022727272727 0.34659090909090917 0.6321022727272727 0.4446022727272728 0.6676136363636364 0.4446022727272729
47 0.6619318181818182 0.22159090909090917 0.6292613636363636 0.22159090909090917 0.6292613636363636 0.29971590909090917 0.6619318181818182 0.29971590909090917
47 0.8082386363636364 0.2855113636363637 0.7755681818181818 0.2855113636363637 0.7755681818181818 0.35937500000000006 0.8082386363636364 0.35937500000000006
8 0.5965909090909091 0.3664772727272727 0.5710227272727273 0.3664772727272727 0.5710227272727273 0.3977272727272727 0.5965909090909091 0.3977272727272727
8 0.5965909090909091 0.25852272727272735 0.5667613636363636 0.25852272727272735 0.5667613636363636 0.2911931818181819 0.5965909090909091 0.2911931818181819
8 0.5411931818181818 0.24573863636363644 0.5142045454545454 0.24573863636363644 0.5142045454545454 0.27698863636363646 0.5411931818181818 0.27698863636363646
8 0.5440340909090909 0.37926136363636365 0.5170454545454546 0.37926136363636365 0.5170454545454546 0.4119318181818182 0.5440340909090909 0.4119318181818182
42 0.8835227272727273 0.3664772727272729 0.8565340909090909 0.3664772727272729 0.8565340909090909 0.41477272727272746 0.8835227272727273 0.41477272727272746
42 0.24431818181818185 0.3025568181818182 0.21732954545454544 0.3025568181818182 0.2173295454545455 0.3508522727272727 0.2443181818181819 0.3508522727272727
5 0.2869318181818182 0.26988636363636365 0.2741477272727273 0.26988636363636365 0.2741477272727273 0.3025568181818182 0.2869318181818182 0.3025568181818182
5 0.45738636363636365 0.4602272727272727 0.4375 0.4602272727272727 0.4375 0.4786931818181818 0.45738636363636365 0.4786931818181818
5 0.8735795454545454 0.2698863636363637 0.8565340909090909 0.2698863636363637 0.8565340909090909 0.28267045454545464 0.8735795454545454 0.28267045454545464
44 0.9232954545454546 0.22727272727272735 0.8764204545454546 0.22727272727272735 0.8764204545454546 0.24573863636363644 0.9232954545454546 0.24573863636363644
44 0.9772727272727273 0.3039772727272728 0.9247159090909091 0.3039772727272728 0.9247159090909091 0.3323863636363637 0.9772727272727273 0.3323863636363637
44 0.859375 0.3323863636363637 0.8252840909090909 0.3323863636363637 0.8252840909090909 0.3480113636363637 0.859375 0.3480113636363637
44 0.8011363636363636 0.31250000000000006 0.7457386363636364 0.31250000000000006 0.7457386363636364 0.3338068181818183 0.8011363636363636 0.3338068181818183
44 0.7514204545454546 0.2642045454545455 0.6988636363636364 0.2642045454545455 0.6988636363636364 0.2869318181818183 0.7514204545454546 0.2869318181818183
44 0.6576704545454546 0.3934659090909091 0.6178977272727273 0.3934659090909091 0.6178977272727273 0.4161931818181818 0.6576704545454546 0.4161931818181818
44 0.6534090909090909 0.25284090909090917 0.6022727272727273 0.25284090909090917 0.6022727272727273 0.278409090909091 0.6534090909090909 0.278409090909091
44 0.5113636363636364 0.3963068181818182 0.4715909090909091 0.3963068181818182 0.4715909090909091 0.41761363636363635 0.5113636363636364 0.41761363636363635
44 0.5142045454545454 0.24573863636363644 0.46875 0.24573863636363644 0.46875 0.26704545454545464 0.5142045454545454 0.26704545454545464
44 0.4119318181818182 0.2798295454545455 0.3522727272727273 0.2798295454545455 0.3522727272727273 0.30823863636363646 0.4119318181818182 0.30823863636363646
44 0.4431818181818182 0.25000000000000006 0.3977272727272727 0.25000000000000006 0.3977272727272727 0.2698863636363637 0.4431818181818182 0.2698863636363637
44 0.340909090909091 0.3551136363636364 0.2855113636363637 0.35511363636363635 0.2855113636363637 0.375 0.340909090909091 0.375
44 0.2727272727272727 0.2997159090909091 0.24147727272727273 0.2997159090909091 0.24147727272727273 0.3153409090909091 0.2727272727272727 0.3153409090909091
44 0.2684659090909091 0.2159090909090909 0.22585227272727273 0.2159090909090909 0.22585227272727273 0.23579545454545456 0.2684659090909091 0.23579545454545456
44 0.1178977272727273 0.31392045454545453 0.0923295454545455 0.31392045454545453 0.0923295454545455 0.3366477272727273 0.1178977272727273 0.3366477272727273
19 0.14062500000000003 0.16051136363636365 0.1278409090909091 0.16051136363636365 0.12784090909090912 0.17755681818181818 0.14062500000000003 0.17755681818181818
19 0.14062500000000003 0.4659090909090909 0.13068181818181823 0.4659090909090909 0.13068181818181823 0.484375 0.14062500000000003 0.484375
19 0.23011363636363644 0.4715909090909091 0.215909090909091 0.4715909090909091 0.215909090909091 0.48579545454545453 0.23011363636363644 0.48579545454545453
19 0.2855113636363637 0.4744318181818182 0.27414772727272735 0.4744318181818182 0.27414772727272735 0.4872159090909091 0.2855113636363637 0.4872159090909091
19 0.22727272727272727 0.1704545454545455 0.21875 0.1704545454545455 0.21875 0.18181818181818182 0.22727272727272727 0.18181818181818182
19 0.22727272727272727 0.27698863636363635 0.22017045454545456 0.27698863636363635 0.22017045454545456 0.2897727272727273 0.22727272727272727 0.2897727272727273
19 0.2840909090909091 0.22585227272727273 0.2741477272727273 0.22585227272727273 0.2741477272727273 0.24005681818181818 0.2840909090909091 0.24005681818181818
19 0.3664772727272727 0.231534090909091 0.3565340909090909 0.231534090909091 0.3565340909090909 0.24147727272727282 0.3664772727272727 0.24147727272727282
19 0.35937500000000006 0.4630681818181818 0.3508522727272728 0.4630681818181818 0.3508522727272728 0.4758522727272727 0.35937500000000006 0.4758522727272727
19 0.4502840909090909 0.4786931818181818 0.4431818181818182 0.4786931818181818 0.4431818181818182 0.48863636363636365 0.4502840909090909 0.48863636363636365
19 0.44886363636363635 0.3991477272727273 0.4403409090909091 0.3991477272727273 0.4403409090909091 0.4133522727272727 0.44886363636363635 0.4133522727272727
19 0.4914772727272727 0.17755681818181823 0.4815340909090909 0.17755681818181823 0.4815340909090909 0.19318181818181826 0.4914772727272727 0.19318181818181826
19 0.4900568181818182 0.3224431818181819 0.48295454545454547 0.3224431818181819 0.48295454545454547 0.3323863636363637 0.4900568181818182 0.3323863636363637
19 0.53125 0.32102272727272735 0.5241477272727273 0.32102272727272735 0.5241477272727273 0.3323863636363637 0.53125 0.3323863636363637
19 0.53125 0.4502840909090909 0.5241477272727273 0.4502840909090909 0.5241477272727273 0.4616477272727273 0.53125 0.4616477272727273
19 0.5923295454545454 0.453125 0.5823863636363636 0.453125 0.5823863636363636 0.46448863636363635 0.5923295454545454 0.46448863636363635
19 0.5355113636363636 0.1818181818181819 0.5255681818181818 0.1818181818181819 0.5255681818181818 0.1974431818181819 0.5355113636363636 0.1974431818181819
19 0.5866477272727273 0.18607954545454553 0.5767045454545454 0.18607954545454553 0.5767045454545454 0.20170454545454553 0.5866477272727273 0.20170454545454553
19 0.6392045454545454 0.4559659090909091 0.6306818181818182 0.4559659090909091 0.6306818181818182 0.46875 0.6392045454545454 0.46875
19 0.6377840909090909 0.19176136363636373 0.6292613636363636 0.19176136363636373 0.6292613636363636 0.2045454545454546 0.6377840909090909 0.2045454545454546
19 0.6860795454545454 0.38778409090909105 0.6775568181818182 0.38778409090909105 0.6775568181818182 0.39914772727272746 0.6860795454545454 0.39914772727272746
19 0.6903409090909091 0.46590909090909105 0.6789772727272727 0.46590909090909105 0.6789772727272727 0.48295454545454564 0.6903409090909091 0.48295454545454564
19 0.7883522727272727 0.2542613636363637 0.7798295454545454 0.2542613636363637 0.7798295454545454 0.2642045454545455 0.7883522727272727 0.2642045454545455
19 0.7926136363636364 0.2755681818181819 0.7798295454545454 0.2755681818181819 0.7798295454545454 0.2855113636363637 0.7926136363636364 0.2855113636363637
19 0.8707386363636364 0.31534090909090917 0.8607954545454546 0.31534090909090917 0.8607954545454546 0.325284090909091 0.8707386363636364 0.325284090909091
19 0.7883522727272727 0.478693181818182 0.7784090909090909 0.478693181818182 0.7784090909090909 0.4914772727272729 0.7883522727272727 0.4914772727272729
19 0.8778409090909091 0.4644886363636365 0.8664772727272727 0.4644886363636365 0.8664772727272727 0.478693181818182 0.8778409090909091 0.478693181818182
19 0.921875 0.463068181818182 0.9147727272727273 0.463068181818182 0.9147727272727273 0.4730113636363638 0.921875 0.4730113636363638
19 0.9176136363636364 0.27414772727272735 0.9076704545454546 0.27414772727272735 0.9076704545454546 0.2855113636363637 0.9176136363636364 0.2855113636363637
19 0.8650568181818182 0.20170454545454553 0.8565340909090909 0.20170454545454553 0.8565340909090909 0.2130681818181819 0.8650568181818182 0.2130681818181819