44 0.18181818181818182 0.26136363636363635 0.14346590909090914 0.26136363636363635 0.14346590909090914 0.3068181818181818 0.18181818181818182 0.3068181818181818
44 0.06392045454545463 0.5880681818181818 0.019886363636363705 0.5880681818181818 0.019886363636363712 0.6392045454545454 0.06392045454545463 0.6392045454545454
44 0.5127840909090909 0.46875 0.46448863636363635 0.46875 0.46448863636363635 0.5071022727272727 0.5127840909090909 0.5071022727272727
44 0.5213068181818183 0.8125 0.45312500000000017 0.8125 0.45312500000000017 0.8579545454545454 0.5213068181818183 0.8579545454545454
44 0.3338068181818183 0.5497159090909091 0.26562500000000006 0.5497159090909091 0.26562500000000006 0.59375 0.3338068181818183 0.59375
44 0.5071022727272727 0.37926136363636365 0.4375 0.37926136363636365 0.4375 0.4161931818181818 0.5071022727272727 0.4161931818181818
44 0.7769886363636364 0.46590909090909105 0.7002840909090909 0.46590909090909105 0.7002840909090909 0.5142045454545456 0.7769886363636364 0.5142045454545456
44 0.2911931818181818 0.2556818181818182 0.23011363636363635 0.2556818181818182 0.23011363636363635 0.2940340909090909 0.2911931818181818 0.2940340909090909
44 0.640625 0.008522727272727348 0.59375 0.008522727272727347 0.59375 0.04545454545454553 0.640625 0.04545454545454553
4 0.31250000000000006 0.49573863636363635 0.2798295454545455 0.49573863636363635 0.2798295454545455 0.5553977272727273 0.31250000000000006 0.5553977272727273
44 0.3196022727272728 0.4474431818181818 0.27414772727272735 0.4474431818181818 0.27414772727272735 0.484375 0.3196022727272728 0.484375
19 0.669034090909091 0.6846590909090909 0.6590909090909093 0.6846590909090909 0.6590909090909093 0.7002840909090909 0.669034090909091 0.700284090909091
19 0.42755681818181834 0.7116477272727273 0.41477272727272746 0.7116477272727273 0.41477272727272746 0.7301136363636364 0.42755681818181834 0.7301136363636364
44 0.7571022727272727 0.36221590909090917 0.71875 0.36221590909090917 0.71875 0.3934659090909092 0.7571022727272727 0.3934659090909092
43 0.8139204545454546 0.40625000000000017 0.7897727272727273 0.40625000000000017 0.7897727272727273 0.43607954545454564 0.8139204545454546 0.43607954545454564
19 0.6676136363636364 0.4133522727272728 0.6434659090909091 0.4133522727272727 0.6434659090909091 0.4431818181818183 0.6676136363636364 0.44318181818181834
44 0.9928977272727273 0.39062500000000017 0.8238636363636364 0.39062500000000017 0.8238636363636364 0.44318181818181834 0.9928977272727273 0.44318181818181834
19 0.20454545454545456 0.14062500000000003 0.19460227272727273 0.14062500000000003 0.19460227272727273 0.1548295454545455 0.20454545454545456 0.1548295454545455
19 0.6534090909090909 0.12784090909090917 0.6321022727272727 0.12784090909090917 0.6321022727272727 0.15198863636363644 0.6534090909090909 0.15198863636363644
19 0.40198863636363635 0.5099431818181818 0.3849431818181818 0.5099431818181818 0.3849431818181818 0.5397727272727273 0.40198863636363635 0.5397727272727273
19 0.2201704545454546 0.5198863636363636 0.19602272727272735 0.5198863636363636 0.19602272727272735 0.5497159090909091 0.2201704545454546 0.5497159090909091
4 0.7428977272727273 0.3977272727272729 0.7144886363636364 0.3977272727272729 0.7144886363636364 0.45312500000000017 0.7428977272727273 0.45312500000000017
19 0.3977272727272727 0.4431818181818182 0.3849431818181818 0.4431818181818182 0.3849431818181818 0.4616477272727273 0.3977272727272727 0.4616477272727273
19 0.21875000000000008 0.71875 0.1974431818181819 0.71875 0.1974431818181819 0.75 0.21875000000000008 0.75
37 0.6732954545454546 0.18750000000000008 0.6193181818181818 0.18750000000000008 0.6193181818181818 0.3025568181818183 0.6732954545454546 0.3025568181818183
19 0.21022727272727282 0.5823863636363636 0.19886363636363644 0.5823863636363636 0.19886363636363644 0.6008522727272727 0.21022727272727282 0.6008522727272727
43 0.6519886363636364 0.04403409090909099 0.6349431818181818 0.04403409090909099 0.6349431818181818 0.0696022727272728 0.6519886363636364 0.0696022727272728
37 0.2215909090909091 0.23863636363636365 0.18323863636363635 0.23863636363636365 0.18323863636363635 0.3196022727272727 0.2215909090909091 0.3196022727272727
13 0.45170454545454564 0.7826704545454546 0.38920454545454564 0.7826704545454546 0.38920454545454564 0.8508522727272727 0.45170454545454564 0.8508522727272727
19 0.3991477272727273 0.5582386363636364 0.38920454545454547 0.5582386363636364 0.38920454545454547 0.5724431818181818 0.3991477272727273 0.5724431818181818
37 0.5369318181818182 0.4247159090909091 0.4303977272727273 0.4247159090909091 0.4303977272727273 0.47017045454545453 0.5369318181818182 0.47017045454545453
47 0.6789772727272727 0.5056818181818182 0.6178977272727273 0.5056818181818182 0.6178977272727273 0.5809659090909092 0.6789772727272727 0.5809659090909093
23 0.15625000000000008 0.5639204545454546 0.07102272727272733 0.5639204545454546 0.07102272727272735 0.6548295454545454 0.15625000000000008 0.6548295454545454