44 0.4588068181818182 0.3196022727272728 0.43323863636363635 0.3196022727272728 0.43323863636363635 0.4119318181818182 0.4588068181818182 0.4119318181818182
19 0.3849431818181818 0.10937500000000004 0.359375 0.10937500000000004 0.359375 0.13778409090909094 0.3849431818181818 0.13778409090909094
44 0.49857954545454547 0.6136363636363636 0.4772727272727273 0.6136363636363636 0.4772727272727273 0.6477272727272727 0.49857954545454547 0.6477272727272727
19 0.5056818181818182 0.10795454545454551 0.48863636363636365 0.1079545454545455 0.48863636363636365 0.13068181818181823 0.5056818181818182 0.13068181818181826
44 0.3323863636363637 0.28125000000000006 0.3039772727272727 0.28125 0.30397727272727276 0.44886363636363635 0.3323863636363637 0.44886363636363635
19 0.9602272727272727 0.5539772727272729 0.9517045454545454 0.5539772727272729 0.9517045454545454 0.5667613636363638 0.9602272727272727 0.5667613636363638
44 0.37642045454545453 0.6235795454545454 0.3536931818181819 0.6235795454545454 0.3536931818181819 0.65625 0.37642045454545453 0.65625
19 0.24289772727272727 0.12073863636363641 0.22443181818181818 0.12073863636363641 0.22443181818181818 0.14346590909090914 0.24289772727272727 0.14346590909090914
19 0.7400568181818182 0.1164772727272728 0.7230113636363636 0.1164772727272728 0.7230113636363636 0.13920454545454553 0.7400568181818182 0.13920454545454553
44 0.7357954545454546 0.5951704545454547 0.7159090909090909 0.5951704545454547 0.7159090909090909 0.6363636363636366 0.7357954545454546 0.6363636363636366
44 0.08380681818181819 0.06676136363636365 0.00852272727272728 0.06676136363636363 0.008522727272727286 0.13636363636363635 0.0838068181818182 0.13636363636363635
37 0.39204545454545453 0.1889204545454546 0.3465909090909091 0.1889204545454546 0.3465909090909091 0.3039772727272728 0.39204545454545453 0.3039772727272728
44 0.23437500000000008 0.6264204545454546 0.21022727272727282 0.6264204545454546 0.21022727272727282 0.6633522727272727 0.23437500000000008 0.6633522727272727
19 0.5042613636363636 0.45170454545454547 0.48579545454545453 0.45170454545454547 0.48579545454545453 0.4786931818181818 0.5042613636363636 0.4786931818181818
43 0.10369318181818182 0.10511363636363637 0.07954545454545457 0.10511363636363637 0.07954545454545457 0.1377840909090909 0.10369318181818182 0.1377840909090909
19 0.6193181818181818 0.43892045454545453 0.609375 0.43892045454545453 0.609375 0.453125 0.6193181818181818 0.453125
44 0.8948863636363636 0.32102272727272735 0.8650568181818182 0.32102272727272735 0.8650568181818182 0.5014204545454547 0.8948863636363636 0.5014204545454547
19 0.6136363636363636 0.2599431818181819 0.6051136363636364 0.2599431818181819 0.6051136363636364 0.2713068181818183 0.6136363636363636 0.2713068181818183
44 0.9275568181818182 0.5795454545454547 0.9005681818181818 0.5795454545454547 0.9005681818181818 0.6122159090909093 0.9275568181818182 0.6122159090909093
44 0.7954545454545454 0.3110795454545455 0.7585227272727273 0.3110795454545455 0.7585227272727273 0.34375000000000006 0.7954545454545454 0.34375000000000006
19 0.9588068181818182 0.509943181818182 0.9517045454545454 0.509943181818182 0.9517045454545454 0.5198863636363638 0.9588068181818182 0.5198863636363638
19 0.3778409090909091 0.5823863636363636 0.36079545454545464 0.5823863636363636 0.36079545454545464 0.6079545454545454 0.3778409090909091 0.6079545454545454
19 0.5113636363636364 0.5653409090909091 0.4872159090909091 0.5653409090909091 0.4872159090909091 0.5980113636363636 0.5113636363636364 0.5980113636363636
19 0.24005681818181826 0.5909090909090909 0.22443181818181826 0.5909090909090909 0.22443181818181826 0.6136363636363636 0.24005681818181826 0.6136363636363636
19 0.5014204545454546 0.2698863636363637 0.48579545454545453 0.2698863636363637 0.48579545454545453 0.2911931818181819 0.5014204545454546 0.2911931818181819
43 0.12357954545454554 0.6051136363636364 0.1008522727272728 0.6051136363636364 0.1008522727272728 0.6335227272727273 0.12357954545454554 0.6335227272727273
19 0.9232954545454546 0.1250000000000001 0.9105113636363636 0.1250000000000001 0.9105113636363636 0.1406250000000001 0.9232954545454546 0.1406250000000001
9 0.4190340909090909 0.38636363636363635 0.34517045454545464 0.38636363636363635 0.34517045454545464 0.4446022727272727 0.4190340909090909 0.4446022727272727
19 0.7414772727272727 0.556818181818182 0.7244318181818182 0.556818181818182 0.7244318181818182 0.5809659090909093 0.7414772727272727 0.5809659090909093
44 0.6676136363636364 0.2571022727272728 0.6306818181818182 0.2571022727272728 0.6306818181818182 0.4133522727272728 0.6676136363636364 0.4133522727272729
42 0.8210227272727273 0.2045454545454546 0.7244318181818182 0.2045454545454546 0.7244318181818182 0.2642045454545455 0.8210227272727273 0.2642045454545455
44 0.17613636363636367 0.26704545454545453 0.13778409090909094 0.26704545454545453 0.13778409090909094 0.46875 0.17613636363636367 0.46875
38 0.9360795454545454 0.4701704545454547 0.8991477272727273 0.4701704545454547 0.8991477272727273 0.5369318181818183 0.9360795454545454 0.5369318181818183
42 0.5241477272727273 0.18607954545454553 0.48579545454545453 0.18607954545454553 0.48579545454545453 0.25284090909090917 0.5241477272727273 0.25284090909090917
8 0.5198863636363636 0.49857954545454547 0.4772727272727273 0.49857954545454547 0.4772727272727273 0.5497159090909091 0.5198863636363636 0.5497159090909091
42 0.2556818181818182 0.19176136363636365 0.2215909090909091 0.19176136363636365 0.2215909090909091 0.25426136363636365 0.2556818181818182 0.25426136363636365
20 0.7471590909090909 0.2954545454545455 0.7201704545454546 0.2954545454545455 0.7201704545454546 0.33948863636363646 0.7471590909090909 0.33948863636363646
41 0.2840909090909091 0.29545454545454547 0.18607954545454544 0.29545454545454547 0.1860795454545455 0.48011363636363635 0.28409090909090917 0.48011363636363635
8 0.6321022727272727 0.3267045454545455 0.5894886363636364 0.3267045454545455 0.5894886363636364 0.3678977272727273 0.6321022727272727 0.3678977272727273
44 0.9602272727272727 0.26562500000000006 0.9332386363636364 0.26562500000000006 0.9332386363636364 0.3068181818181819 0.9602272727272727 0.3068181818181819
14 0.5340909090909091 0.3423295454545455 0.4616477272727273 0.3423295454545455 0.4616477272727273 0.39488636363636365 0.5340909090909091 0.39488636363636365
20 0.9289772727272727 0.37357954545454564 0.90625 0.37357954545454564 0.90625 0.41193181818181834 0.9289772727272727 0.41193181818181834
42 0.9360795454545454 0.2727272727272728 0.9090909090909091 0.2727272727272728 0.9090909090909091 0.33948863636363646 0.9360795454545454 0.33948863636363646