44 0.5980113636363636 0.4318181818181818 0.5198863636363636 0.4318181818181818 0.5198863636363636 0.48011363636363635 0.5980113636363636 0.48011363636363635
44 0.5738636363636364 0.3494318181818183 0.5099431818181818 0.3494318181818183 0.5099431818181818 0.3806818181818182 0.5738636363636364 0.3806818181818182
44 0.2642045454545455 0.42045454545454547 0.16335227272727276 0.42045454545454547 0.16335227272727276 0.48011363636363635 0.2642045454545455 0.48011363636363635
44 0.78125 0.3764204545454547 0.6732954545454546 0.3764204545454547 0.6732954545454546 0.416193181818182 0.78125 0.416193181818182
44 0.6761363636363636 0.5568181818181819 0.5696022727272727 0.5568181818181818 0.5696022727272727 0.6008522727272728 0.6761363636363636 0.6008522727272729
44 0.421875 0.41761363636363635 0.3934659090909091 0.41761363636363635 0.3934659090909091 0.4474431818181818 0.421875 0.4474431818181818
19 0.3551136363636364 0.32954545454545464 0.34517045454545453 0.32954545454545464 0.3451704545454546 0.34375000000000006 0.35511363636363646 0.34375000000000006
19 0.5056818181818182 0.5440340909090909 0.4928977272727273 0.5440340909090909 0.4928977272727273 0.5610795454545454 0.5056818181818182 0.5610795454545454
19 0.3678977272727273 0.5582386363636364 0.3579545454545455 0.5582386363636364 0.3579545454545455 0.5724431818181818 0.3678977272727273 0.5724431818181818
19 0.6704545454545454 0.5198863636363638 0.65625 0.5198863636363636 0.65625 0.5369318181818182 0.6704545454545454 0.5369318181818183
37 0.6207386363636364 0.5198863636363636 0.5653409090909091 0.5198863636363636 0.5653409090909091 0.5553977272727273 0.6207386363636364 0.5553977272727273
54 0.3991477272727273 0.4190340909090909 0.309659090909091 0.4190340909090909 0.309659090909091 0.4630681818181818 0.3991477272727273 0.4630681818181818
19 0.6477272727272727 0.3196022727272728 0.6377840909090909 0.3196022727272728 0.6377840909090909 0.3338068181818183 0.6477272727272727 0.3338068181818183
14 0.6647727272727273 0.37500000000000006 0.6377840909090909 0.375 0.6377840909090909 0.46875000000000006 0.6647727272727273 0.46875000000000017
3 0.5184659090909091 0.4190340909090909 0.4744318181818182 0.4190340909090909 0.4744318181818182 0.49573863636363635 0.5184659090909091 0.49573863636363635
42 0.5284090909090909 0.31250000000000006 0.4659090909090909 0.31250000000000006 0.4659090909090909 0.4034090909090909 0.5284090909090909 0.4034090909090909