44 0.24289772727272735 0.5340909090909091 0.11363636363636372 0.5340909090909091 0.11363636363636372 0.6136363636363636 0.24289772727272735 0.6136363636363636
44 0.6377840909090909 0.3579545454545455 0.5440340909090909 0.3579545454545455 0.5440340909090909 0.4247159090909091 0.6377840909090909 0.4247159090909091
44 0.5880681818181818 0.2713068181818183 0.5099431818181818 0.2713068181818183 0.5099431818181818 0.32812500000000006 0.5880681818181818 0.32812500000000006
44 0.8536931818181818 0.19034090909090917 0.7159090909090909 0.19034090909090917 0.7159090909090909 0.278409090909091 0.8536931818181818 0.278409090909091
44 0.7599431818181818 0.45312500000000006 0.6363636363636364 0.453125 0.6363636363636364 0.5454545454545455 0.7599431818181818 0.5454545454545456
19 0.32102272727272735 0.3664772727272727 0.3025568181818183 0.3664772727272727 0.3025568181818183 0.39204545454545453 0.32102272727272735 0.39204545454545453
19 0.5568181818181818 0.515625 0.5326704545454546 0.515625 0.5326704545454546 0.5525568181818182 0.5568181818181818 0.5525568181818182
44 0.42613636363636365 0.43892045454545453 0.3877840909090909 0.43892045454545453 0.3877840909090909 0.46732954545454547 0.42613636363636365 0.46732954545454547
19 0.4005681818181818 0.6051136363636364 0.37642045454545453 0.6051136363636364 0.37642045454545453 0.6392045454545454 0.4005681818181818 0.6392045454545454
19 0.7457386363636364 0.40482954545454564 0.7258522727272727 0.40482954545454564 0.7258522727272727 0.431818181818182 0.7457386363636364 0.431818181818182
19 0.6676136363636364 0.1818181818181819 0.6505681818181818 0.1818181818181819 0.6505681818181818 0.20312500000000008 0.6676136363636364 0.20312500000000008
37 0.6875 0.434659090909091 0.6207386363636364 0.4346590909090909 0.6207386363636364 0.4985795454545455 0.6875 0.49857954545454564
3 0.5497159090909091 0.3806818181818182 0.484375 0.3806818181818182 0.484375 0.46732954545454547 0.5497159090909091 0.46732954545454547
54 0.4034090909090909 0.45738636363636365 0.29971590909090917 0.45738636363636365 0.29971590909090917 0.5355113636363636 0.4034090909090909 0.5355113636363636
14 0.7144886363636364 0.25000000000000006 0.6690340909090909 0.25000000000000006 0.6690340909090909 0.3536931818181819 0.7144886363636364 0.3536931818181819
42 0.5213068181818182 0.24573863636363644 0.44176136363636365 0.24573863636363644 0.44176136363636365 0.3693181818181818 0.5213068181818182 0.3693181818181818