44 0.5383522727272727 0.1974431818181819 0.5113636363636364 0.1974431818181819 0.5113636363636364 0.23721590909090917 0.5383522727272727 0.23721590909090917
44 0.25000000000000006 0.36079545454545453 0.11647727272727276 0.36079545454545453 0.11647727272727276 0.4190340909090909 0.25000000000000006 0.4190340909090909
19 0.6988636363636364 0.2698863636363637 0.6832386363636364 0.2698863636363637 0.6832386363636364 0.294034090909091 0.6988636363636364 0.294034090909091
19 0.7571022727272727 0.5980113636363638 0.7443181818181818 0.5980113636363638 0.7443181818181818 0.6164772727272729 0.7571022727272727 0.6164772727272729
19 0.2798295454545455 0.5894886363636364 0.26704545454545464 0.5894886363636364 0.26704545454545464 0.609375 0.2798295454545455 0.609375
37 0.5809659090909091 0.25142045454545464 0.5 0.25142045454545464 0.5 0.278409090909091 0.5809659090909091 0.278409090909091
19 0.32670454545454547 0.24005681818181818 0.31392045454545453 0.24005681818181818 0.31392045454545453 0.2599431818181818 0.32670454545454547 0.2599431818181818
44 0.7784090909090909 0.4403409090909092 0.7528409090909091 0.4403409090909092 0.7528409090909091 0.4701704545454547 0.7784090909090909 0.4701704545454547
14 0.5511363636363636 0.5880681818181818 0.47017045454545453 0.5880681818181818 0.47017045454545453 0.6306818181818182 0.5511363636363636 0.6306818181818182
44 0.5397727272727274 0.6477272727272727 0.4971590909090909 0.6477272727272727 0.497159090909091 0.6946022727272727 0.5397727272727274 0.6946022727272727
53 0.3465909090909091 0.3153409090909091 0.26704545454545453 0.3153409090909091 0.2670454545454546 0.4247159090909091 0.34659090909090917 0.4247159090909091
3 0.7485795454545454 0.43750000000000017 0.6988636363636364 0.43750000000000017 0.6988636363636364 0.512784090909091 0.7485795454545454 0.512784090909091
44 0.1988636363636364 0.3125 0.12642045454545459 0.3125 0.12642045454545459 0.359375 0.19886363636363644 0.359375