44 0.278409090909091 0.41761363636363635 0.15767045454545459 0.41761363636363635 0.15767045454545459 0.48579545454545453 0.278409090909091 0.48579545454545453
44 0.5838068181818182 0.1818181818181819 0.5497159090909091 0.1818181818181819 0.5497159090909091 0.2357954545454546 0.5838068181818182 0.2357954545454546
44 0.5610795454545456 0.6619318181818182 0.5241477272727274 0.6619318181818182 0.5241477272727274 0.7088068181818182 0.5610795454545456 0.7088068181818182
44 0.8153409090909091 0.46164772727272746 0.7897727272727273 0.46164772727272746 0.7897727272727273 0.49289772727272746 0.8153409090909091 0.49289772727272746
37 0.6264204545454546 0.25000000000000006 0.5369318181818182 0.25000000000000006 0.5369318181818182 0.28267045454545464 0.6264204545454546 0.28267045454545464
19 0.7613636363636364 0.2727272727272728 0.7471590909090909 0.2727272727272728 0.7471590909090909 0.28977272727272735 0.7613636363636364 0.28977272727272735
19 0.7741477272727273 0.6107954545454547 0.7585227272727273 0.6107954545454547 0.7585227272727273 0.6335227272727274 0.7741477272727273 0.6335227272727274
14 0.5752840909090909 0.6136363636363636 0.5 0.6136363636363636 0.5 0.6491477272727273 0.5752840909090909 0.6491477272727273
19 0.3338068181818183 0.6221590909090909 0.3181818181818183 0.6221590909090909 0.3181818181818183 0.6434659090909091 0.3338068181818183 0.6434659090909091
19 0.3409090909090909 0.26562500000000006 0.32670454545454547 0.265625 0.32670454545454547 0.28693181818181823 0.3409090909090909 0.2869318181818183
53 0.3778409090909091 0.3607954545454546 0.28977272727272735 0.36079545454545453 0.28977272727272735 0.4659090909090909 0.3778409090909091 0.4659090909090909
3 0.78125 0.46164772727272746 0.734375 0.46164772727272746 0.734375 0.5369318181818183 0.78125 0.5369318181818183
44 0.22443181818181826 0.375 0.1548295454545455 0.375 0.1548295454545455 0.4247159090909091 0.22443181818181826 0.4247159090909091