44 0.494318181818182 0.7073863636363636 0.42045454545454564 0.7073863636363636 0.42045454545454564 0.8480113636363636 0.494318181818182 0.8480113636363636
44 0.24005681818181826 0.390625 0.19176136363636373 0.390625 0.19176136363636373 0.42329545454545453 0.24005681818181826 0.42329545454545453
44 0.5 0.15340909090909097 0.4715909090909091 0.15340909090909094 0.4715909090909091 0.17755681818181823 0.5 0.17755681818181826
19 0.6732954545454546 0.6519886363636365 0.6534090909090909 0.6519886363636364 0.6534090909090909 0.6676136363636365 0.6732954545454547 0.6676136363636366
37 0.2883522727272728 0.34801136363636365 0.2571022727272728 0.34801136363636365 0.2571022727272728 0.4346590909090909 0.2883522727272728 0.4346590909090909
19 0.3068181818181818 0.21875 0.28125 0.21875 0.28125 0.2372159090909091 0.3068181818181818 0.2372159090909091
19 0.6491477272727273 0.18607954545454553 0.6292613636363636 0.18607954545454553 0.6292613636363636 0.20170454545454553 0.6491477272727273 0.20170454545454553
19 0.2798295454545455 0.6349431818181818 0.25852272727272735 0.6349431818181818 0.25852272727272735 0.6505681818181818 0.2798295454545455 0.6505681818181818
14 0.6732954545454546 0.38636363636363646 0.6335227272727273 0.38636363636363635 0.6335227272727273 0.465909090909091 0.6732954545454546 0.46590909090909105
44 0.7329545454545454 0.400568181818182 0.6875 0.400568181818182 0.6875 0.4389204545454547 0.7329545454545454 0.4389204545454547
53 0.48011363636363646 0.5994318181818182 0.35937500000000006 0.5994318181818182 0.35937500000000006 0.6931818181818182 0.4801136363636365 0.6931818181818182
3 0.5454545454545454 0.1889204545454546 0.46732954545454547 0.1889204545454546 0.46732954545454547 0.23295454545454553 0.5454545454545454 0.23295454545454553
44 0.42755681818181834 0.7642045454545454 0.37357954545454564 0.7642045454545454 0.37357954545454564 0.84375 0.42755681818181834 0.84375