44 0.2713068181818183 0.5539772727272727 0.12073863636363645 0.5539772727272727 0.12073863636363645 0.6306818181818182 0.2713068181818183 0.6306818181818182
44 0.6022727272727273 0.3338068181818183 0.5724431818181818 0.3338068181818183 0.5724431818181818 0.38636363636363635 0.6022727272727273 0.38636363636363635
44 0.8309659090909091 0.637784090909091 0.8053977272727273 0.637784090909091 0.8053977272727273 0.669034090909091 0.8309659090909091 0.669034090909091
19 0.7940340909090909 0.7954545454545454 0.7769886363636364 0.7954545454545454 0.7769886363636364 0.8167613636363636 0.7940340909090909 0.8167613636363636
37 0.6434659090909091 0.4034090909090909 0.5582386363636364 0.4034090909090909 0.5582386363636364 0.4375 0.6434659090909091 0.4375
19 0.7741477272727273 0.4403409090909092 0.7585227272727273 0.4403409090909092 0.7585227272727273 0.463068181818182 0.7741477272727273 0.463068181818182
44 0.575284090909091 0.8508522727272727 0.5340909090909093 0.8508522727272727 0.5340909090909093 0.8963068181818182 0.575284090909091 0.8963068181818182
19 0.3167613636363637 0.8039772727272727 0.3011363636363637 0.8039772727272727 0.3011363636363637 0.8252840909090909 0.3167613636363637 0.8252840909090909
19 0.3508522727272728 0.3977272727272727 0.3352272727272728 0.3977272727272727 0.3352272727272728 0.4190340909090909 0.3508522727272728 0.4190340909090909
14 0.590909090909091 0.7926136363636364 0.5085227272727274 0.7926136363636364 0.5085227272727274 0.8352272727272727 0.590909090909091 0.8352272727272727
44 0.20880681818181826 0.5042613636363636 0.122159090909091 0.5042613636363636 0.122159090909091 0.5610795454545454 0.20880681818181826 0.5610795454545454
53 0.3806818181818182 0.49857954545454547 0.2855113636363637 0.49857954545454547 0.2855113636363637 0.6235795454545454 0.3806818181818182 0.6235795454545454
3 0.7997159090909091 0.6321022727272729 0.7514204545454546 0.6321022727272729 0.7514204545454546 0.7116477272727274 0.7997159090909091 0.7116477272727274