44 0.2727272727272728 0.46448863636363635 0.21875000000000008 0.46448863636363635 0.21875000000000008 0.5 0.2727272727272728 0.5
44 0.6036931818181818 0.340909090909091 0.5014204545454546 0.340909090909091 0.5014204545454546 0.39204545454545453 0.6036931818181818 0.39204545454545453
44 0.2954545454545455 0.515625 0.2045454545454546 0.515625 0.2045454545454546 0.5653409090909091 0.2954545454545455 0.5653409090909091
19 0.7272727272727273 0.7017045454545456 0.7088068181818183 0.7017045454545456 0.7088068181818183 0.7258522727272729 0.7272727272727273 0.7258522727272729
19 0.3792613636363638 0.6846590909090909 0.36221590909090917 0.6846590909090909 0.36221590909090917 0.7088068181818182 0.3792613636363638 0.7088068181818182
44 0.8494318181818182 0.5170454545454547 0.734375 0.5170454545454547 0.734375 0.5696022727272729 0.8494318181818182 0.5696022727272729
19 0.7159090909090909 0.42045454545454564 0.6931818181818182 0.42045454545454564 0.6931818181818182 0.447443181818182 0.7159090909090909 0.447443181818182
37 0.7244318181818182 0.5227272727272729 0.7002840909090909 0.5227272727272729 0.7002840909090909 0.6079545454545456 0.7244318181818182 0.6079545454545456
19 0.38920454545454547 0.40625 0.375 0.40625 0.375 0.421875 0.38920454545454547 0.421875
42 0.625 0.3835227272727273 0.5497159090909091 0.3835227272727273 0.5497159090909091 0.4375 0.625 0.4375
54 0.4289772727272727 0.4786931818181818 0.33096590909090917 0.4786931818181818 0.33096590909090917 0.5355113636363636 0.4289772727272727 0.5355113636363636