44 0.19886363636363644 0.3934659090909091 0.10369318181818186 0.3934659090909091 0.10369318181818186 0.42329545454545453 0.19886363636363644 0.42329545454545453
19 0.6917613636363636 0.5170454545454547 0.6690340909090909 0.5170454545454547 0.6690340909090909 0.541193181818182 0.6917613636363636 0.541193181818182
19 0.3068181818181819 0.5227272727272727 0.2855113636363637 0.5227272727272727 0.2855113636363637 0.5454545454545454 0.3068181818181819 0.5454545454545454
44 0.5625 0.18323863636363644 0.4303977272727273 0.18323863636363644 0.4303977272727273 0.2443181818181819 0.5625 0.2443181818181819
44 0.16335227272727276 0.3465909090909091 0.11079545454545459 0.3465909090909091 0.11079545454545459 0.37357954545454547 0.16335227272727276 0.37357954545454547
37 0.7002840909090909 0.36079545454545464 0.671875 0.36079545454545464 0.671875 0.43750000000000017 0.7002840909090909 0.43750000000000017
44 0.8522727272727273 0.3536931818181819 0.7116477272727273 0.3536931818181819 0.7116477272727273 0.3977272727272729 0.8522727272727273 0.3977272727272729
19 0.703125 0.2556818181818183 0.6732954545454546 0.2556818181818183 0.6732954545454546 0.28267045454545464 0.703125 0.28267045454545464
19 0.2940340909090909 0.2741477272727273 0.27698863636363635 0.2741477272727273 0.27698863636363635 0.2911931818181818 0.2940340909090909 0.2911931818181818
42 0.5823863636363636 0.22585227272727282 0.48863636363636365 0.22585227272727282 0.48863636363636365 0.28267045454545464 0.5823863636363636 0.28267045454545464
54 0.33096590909090917 0.3394886363636364 0.23011363636363644 0.33948863636363635 0.23011363636363644 0.39204545454545453 0.33096590909090917 0.39204545454545453