44 0.2897727272727273 0.22727272727272727 0.2599431818181818 0.22727272727272727 0.2599431818181818 0.2784090909090909 0.2897727272727273 0.2784090909090909
44 0.9261363636363636 0.43039772727272746 0.7755681818181818 0.43039772727272746 0.7755681818181818 0.509943181818182 0.9261363636363636 0.509943181818182
44 0.4815340909090909 0.22159090909090917 0.4588068181818182 0.22159090909090917 0.4588068181818182 0.2642045454545455 0.4815340909090909 0.2642045454545455
44 0.8934659090909091 0.36079545454545464 0.8125 0.36079545454545464 0.8125 0.42187500000000017 0.8934659090909091 0.42187500000000017
19 0.09232954545454554 0.6846590909090909 0.07812500000000008 0.6846590909090909 0.07812500000000008 0.7088068181818182 0.09232954545454554 0.7088068181818182
19 0.1676136363636364 0.3025568181818182 0.14772727272727276 0.3025568181818182 0.14772727272727276 0.3352272727272727 0.1676136363636364 0.3352272727272727
19 0.7116477272727274 0.6988636363636366 0.697443181818182 0.6988636363636366 0.697443181818182 0.7258522727272729 0.7116477272727274 0.7258522727272729
19 0.6732954545454546 0.29261363636363646 0.6619318181818182 0.29261363636363646 0.6619318181818182 0.31250000000000006 0.6732954545454546 0.31250000000000006
37 0.2940340909090909 0.2869318181818182 0.21164772727272727 0.2869318181818182 0.21164772727272727 0.32386363636363635 0.2940340909090909 0.32386363636363635
42 0.47301136363636365 0.2542613636363637 0.4190340909090909 0.2542613636363637 0.4190340909090909 0.31534090909090917 0.47301136363636365 0.31534090909090917
54 0.7286931818181818 0.3806818181818183 0.6107954545454546 0.3806818181818182 0.6107954545454546 0.46164772727272735 0.7286931818181818 0.46164772727272746