44 0.7670454545454546 0.2855113636363637 0.7400568181818182 0.2855113636363637 0.7400568181818182 0.33664772727272735 0.7670454545454546 0.33664772727272735
44 0.3025568181818183 0.5113636363636364 0.17613636363636373 0.5113636363636364 0.17613636363636373 0.5738636363636364 0.3025568181818183 0.5738636363636364
44 0.2642045454545455 0.453125 0.19318181818181826 0.453125 0.19318181818181826 0.5 0.2642045454545455 0.5
44 0.5795454545454546 0.28977272727272735 0.5568181818181818 0.28977272727272735 0.5568181818181818 0.3338068181818183 0.5795454545454546 0.3338068181818183
19 0.8664772727272727 0.36079545454545464 0.8494318181818182 0.36079545454545464 0.8494318181818182 0.3863636363636365 0.8664772727272727 0.3863636363636365
19 0.3934659090909091 0.3721590909090909 0.3806818181818182 0.3721590909090909 0.3806818181818182 0.3934659090909091 0.3934659090909091 0.3934659090909091
37 0.8082386363636364 0.3494318181818183 0.7286931818181818 0.3494318181818183 0.7286931818181818 0.38068181818181834 0.8082386363636364 0.38068181818181834
19 0.875 0.6889204545454547 0.8650568181818182 0.6889204545454547 0.8650568181818182 0.7073863636363638 0.875 0.7073863636363638
19 0.38068181818181834 0.7130681818181818 0.36505681818181834 0.7130681818181818 0.36505681818181834 0.7372159090909091 0.38068181818181834 0.7372159090909091
42 0.6178977272727273 0.3323863636363637 0.5610795454545454 0.3323863636363637 0.5610795454545454 0.3877840909090909 0.6178977272727273 0.3877840909090909
54 0.44176136363636365 0.4559659090909091 0.3352272727272728 0.4559659090909091 0.3352272727272728 0.5269886363636364 0.44176136363636365 0.5269886363636364