44 0.41051136363636365 0.484375 0.33664772727272735 0.484375 0.33664772727272735 0.53125 0.41051136363636365 0.53125
44 0.6732954545454546 0.3011363636363637 0.5866477272727273 0.3011363636363637 0.5866477272727273 0.35511363636363646 0.6732954545454546 0.35511363636363646
37 0.7784090909090909 0.48437500000000017 0.7571022727272727 0.48437500000000017 0.7571022727272727 0.5696022727272729 0.7784090909090909 0.5696022727272729
44 0.390625 0.4346590909090909 0.34517045454545464 0.4346590909090909 0.34517045454545464 0.47301136363636365 0.390625 0.47301136363636365
19 0.7784090909090909 0.6619318181818183 0.7627840909090909 0.6619318181818183 0.7627840909090909 0.6860795454545456 0.7784090909090909 0.6860795454545456
44 0.8877840909090909 0.47727272727272746 0.7855113636363636 0.47727272727272746 0.7855113636363636 0.528409090909091 0.8877840909090909 0.528409090909091
19 0.7698863636363636 0.3778409090909092 0.75 0.3778409090909092 0.75 0.4090909090909092 0.7698863636363636 0.4090909090909092
19 0.48579545454545453 0.3721590909090909 0.4758522727272727 0.3721590909090909 0.4758522727272727 0.3877840909090909 0.48579545454545453 0.3877840909090909
19 0.48721590909090917 0.6505681818181818 0.47301136363636365 0.6505681818181818 0.4730113636363637 0.6747159090909091 0.4872159090909092 0.6747159090909091
42 0.6903409090909091 0.34375000000000006 0.6264204545454546 0.34375000000000006 0.6264204545454546 0.4005681818181819 0.6903409090909091 0.400568181818182
54 0.5142045454545454 0.4460227272727273 0.43892045454545453 0.4460227272727273 0.43892045454545453 0.5014204545454546 0.5142045454545454 0.5014204545454546