44 0.2286931818181819 0.37926136363636365 0.10369318181818186 0.37926136363636365 0.10369318181818186 0.45454545454545453 0.2286931818181819 0.45454545454545453
44 0.49857954545454547 0.16477272727272732 0.4772727272727273 0.16477272727272732 0.4772727272727273 0.20738636363636373 0.49857954545454547 0.20738636363636373
44 0.6704545454545454 0.16477272727272735 0.6463068181818182 0.16477272727272735 0.6463068181818182 0.21875000000000008 0.6704545454545454 0.21875000000000008
44 0.19460227272727276 0.31676136363636365 0.12215909090909095 0.31676136363636365 0.12215909090909095 0.3721590909090909 0.19460227272727282 0.3721590909090909
19 0.7627840909090909 0.2443181818181819 0.7471590909090909 0.2443181818181819 0.7471590909090909 0.2755681818181819 0.7627840909090909 0.2755681818181819
19 0.29829545454545464 0.6122159090909091 0.2869318181818183 0.6122159090909091 0.2869318181818183 0.6377840909090909 0.29829545454545464 0.6377840909090909
19 0.3210227272727273 0.24005681818181818 0.30823863636363635 0.24005681818181818 0.30823863636363635 0.26420454545454547 0.3210227272727273 0.26420454545454547
37 0.7088068181818182 0.23011363636363644 0.6377840909090909 0.23011363636363644 0.6377840909090909 0.26562500000000006 0.7088068181818182 0.26562500000000006
19 0.7855113636363636 0.5937500000000001 0.7741477272727273 0.5937500000000001 0.7741477272727273 0.6164772727272729 0.7855113636363636 0.6164772727272729
42 0.5355113636363636 0.20596590909090917 0.48011363636363635 0.20596590909090917 0.48011363636363635 0.2599431818181819 0.5355113636363636 0.2599431818181819
54 0.3693181818181818 0.32812500000000006 0.26420454545454547 0.328125 0.26420454545454547 0.40482954545454547 0.3693181818181818 0.40482954545454547