44 0.4786931818181818 0.2443181818181819 0.42045454545454547 0.2443181818181819 0.42045454545454547 0.33096590909090917 0.4786931818181818 0.33096590909090917
19 0.681818181818182 0.7713068181818182 0.6562500000000001 0.7713068181818182 0.6562500000000001 0.7855113636363636 0.681818181818182 0.7855113636363636
19 0.6605113636363636 0.40625000000000006 0.6335227272727273 0.40625 0.6335227272727273 0.42187500000000006 0.6605113636363636 0.42187500000000017
44 0.29687500000000006 0.5355113636363636 0.25000000000000006 0.5355113636363636 0.25000000000000006 0.6306818181818182 0.29687500000000006 0.6306818181818182
44 0.4914772727272729 0.7727272727272727 0.43750000000000017 0.7727272727272727 0.43750000000000017 0.8821022727272727 0.4914772727272729 0.8821022727272727
19 0.356534090909091 0.7230113636363636 0.32812500000000006 0.7230113636363636 0.32812500000000006 0.7428977272727273 0.356534090909091 0.7428977272727273
44 0.41761363636363635 0.2571022727272728 0.3664772727272727 0.2571022727272728 0.3664772727272727 0.31392045454545464 0.41761363636363635 0.31392045454545464
37 0.5355113636363638 0.7414772727272727 0.44318181818181834 0.7414772727272727 0.44318181818181834 0.7698863636363636 0.5355113636363638 0.7698863636363636
19 0.325284090909091 0.4133522727272727 0.30823863636363646 0.4133522727272727 0.30823863636363646 0.4247159090909091 0.325284090909091 0.4247159090909091
42 0.34659090909090917 0.5866477272727273 0.28409090909090917 0.5866477272727273 0.28409090909090917 0.6519886363636364 0.34659090909090917 0.6519886363636364
54 0.453125 0.37073863636363635 0.390625 0.37073863636363635 0.390625 0.4616477272727273 0.453125 0.4616477272727273