44 0.26562500000000006 0.5142045454545454 0.2286931818181819 0.5142045454545454 0.2286931818181819 0.5568181818181818 0.26562500000000006 0.5568181818181818
44 0.4303977272727273 0.2542613636363637 0.3934659090909091 0.2542613636363637 0.3934659090909091 0.2855113636363637 0.4303977272727273 0.2855113636363637
44 0.27840909090909094 0.32954545454545453 0.23863636363636365 0.32954545454545453 0.23863636363636367 0.42329545454545453 0.278409090909091 0.42329545454545453
19 0.5823863636363636 0.184659090909091 0.5553977272727273 0.184659090909091 0.5553977272727273 0.200284090909091 0.5823863636363636 0.200284090909091
44 0.4190340909090909 0.15767045454545459 0.37642045454545453 0.15767045454545459 0.37642045454545453 0.20170454545454553 0.4190340909090909 0.20170454545454553
37 0.4559659090909091 0.2869318181818183 0.37073863636363635 0.2869318181818183 0.37073863636363635 0.31250000000000006 0.4559659090909091 0.31250000000000006
19 0.603693181818182 0.671875 0.575284090909091 0.671875 0.575284090909091 0.6889204545454546 0.603693181818182 0.6889204545454546
19 0.3224431818181818 0.3025568181818182 0.30113636363636365 0.3025568181818182 0.30113636363636365 0.31676136363636365 0.3224431818181818 0.31676136363636365
37 0.4346590909090909 0.2045454545454546 0.36363636363636365 0.2045454545454546 0.36363636363636365 0.22727272727272735 0.4346590909090909 0.22727272727272735
19 0.3196022727272727 0.2215909090909091 0.2997159090909091 0.2215909090909091 0.2997159090909091 0.23579545454545456 0.3196022727272727 0.23579545454545456
19 0.294034090909091 0.6661931818181818 0.27414772727272735 0.6661931818181818 0.27414772727272735 0.6789772727272727 0.294034090909091 0.6789772727272727
19 0.5852272727272727 0.2727272727272728 0.5568181818181818 0.2727272727272728 0.5568181818181818 0.28977272727272735 0.5852272727272727 0.28977272727272735
3 0.33664772727272735 0.3693181818181818 0.278409090909091 0.3693181818181818 0.278409090909091 0.4289772727272727 0.33664772727272735 0.4289772727272727
37 0.3110795454545455 0.4943181818181818 0.278409090909091 0.4943181818181818 0.278409090909091 0.5681818181818182 0.3110795454545455 0.5681818181818182
44 0.42187500000000017 0.7471590909090909 0.33948863636363646 0.7471590909090909 0.33948863636363646 0.9232954545454546 0.42187500000000017 0.9232954545454546
54 0.419034090909091 0.6477272727272727 0.3650568181818182 0.6477272727272727 0.3650568181818183 0.7130681818181818 0.41903409090909105 0.7130681818181818