19 0.8607954545454546 0.6477272727272729 0.8465909090909091 0.6477272727272729 0.8465909090909091 0.6747159090909093 0.8607954545454546 0.6747159090909093
44 0.7400568181818182 0.2883522727272728 0.6349431818181818 0.2883522727272728 0.6349431818181818 0.34375000000000006 0.7400568181818182 0.34375000000000006
44 0.8025568181818182 0.4730113636363638 0.7713068181818182 0.4730113636363638 0.7713068181818182 0.5142045454545456 0.8025568181818182 0.5142045454545456
44 0.5355113636363636 0.28125000000000006 0.4943181818181818 0.28125000000000006 0.4943181818181818 0.325284090909091 0.5355113636363636 0.325284090909091
19 0.8423295454545454 0.3707386363636365 0.828125 0.3707386363636365 0.828125 0.3920454545454547 0.8423295454545454 0.3920454545454547
19 0.37215909090909105 0.6775568181818182 0.3579545454545455 0.6775568181818182 0.3579545454545455 0.703125 0.37215909090909105 0.703125
44 0.8977272727272727 0.46164772727272746 0.8551136363636364 0.46164772727272746 0.8551136363636364 0.5056818181818183 0.8977272727272727 0.5056818181818183
3 0.6917613636363636 0.340909090909091 0.6306818181818182 0.340909090909091 0.6306818181818182 0.4048295454545455 0.6917613636363636 0.40482954545454564
37 0.8508522727272727 0.4446022727272729 0.8309659090909091 0.4446022727272729 0.8309659090909091 0.5170454545454547 0.8508522727272727 0.5170454545454547
37 0.5568181818181818 0.3423295454545455 0.48295454545454547 0.3423295454545455 0.48295454545454547 0.3778409090909091 0.5568181818181818 0.3778409090909091
19 0.7585227272727273 0.3707386363636365 0.7443181818181818 0.3707386363636365 0.7443181818181818 0.3920454545454547 0.7585227272727273 0.3920454545454547
19 0.7784090909090909 0.6448863636363638 0.7585227272727273 0.6448863636363638 0.7585227272727273 0.6747159090909093 0.7784090909090909 0.6747159090909093
37 0.7684659090909091 0.45028409090909105 0.7428977272727273 0.45028409090909105 0.7428977272727273 0.5426136363636366 0.7684659090909091 0.5426136363636366
19 0.375 0.33948863636363646 0.36079545454545464 0.33948863636363646 0.36079545454545464 0.36363636363636365 0.375 0.36363636363636365
44 0.28977272727272735 0.4147727272727273 0.09090909090909095 0.4147727272727273 0.09090909090909097 0.5056818181818182 0.28977272727272735 0.5056818181818182
54 0.3977272727272727 0.4460227272727273 0.3267045454545455 0.4460227272727273 0.3267045454545455 0.5014204545454546 0.3977272727272727 0.5014204545454546