44 0.7724780696022727 0.4819391633522729 0.7406798238636363 0.4819391633522729 0.7406798238636363 0.5237642585227275 0.7724780696022727 0.5237642585227275
44 0.5033003295454546 0.30513307954545466 0.45888157954545455 0.30513307954545466 0.45888157954545455 0.34992282528409097 0.5033003295454546 0.34992282528409097
3 0.6595394730113636 0.35646387784090916 0.5948198778409091 0.35646387784090916 0.5948198778409091 0.4192199786931818 0.6595394730113636 0.41921997869318184
44 0.7061403508522728 0.29467680539772734 0.6011372585227273 0.29467680539772734 0.6011372585227273 0.35931558948863646 0.7061403508522728 0.35931558948863646
19 0.8371710525568182 0.6587452471590911 0.8212719303977273 0.6587452471590911 0.8212719303977273 0.6872623579545456 0.8371710525568182 0.6872623579545456
19 0.3453947372159092 0.7072243352272728 0.3289473678977273 0.7072243352272728 0.3289473678977273 0.736692015625 0.3453947372159092 0.736692015625
19 0.34320175426136373 0.3716730042613637 0.3300438593750001 0.3716730042613637 0.3300438593750001 0.3963878323863636 0.34320175426136373 0.3963878323863636
37 0.7390350880681819 0.45912547585227287 0.7127192982954546 0.45912547585227287 0.7127192982954546 0.5513307982954547 0.7390350880681819 0.5513307982954547
44 0.8717105269886364 0.4597020497159093 0.8267124431818181 0.4597020497159093 0.8267124431818181 0.5104562741477274 0.8717105269886364 0.5104562741477274
37 0.5252192982954546 0.3650190113636364 0.4462719303977272 0.3650190113636364 0.4462719303977272 0.401140684659091 0.5252192982954546 0.401140684659091
19 0.7264254389204545 0.3811787073863638 0.7110745610795455 0.3811787073863638 0.7110745610795455 0.40304182528409105 0.7264254389204545 0.40304182528409105
19 0.7494517542613636 0.6625475284090911 0.7302631576704546 0.6625475284090911 0.7302631576704546 0.6920152088068183 0.7494517542613636 0.6920152088068183
19 0.8108552627840908 0.3764258551136365 0.7955043863636363 0.3764258551136365 0.7955043863636363 0.40019011363636375 0.8108552627840908 0.40019011363636375
37 0.8258165071022727 0.45152091193181837 0.8009868423295454 0.45152091193181837 0.8009868423295454 0.5275665397727274 0.8258165071022727 0.5275665397727274
44 0.2637061406250001 0.4543726235795455 0.06962719318181824 0.4543726235795455 0.06962719318181824 0.5427756647727272 0.2637061406250001 0.5427756647727272
54 0.3667763153409091 0.445571046875 0.2829218110795455 0.445571046875 0.2829218110795455 0.5640989531249999 0.3667763153409091 0.5640989531249999