44 0.12500000000000008 0.5696022727272727 0.021306818181818253 0.5696022727272727 0.021306818181818257 0.6647727272727273 0.12500000000000008 0.6647727272727273
44 0.1107954545454546 0.4900568181818182 0.05681818181818188 0.4900568181818182 0.05681818181818188 0.5440340909090909 0.11079545454545463 0.5440340909090909
19 0.48295454545454564 0.8125 0.4730113636363638 0.8125 0.4730113636363638 0.8323863636363636 0.48295454545454564 0.8323863636363636
19 0.2130681818181819 0.4119318181818182 0.200284090909091 0.4119318181818182 0.200284090909091 0.4318181818181818 0.2130681818181819 0.4318181818181818
44 0.7911931818181818 0.5298295454545456 0.7698863636363636 0.5298295454545456 0.7698863636363636 0.5667613636363638 0.7911931818181818 0.5667613636363638
19 0.7428977272727273 0.42187500000000017 0.7301136363636364 0.42187500000000017 0.7301136363636364 0.44318181818181834 0.7428977272727273 0.44318181818181834
19 0.765625 0.8082386363636364 0.7542613636363636 0.8082386363636364 0.7542613636363636 0.828125 0.765625 0.828125
37 0.8877840909090909 0.5397727272727274 0.859375 0.5397727272727274 0.859375 0.6548295454545456 0.8877840909090909 0.6548295454545456
19 0.8991477272727273 0.8323863636363636 0.8863636363636364 0.8323863636363636 0.8863636363636364 0.8508522727272727 0.8991477272727273 0.8508522727272727
19 0.8707386363636364 0.431818181818182 0.8565340909090909 0.431818181818182 0.8565340909090909 0.4545454545454547 0.8707386363636364 0.4545454545454547
3 0.7769886363636364 0.5340909090909093 0.7102272727272727 0.5340909090909093 0.7102272727272727 0.6576704545454547 0.7769886363636364 0.6576704545454547
44 0.9403409090909091 0.5525568181818183 0.9005681818181818 0.5525568181818183 0.9005681818181818 0.619318181818182 0.9403409090909091 0.619318181818182
19 0.19602272727272735 0.828125 0.184659090909091 0.828125 0.184659090909091 0.8480113636363636 0.19602272727272735 0.8480113636363636
44 0.3721590909090909 0.31392045454545464 0.3494318181818182 0.31392045454545464 0.34943181818181823 0.36221590909090917 0.3721590909090909 0.36221590909090917
44 0.5383522727272727 0.5369318181818182 0.5056818181818182 0.5369318181818182 0.5056818181818182 0.5909090909090909 0.5383522727272727 0.5909090909090909
44 0.6079545454545454 0.340909090909091 0.5738636363636364 0.340909090909091 0.5738636363636364 0.39204545454545453 0.6079545454545454 0.39204545454545453
14 0.6477272727272727 0.40767045454545453 0.5482954545454546 0.40767045454545453 0.5482954545454546 0.44886363636363635 0.6477272727272727 0.44886363636363635
8 0.39204545454545453 0.3693181818181818 0.3338068181818183 0.3693181818181818 0.3338068181818183 0.4616477272727273 0.39204545454545453 0.4616477272727273
54 0.2642045454545455 0.48579545454545453 0.13352272727272732 0.48579545454545453 0.13352272727272732 0.6505681818181818 0.2642045454545455 0.6505681818181818
19 0.48295454545454547 0.4034090909090909 0.4659090909090909 0.4034090909090909 0.4659090909090909 0.44176136363636365 0.48295454545454547 0.44176136363636365
42 0.515625 0.5383522727272727 0.46732954545454547 0.5383522727272727 0.46732954545454547 0.6548295454545454 0.515625 0.6548295454545454