44 0.453125 0.05965909090909096 0.36079545454545453 0.059659090909090946 0.36079545454545453 0.16193181818181823 0.453125 0.16193181818181823
44 0.5227272727272727 0.0951704545454546 0.4772727272727273 0.09517045454545459 0.4772727272727273 0.14630681818181823 0.5227272727272727 0.14630681818181826
44 0.47443181818181834 0.7727272727272727 0.4403409090909092 0.7727272727272727 0.4403409090909092 0.7954545454545454 0.47443181818181834 0.7954545454545454
19 0.20454545454545456 0.21875 0.18607954545454544 0.21875 0.18607954545454544 0.23011363636363635 0.20454545454545456 0.23011363636363635
19 0.19176136363636373 0.8835227272727273 0.17613636363636376 0.8835227272727273 0.17613636363636376 0.8934659090909091 0.19176136363636373 0.8934659090909091
19 0.215909090909091 0.7585227272727273 0.19602272727272735 0.7585227272727273 0.19602272727272735 0.7698863636363636 0.215909090909091 0.7698863636363636
19 0.5653409090909093 0.8565340909090909 0.5454545454545456 0.8565340909090909 0.5454545454545456 0.8707386363636364 0.5653409090909093 0.8707386363636364
19 0.5781250000000001 0.7372159090909091 0.5582386363636366 0.7372159090909091 0.5582386363636366 0.7485795454545454 0.5781250000000001 0.7485795454545454
44 0.45028409090909105 0.8963068181818182 0.38778409090909105 0.8963068181818182 0.38778409090909105 0.9360795454545454 0.45028409090909105 0.9360795454545454
19 0.5965909090909091 0.23011363636363644 0.5724431818181818 0.23011363636363644 0.5724431818181818 0.2443181818181819 0.5965909090909091 0.2443181818181819
37 0.463068181818182 0.8579545454545454 0.35511363636363646 0.8579545454545454 0.35511363636363646 0.8863636363636364 0.463068181818182 0.8863636363636364
14 0.5980113636363636 0.5639204545454546 0.5553977272727273 0.5639204545454546 0.5553977272727273 0.6590909090909091 0.5980113636363636 0.6590909090909091
19 0.21448863636363644 0.4928977272727273 0.1974431818181819 0.4928977272727273 0.1974431818181819 0.5042613636363636 0.21448863636363644 0.5042613636363636
3 0.4715909090909092 0.7201704545454546 0.3579545454545455 0.7201704545454546 0.3579545454545455 0.7798295454545454 0.4715909090909092 0.7798295454545454
44 0.6860795454545454 0.3735795454545455 0.6420454545454546 0.37357954545454547 0.6420454545454546 0.3963068181818183 0.6860795454545454 0.39630681818181834
44 0.65625 0.5866477272727273 0.6079545454545454 0.5866477272727273 0.6079545454545454 0.6207386363636364 0.65625 0.6207386363636364
44 0.47301136363636365 0.5255681818181818 0.421875 0.5255681818181818 0.421875 0.5511363636363636 0.47301136363636365 0.5511363636363636
19 0.5923295454545454 0.48579545454545453 0.5525568181818182 0.48579545454545453 0.5525568181818182 0.5028409090909091 0.5923295454545454 0.5028409090909091
54 0.5269886363636364 0.17045454545454553 0.37357954545454547 0.1704545454545455 0.37357954545454547 0.2883522727272728 0.5269886363636364 0.2883522727272728
8 0.6321022727272727 0.356534090909091 0.5411931818181818 0.356534090909091 0.5411931818181818 0.4161931818181818 0.6321022727272727 0.4161931818181818
42 0.47301136363636365 0.4872159090909091 0.36079545454545464 0.4872159090909091 0.36079545454545464 0.53125 0.47301136363636365 0.53125