44 0.5497159090909091 0.48011363636363635 0.5184659090909091 0.48011363636363635 0.5184659090909091 0.5710227272727273 0.5497159090909091 0.5710227272727273
44 0.4190340909090909 0.5397727272727273 0.390625 0.5397727272727273 0.390625 0.6534090909090909 0.4190340909090909 0.6534090909090909
44 0.53125 0.04261363636363642 0.4943181818181818 0.04261363636363642 0.4943181818181818 0.13778409090909097 0.53125 0.137784090909091
44 0.5454545454545456 0.71875 0.5085227272727274 0.71875 0.5085227272727274 0.8039772727272727 0.5454545454545456 0.8039772727272727
44 0.3977272727272727 0.3579545454545455 0.3664772727272727 0.3579545454545455 0.3664772727272727 0.43607954545454547 0.3977272727272727 0.43607954545454547
19 0.7315340909090909 0.4417613636363638 0.7073863636363636 0.4417613636363638 0.7073863636363636 0.45880681818181834 0.7315340909090909 0.45880681818181834
19 0.7258522727272729 0.7400568181818182 0.7059659090909093 0.7400568181818182 0.7059659090909093 0.7556818181818182 0.7258522727272729 0.7556818181818182
44 0.559659090909091 0.8565340909090909 0.509943181818182 0.8565340909090909 0.509943181818182 0.9644886363636364 0.559659090909091 0.9644886363636364
19 0.421875 0.24147727272727282 0.3963068181818182 0.24147727272727282 0.3963068181818182 0.26136363636363646 0.421875 0.26136363636363646
19 0.7144886363636364 0.2130681818181819 0.6917613636363636 0.2130681818181819 0.6917613636363636 0.23011363636363644 0.7144886363636364 0.23011363636363644
19 0.4474431818181818 0.44176136363636365 0.42613636363636365 0.44176136363636365 0.42613636363636365 0.4588068181818182 0.4474431818181818 0.4588068181818182
37 0.6008522727272729 0.8224431818181818 0.509943181818182 0.8224431818181818 0.509943181818182 0.8536931818181818 0.6008522727272729 0.8536931818181818
19 0.4644886363636365 0.8025568181818182 0.4446022727272729 0.8025568181818182 0.4446022727272729 0.8167613636363636 0.4644886363636365 0.8167613636363636
4 0.575284090909091 0.6889204545454546 0.5468750000000001 0.6889204545454546 0.5468750000000001 0.7428977272727273 0.575284090909091 0.7428977272727273
19 0.45880681818181834 0.6946022727272727 0.4446022727272729 0.6946022727272727 0.4446022727272729 0.7059659090909091 0.45880681818181834 0.7059659090909091
19 0.7215909090909093 0.8607954545454546 0.7031250000000001 0.8607954545454546 0.7031250000000001 0.875 0.7215909090909093 0.875
44 0.48295454545454547 0.05681818181818188 0.45170454545454547 0.05681818181818188 0.45170454545454547 0.1178977272727273 0.48295454545454547 0.1178977272727273
8 0.4431818181818182 0.3508522727272728 0.40198863636363635 0.3508522727272728 0.40198863636363635 0.390625 0.4431818181818182 0.390625
14 0.4559659090909091 0.5056818181818182 0.421875 0.5056818181818182 0.421875 0.6306818181818182 0.4559659090909091 0.6306818181818182
42 0.5866477272727273 0.4403409090909091 0.49573863636363635 0.4403409090909091 0.49573863636363635 0.48295454545454547 0.5866477272727273 0.48295454545454547
54 0.5838068181818182 0.17471590909090914 0.46448863636363635 0.17471590909090914 0.46448863636363635 0.28267045454545464 0.5838068181818182 0.28267045454545464