12 0.3309659090909091 0.2329545454545455 0.2599431818181818 0.23295454545454544 0.2599431818181818 0.2855113636363637 0.3309659090909091 0.2855113636363637
14 0.6065340909090909 0.25142045454545464 0.5014204545454546 0.25142045454545464 0.5014204545454546 0.29261363636363646 0.6065340909090909 0.29261363636363646
46 0.6107954545454546 0.3977272727272727 0.4900568181818182 0.3977272727272727 0.4900568181818182 0.5014204545454546 0.6107954545454546 0.5014204545454546
50 0.45596590909090917 0.578125 0.35937500000000006 0.578125 0.35937500000000006 0.6803977272727273 0.4559659090909092 0.6803977272727273
38 0.5071022727272728 0.6051136363636364 0.4502840909090909 0.6051136363636364 0.450284090909091 0.7102272727272727 0.5071022727272729 0.7102272727272727
52 0.7130681818181818 0.47159090909090917 0.6278409090909091 0.4715909090909091 0.6278409090909091 0.5738636363636365 0.7130681818181818 0.5738636363636366
43 0.8323863636363636 0.262784090909091 0.8011363636363636 0.262784090909091 0.8011363636363636 0.29971590909090917 0.8323863636363636 0.29971590909090917
43 0.8366477272727273 0.3948863636363638 0.8025568181818182 0.3948863636363638 0.8025568181818182 0.4332386363636365 0.8366477272727273 0.4332386363636365
43 0.19744318181818182 0.23863636363636365 0.1548295454545455 0.23863636363636365 0.1548295454545455 0.2784090909090909 0.19744318181818182 0.2784090909090909
43 0.19886363636363644 0.3977272727272727 0.16051136363636367 0.3977272727272727 0.16051136363636367 0.4431818181818182 0.19886363636363644 0.4431818181818182
44 0.25710227272727276 0.32670454545454547 0.09090909090909095 0.32670454545454547 0.09090909090909095 0.375 0.2571022727272728 0.375
44 0.3224431818181818 0.18323863636363635 0.2684659090909091 0.18323863636363635 0.2684659090909091 0.2372159090909091 0.3224431818181818 0.2372159090909091
44 0.5511363636363636 0.19886363636363644 0.5071022727272727 0.19886363636363644 0.5071022727272727 0.24573863636363644 0.5511363636363636 0.24573863636363644
44 0.5667613636363636 0.35227272727272735 0.515625 0.35227272727272735 0.515625 0.39204545454545453 0.5667613636363636 0.39204545454545453
44 0.9261363636363636 0.3167613636363637 0.7684659090909091 0.3167613636363637 0.7684659090909091 0.37215909090909105 0.9261363636363636 0.37215909090909105
44 0.6448863636363636 0.4247159090909091 0.6150568181818182 0.4247159090909091 0.6150568181818182 0.4616477272727273 0.6448863636363636 0.4616477272727273
44 0.7542613636363636 0.5227272727272729 0.7102272727272727 0.5227272727272729 0.7102272727272727 0.572443181818182 0.7542613636363636 0.572443181818182
44 0.5639204545454546 0.5028409090909091 0.515625 0.5028409090909091 0.515625 0.5411931818181818 0.5639204545454546 0.5411931818181818
44 0.5568181818181819 0.6505681818181818 0.5056818181818182 0.6505681818181818 0.5056818181818182 0.6974431818181818 0.556818181818182 0.6974431818181818
44 0.36363636363636365 0.5965909090909091 0.309659090909091 0.5965909090909091 0.309659090909091 0.6477272727272727 0.36363636363636365 0.6477272727272727
19 0.4474431818181818 0.25000000000000006 0.421875 0.25000000000000006 0.421875 0.28409090909090917 0.4474431818181818 0.28409090909090917
19 0.31392045454545464 0.39488636363636365 0.28409090909090917 0.39488636363636365 0.28409090909090917 0.4318181818181818 0.31392045454545464 0.4318181818181818
19 0.4261363636363638 0.734375 0.3977272727272729 0.734375 0.3977272727272729 0.7713068181818182 0.4261363636363638 0.7713068181818182
19 0.5000000000000001 0.7329545454545454 0.4758522727272729 0.7329545454545454 0.4758522727272729 0.7670454545454546 0.5000000000000001 0.7670454545454546
19 0.30823863636363646 0.7485795454545454 0.2883522727272728 0.7485795454545454 0.2883522727272728 0.7755681818181818 0.30823863636363646 0.7755681818181818
19 0.6903409090909093 0.7428977272727273 0.6704545454545456 0.7428977272727273 0.6704545454545456 0.7698863636363636 0.6903409090909093 0.7698863636363636
19 0.5994318181818183 0.7301136363636364 0.575284090909091 0.7301136363636364 0.575284090909091 0.7627840909090909 0.5994318181818183 0.7627840909090909
19 0.7088068181818182 0.2542613636363637 0.6832386363636364 0.2542613636363637 0.6832386363636364 0.2883522727272728 0.7088068181818182 0.2883522727272728
5 0.7017045454545454 0.39630681818181834 0.6803977272727273 0.39630681818181834 0.6803977272727273 0.4247159090909092 0.7017045454545454 0.4247159090909092
5 0.4375 0.3991477272727273 0.4147727272727273 0.3991477272727273 0.4147727272727273 0.4275568181818182 0.4375 0.4275568181818182
14 0.6079545454545454 0.3991477272727273 0.4943181818181818 0.3991477272727273 0.4943181818181818 0.4403409090909091 0.6079545454545454 0.4403409090909091
14 0.6065340909090909 0.4588068181818182 0.5028409090909091 0.4588068181818182 0.5028409090909091 0.49857954545454547 0.6065340909090909 0.49857954545454547
21 0.609375 0.43323863636363635 0.49573863636363635 0.43323863636363635 0.49573863636363635 0.45454545454545453 0.609375 0.45454545454545453