12 0.6363636363636365 0.6590909090909091 0.5838068181818182 0.6590909090909091 0.5838068181818182 0.7528409090909091 0.6363636363636366 0.7528409090909091
14 0.6335227272727273 0.3678977272727273 0.5909090909090909 0.3678977272727273 0.5909090909090909 0.4758522727272727 0.6335227272727273 0.4758522727272727
46 0.45738636363636365 0.3721590909090909 0.375 0.3721590909090909 0.375 0.4659090909090909 0.45738636363636365 0.4659090909090909
50 0.3508522727272728 0.5071022727272727 0.25284090909090917 0.5071022727272727 0.25284090909090917 0.6065340909090909 0.3508522727272728 0.6065340909090909
38 0.29971590909090917 0.4559659090909091 0.24005681818181826 0.4559659090909091 0.24005681818181826 0.4928977272727273 0.29971590909090917 0.4928977272727273
52 0.3835227272727273 0.27272727272727276 0.3068181818181818 0.2727272727272727 0.3068181818181819 0.3480113636363637 0.3835227272727273 0.3480113636363637
43 0.6505681818181818 0.137784090909091 0.6136363636363636 0.137784090909091 0.6136363636363636 0.1661931818181819 0.6505681818181818 0.1661931818181819
43 0.4744318181818182 0.16477272727272732 0.4375 0.16477272727272732 0.4375 0.19318181818181826 0.4744318181818182 0.19318181818181826
43 0.6207386363636366 0.8196022727272727 0.5838068181818183 0.8196022727272727 0.5838068181818183 0.8551136363636364 0.6207386363636366 0.8551136363636364
43 0.4332386363636365 0.796875 0.39630681818181834 0.796875 0.39630681818181834 0.8323863636363636 0.4332386363636365 0.8323863636363636
44 0.5298295454545456 0.7826704545454546 0.48295454545454564 0.7826704545454546 0.48295454545454564 0.8991477272727273 0.5298295454545456 0.8991477272727273
44 0.681818181818182 0.6960227272727274 0.634943181818182 0.6960227272727273 0.634943181818182 0.7443181818181818 0.681818181818182 0.7443181818181818
44 0.6903409090909091 0.40909090909090917 0.6448863636363636 0.4090909090909091 0.6448863636363636 0.4602272727272728 0.6903409090909091 0.4602272727272729
44 0.5639204545454546 0.12357954545454554 0.5170454545454546 0.12357954545454554 0.5170454545454546 0.24147727272727282 0.5639204545454546 0.24147727272727282
44 0.3508522727272727 0.23721590909090914 0.31107954545454547 0.2372159090909091 0.31107954545454547 0.27982954545454547 0.3508522727272727 0.2798295454545455
44 0.4346590909090909 0.3579545454545455 0.3977272727272727 0.3579545454545455 0.3977272727272727 0.3778409090909091 0.4346590909090909 0.3778409090909091
44 0.4914772727272727 0.38920454545454547 0.4616477272727273 0.38920454545454547 0.4616477272727273 0.4460227272727273 0.4914772727272727 0.4460227272727273
44 0.37926136363636365 0.40625 0.3508522727272728 0.40625 0.3508522727272728 0.4403409090909091 0.37926136363636365 0.4403409090909091
44 0.28267045454545464 0.41761363636363635 0.25142045454545464 0.41761363636363635 0.25142045454545464 0.45454545454545453 0.28267045454545464 0.45454545454545453
44 0.32102272727272735 0.6107954545454546 0.27698863636363646 0.6107954545454546 0.27698863636363646 0.6519886363636364 0.32102272727272735 0.6519886363636364
19 0.6264204545454546 0.5568181818181818 0.5980113636363636 0.5568181818181818 0.5980113636363636 0.578125 0.6264204545454546 0.578125
19 0.43750000000000017 0.6818181818181818 0.4090909090909092 0.6818181818181818 0.4090909090909092 0.703125 0.43750000000000017 0.703125
19 0.2045454545454546 0.6661931818181818 0.17613636363636373 0.6661931818181818 0.17613636363636373 0.6875 0.2045454545454546 0.6875
19 0.21164772727272735 0.546875 0.18323863636363644 0.546875 0.18323863636363644 0.5681818181818182 0.21164772727272735 0.5681818181818182
19 0.22585227272727282 0.453125 0.1974431818181819 0.453125 0.1974431818181819 0.4744318181818182 0.22585227272727282 0.4744318181818182
19 0.23437500000000008 0.375 0.20596590909090917 0.375 0.20596590909090917 0.3963068181818182 0.23437500000000008 0.3963068181818182
19 0.23295454545454544 0.2911931818181818 0.20454545454545456 0.2911931818181818 0.20454545454545456 0.3125 0.23295454545454544 0.3125
19 0.6448863636363636 0.2698863636363637 0.6164772727272727 0.2698863636363637 0.6164772727272727 0.2911931818181819 0.6448863636363636 0.2911931818181819
5 0.44886363636363635 0.5539772727272727 0.41761363636363635 0.5539772727272727 0.41761363636363635 0.5738636363636364 0.44886363636363635 0.5738636363636364
5 0.47017045454545453 0.2755681818181819 0.43892045454545453 0.2755681818181819 0.43892045454545453 0.2954545454545455 0.47017045454545453 0.2954545454545455
14 0.4034090909090909 0.3778409090909091 0.3778409090909091 0.3778409090909091 0.3778409090909091 0.46448863636363635 0.4034090909090909 0.46448863636363635
14 0.4559659090909091 0.37642045454545453 0.4147727272727273 0.37642045454545453 0.4147727272727273 0.46448863636363635 0.4559659090909091 0.46448863636363635
21 0.4190340909090909 0.37357954545454547 0.40482954545454547 0.37357954545454547 0.40482954545454547 0.46448863636363635 0.4190340909090909 0.46448863636363635