50 0.5539772727272727 0.5255681818181818 0.4303977272727273 0.5255681818181818 0.4303977272727273 0.6519886363636364 0.5539772727272727 0.6519886363636364
12 0.3650568181818182 0.15056818181818185 0.25426136363636365 0.15056818181818185 0.25426136363636365 0.2144886363636364 0.3650568181818182 0.21448863636363644
14 0.6775568181818182 0.20312500000000008 0.5639204545454546 0.20312500000000008 0.5639204545454546 0.25284090909090917 0.6775568181818182 0.25284090909090917
46 0.6960227272727273 0.40198863636363646 0.5909090909090909 0.40198863636363635 0.5909090909090909 0.4985795454545455 0.6960227272727273 0.49857954545454564
52 0.8053977272727273 0.4914772727272729 0.7301136363636364 0.4914772727272729 0.7301136363636364 0.588068181818182 0.8053977272727273 0.588068181818182
38 0.6207386363636365 0.5994318181818182 0.5738636363636364 0.5994318181818182 0.5738636363636365 0.6732954545454546 0.6207386363636366 0.6732954545454546
43 0.15767045454545456 0.14488636363636365 0.109375 0.14488636363636365 0.10937500000000001 0.19744318181818182 0.15767045454545459 0.19744318181818182
43 0.17329545454545459 0.4005681818181818 0.12500000000000003 0.4005681818181818 0.12500000000000003 0.453125 0.17329545454545459 0.453125
43 0.8877840909090909 0.21448863636363644 0.8536931818181818 0.21448863636363644 0.8536931818181818 0.2542613636363637 0.8877840909090909 0.2542613636363637
43 0.8963068181818182 0.39062500000000017 0.8622159090909091 0.39062500000000017 0.8622159090909091 0.4289772727272729 0.8963068181818182 0.4289772727272729
44 0.9176136363636364 0.29971590909090917 0.8068181818181818 0.29971590909090917 0.8068181818181818 0.3480113636363637 0.9176136363636364 0.3480113636363637
44 0.6306818181818182 0.14914772727272735 0.5767045454545454 0.14914772727272735 0.5767045454545454 0.19602272727272735 0.6306818181818182 0.19602272727272735
44 0.6704545454545454 0.36079545454545464 0.6107954545454546 0.36079545454545464 0.6107954545454546 0.39914772727272735 0.6704545454545454 0.39914772727272746
44 0.6619318181818182 0.497159090909091 0.6235795454545454 0.4971590909090909 0.6235795454545454 0.5312500000000001 0.6619318181818182 0.5312500000000001
44 0.7073863636363636 0.431818181818182 0.6875 0.431818181818182 0.6875 0.4701704545454547 0.7073863636363636 0.4701704545454547
44 0.8465909090909091 0.5340909090909093 0.8039772727272727 0.5340909090909093 0.8039772727272727 0.5852272727272729 0.8465909090909091 0.5852272727272729
44 0.6619318181818182 0.6207386363636365 0.6207386363636364 0.6207386363636364 0.6207386363636365 0.6605113636363638 0.6619318181818183 0.6605113636363638
44 0.4289772727272727 0.5625 0.3778409090909091 0.5625 0.3778409090909091 0.6207386363636364 0.4289772727272727 0.6207386363636364
19 0.3423295454545455 0.3963068181818182 0.31250000000000006 0.3963068181818182 0.31250000000000006 0.44176136363636365 0.3423295454545455 0.44176136363636365
19 0.4815340909090909 0.19176136363636373 0.45738636363636365 0.19176136363636373 0.45738636363636365 0.22443181818181826 0.4815340909090909 0.22443181818181826
19 0.3508522727272728 0.7457386363636364 0.3267045454545455 0.7457386363636364 0.3267045454545455 0.7784090909090909 0.3508522727272728 0.7784090909090909
19 0.509943181818182 0.7173295454545454 0.4857954545454547 0.7173295454545454 0.4857954545454547 0.75 0.509943181818182 0.75
19 0.6264204545454547 0.6988636363636364 0.6022727272727274 0.6988636363636364 0.6022727272727274 0.7329545454545454 0.6264204545454547 0.7329545454545454
19 0.7201704545454547 0.6903409090909093 0.6960227272727274 0.6903409090909093 0.6960227272727274 0.7230113636363638 0.7201704545454547 0.7230113636363638
19 0.8053977272727273 0.6832386363636366 0.7883522727272727 0.6832386363636366 0.7883522727272727 0.7059659090909093 0.8053977272727273 0.7059659090909093
19 0.7670454545454546 0.215909090909091 0.7457386363636364 0.215909090909091 0.7457386363636364 0.24573863636363644 0.7670454545454546 0.24573863636363644
5 0.4928977272727273 0.40767045454545453 0.46732954545454547 0.40767045454545453 0.46732954545454547 0.4403409090909091 0.4928977272727273 0.4403409090909091
5 0.7911931818181818 0.39630681818181834 0.765625 0.39630681818181834 0.765625 0.4289772727272729 0.7911931818181818 0.4289772727272729
44 0.21022727272727273 0.2599431818181818 0.02840909090909094 0.2599431818181818 0.028409090909090943 0.3252840909090909 0.21022727272727273 0.3252840909090909
44 0.328125 0.09801136363636367 0.2684659090909091 0.09801136363636367 0.2684659090909091 0.16051136363636367 0.328125 0.16051136363636367
14 0.6931818181818182 0.4048295454545455 0.5965909090909091 0.40482954545454547 0.5965909090909091 0.450284090909091 0.6931818181818182 0.45028409090909105
14 0.6889204545454546 0.46448863636363646 0.5965909090909091 0.46448863636363635 0.5965909090909091 0.49573863636363646 0.6889204545454546 0.4957386363636365
21 0.6946022727272727 0.4474431818181819 0.5951704545454546 0.4474431818181818 0.5951704545454546 0.4673295454545455 0.6946022727272727 0.46732954545454564