12 0.3039772727272727 0.23011363636363635 0.22869318181818182 0.23011363636363635 0.22869318181818182 0.2784090909090909 0.3039772727272727 0.2784090909090909
14 0.6022727272727273 0.23011363636363644 0.4786931818181818 0.23011363636363644 0.4786931818181818 0.27698863636363646 0.6022727272727273 0.27698863636363646
46 0.609375 0.390625 0.4758522727272727 0.390625 0.4758522727272727 0.5099431818181818 0.609375 0.5099431818181818
52 0.7230113636363636 0.47159090909090917 0.6264204545454546 0.4715909090909091 0.6264204545454546 0.5781250000000001 0.7230113636363636 0.5781250000000001
50 0.45312500000000006 0.5738636363636364 0.35227272727272735 0.5738636363636364 0.35227272727272735 0.6690340909090909 0.45312500000000017 0.6690340909090909
38 0.5000000000000001 0.6022727272727273 0.4460227272727273 0.6022727272727273 0.44602272727272735 0.7059659090909091 0.5000000000000001 0.7059659090909091
43 0.16335227272727276 0.24431818181818182 0.12926136363636367 0.24431818181818182 0.12926136363636367 0.28267045454545453 0.16335227272727276 0.28267045454545453
43 0.18323863636363644 0.40198863636363635 0.14488636363636367 0.40198863636363635 0.14488636363636367 0.4474431818181818 0.18323863636363644 0.4474431818181818
43 0.8806818181818182 0.21875000000000008 0.8394886363636364 0.21875000000000008 0.8394886363636364 0.26704545454545464 0.8806818181818182 0.26704545454545464
43 0.8735795454545454 0.3778409090909092 0.8338068181818182 0.3778409090909092 0.8338068181818182 0.42755681818181834 0.8735795454545454 0.42755681818181834
19 0.421875 0.23437500000000008 0.39204545454545453 0.23437500000000008 0.39204545454545453 0.26846590909090917 0.421875 0.26846590909090917
19 0.7215909090909091 0.22443181818181826 0.6917613636363636 0.22443181818181826 0.6917613636363636 0.25852272727272735 0.7215909090909091 0.25852272727272735
19 0.29687500000000006 0.39488636363636365 0.26704545454545464 0.39488636363636365 0.26704545454545464 0.43323863636363635 0.29687500000000006 0.43323863636363635
19 0.4261363636363638 0.7244318181818182 0.39914772727272746 0.7244318181818182 0.39914772727272746 0.7585227272727273 0.4261363636363638 0.7585227272727273
19 0.49715909090909105 0.7258522727272727 0.4730113636363638 0.7258522727272727 0.4730113636363638 0.7571022727272727 0.49715909090909105 0.7571022727272727
19 0.5994318181818183 0.7286931818181818 0.5767045454545456 0.7286931818181818 0.5767045454545456 0.7599431818181818 0.5994318181818183 0.7599431818181818
19 0.31534090909090917 0.7301136363636364 0.2954545454545455 0.7301136363636364 0.2954545454545455 0.7542613636363636 0.31534090909090917 0.7542613636363636
19 0.6988636363636366 0.7443181818181818 0.6747159090909093 0.7443181818181818 0.6747159090909093 0.7755681818181818 0.6988636363636366 0.7755681818181818
5 0.42045454545454547 0.3977272727272727 0.39204545454545453 0.3977272727272727 0.39204545454545453 0.4346590909090909 0.42045454545454547 0.4346590909090909
5 0.7130681818181818 0.3821022727272729 0.6832386363636364 0.3821022727272729 0.6832386363636364 0.4176136363636365 0.7130681818181818 0.4176136363636365
44 0.23863636363636367 0.328125 0.07812500000000004 0.328125 0.07812500000000004 0.390625 0.23863636363636373 0.390625
44 0.2897727272727273 0.17471590909090914 0.23579545454545456 0.17471590909090914 0.23579545454545456 0.23579545454545456 0.2897727272727273 0.23579545454545456
44 0.5355113636363636 0.16619318181818188 0.48295454545454547 0.16619318181818185 0.48295454545454547 0.2201704545454546 0.5355113636363636 0.2201704545454546
44 0.5553977272727273 0.340909090909091 0.49857954545454547 0.340909090909091 0.49857954545454547 0.3821022727272727 0.5553977272727273 0.3821022727272727
44 0.6463068181818182 0.41761363636363635 0.6107954545454546 0.41761363636363635 0.6107954545454546 0.4602272727272727 0.6463068181818182 0.4602272727272727
44 1 0.2869318181818183 0.7940340909090909 0.2869318181818183 0.7940340909090909 0.3522727272727274 1 0.35227272727272746
44 0.7741477272727273 0.5198863636363638 0.7159090909090909 0.5198863636363638 0.7159090909090909 0.5781250000000001 0.7741477272727273 0.5781250000000001
44 0.5553977272727273 0.5 0.5056818181818182 0.5 0.5056818181818182 0.5411931818181818 0.5553977272727273 0.5411931818181818
44 0.5539772727272728 0.6505681818181818 0.5014204545454546 0.6505681818181818 0.5014204545454546 0.6960227272727273 0.5539772727272729 0.6960227272727273
44 0.35937500000000006 0.5909090909090909 0.30823863636363646 0.5909090909090909 0.30823863636363646 0.640625 0.35937500000000006 0.640625
14 0.6022727272727273 0.39204545454545453 0.4772727272727273 0.39204545454545453 0.4772727272727273 0.43607954545454547 0.6022727272727273 0.43607954545454547
14 0.6022727272727273 0.45454545454545453 0.4872159090909091 0.45454545454545453 0.4872159090909091 0.5014204545454546 0.6022727272727273 0.5014204545454546
21 0.6036931818181818 0.4289772727272727 0.48011363636363635 0.4289772727272727 0.48011363636363635 0.4474431818181818 0.6036931818181818 0.4474431818181818