12 0.7982954545454546 0.6235795454545456 0.7443181818181818 0.6235795454545456 0.7443181818181818 0.7144886363636366 0.7982954545454546 0.7144886363636366
43 0.7840909090909091 0.78125 0.7471590909090909 0.78125 0.7471590909090909 0.8153409090909091 0.7840909090909091 0.8153409090909091
43 0.5923295454545456 0.7741477272727273 0.5539772727272729 0.7741477272727273 0.5539772727272729 0.8053977272727273 0.5923295454545456 0.8053977272727273
43 0.8153409090909091 0.11363636363636372 0.7755681818181818 0.11363636363636372 0.7755681818181818 0.14346590909090917 0.8153409090909091 0.14346590909090917
43 0.6363636363636364 0.11931818181818189 0.59375 0.11931818181818189 0.59375 0.14914772727272735 0.6363636363636364 0.14914772727272735
19 0.6008522727272728 0.6491477272727273 0.5696022727272727 0.6491477272727273 0.5696022727272728 0.6732954545454546 0.6008522727272729 0.6732954545454546
19 0.7897727272727273 0.5241477272727274 0.7585227272727273 0.5241477272727274 0.7585227272727273 0.5482954545454547 0.7897727272727273 0.5482954545454547
19 0.35511363636363646 0.5170454545454546 0.32386363636363646 0.5170454545454546 0.32386363636363646 0.5411931818181818 0.35511363636363646 0.5411931818181818
19 0.36221590909090917 0.4133522727272727 0.33096590909090917 0.4133522727272727 0.33096590909090917 0.4375 0.36221590909090917 0.4375
19 0.37073863636363635 0.32812500000000006 0.33948863636363635 0.32812500000000006 0.3394886363636364 0.35227272727272735 0.37073863636363635 0.35227272727272735
19 0.3380681818181819 0.6463068181818182 0.31250000000000006 0.6463068181818182 0.31250000000000006 0.6661931818181818 0.3380681818181819 0.6661931818181818
19 0.3678977272727273 0.23721590909090917 0.34232954545454547 0.23721590909090917 0.34232954545454547 0.2571022727272728 0.3678977272727273 0.2571022727272728
5 0.6264204545454546 0.23863636363636373 0.6008522727272727 0.23863636363636373 0.6008522727272727 0.25852272727272735 0.6264204545454546 0.25852272727272735
5 0.6022727272727273 0.5241477272727273 0.5767045454545454 0.5241477272727273 0.5767045454545454 0.5440340909090909 0.6022727272727273 0.5440340909090909
19 0.8011363636363636 0.24573863636363644 0.7698863636363636 0.24573863636363644 0.7698863636363636 0.2698863636363637 0.8011363636363636 0.2698863636363637
14 0.7926136363636364 0.340909090909091 0.75 0.340909090909091 0.75 0.447443181818182 0.7926136363636364 0.447443181818182
46 0.6150568181818182 0.33664772727272735 0.5284090909090909 0.33664772727272735 0.5284090909090909 0.43892045454545453 0.6150568181818182 0.43892045454545453
50 0.5071022727272727 0.4786931818181818 0.3963068181818182 0.4786931818181818 0.3963068181818182 0.578125 0.5071022727272727 0.578125
52 0.5497159090909091 0.22727272727272735 0.4474431818181818 0.22727272727272735 0.4474431818181818 0.3068181818181819 0.5497159090909091 0.3068181818181819
38 0.45738636363636365 0.41761363636363635 0.37926136363636365 0.41761363636363635 0.37926136363636365 0.4602272727272727 0.45738636363636365 0.4602272727272727
44 0.8394886363636364 0.6548295454545456 0.7940340909090909 0.6548295454545456 0.7940340909090909 0.7017045454545456 0.8394886363636364 0.7017045454545456
44 0.8423295454545454 0.38352272727272746 0.8011363636363636 0.38352272727272746 0.8011363636363636 0.43465909090909105 0.8423295454545454 0.43465909090909105
44 0.6917613636363638 0.7457386363636364 0.6463068181818183 0.7457386363636364 0.6463068181818183 0.8678977272727273 0.6917613636363638 0.8678977272727273
44 0.6534090909090909 0.356534090909091 0.6193181818181818 0.356534090909091 0.6193181818181818 0.4133522727272727 0.6534090909090909 0.4133522727272727
44 0.5909090909090909 0.32102272727272735 0.5539772727272727 0.32102272727272735 0.5539772727272727 0.34375000000000006 0.5909090909090909 0.34375000000000006
44 0.5 0.1889204545454546 0.45454545454545453 0.1889204545454546 0.45454545454545453 0.23295454545454553 0.5 0.23295454545454553
44 0.7286931818181818 0.08806818181818189 0.6818181818181818 0.08806818181818189 0.6818181818181818 0.21022727272727282 0.7286931818181818 0.21022727272727282
44 0.5326704545454546 0.37357954545454547 0.5014204545454546 0.37357954545454547 0.5014204545454546 0.40767045454545453 0.5326704545454546 0.40767045454545453
44 0.4275568181818182 0.37926136363636365 0.390625 0.37926136363636365 0.390625 0.41761363636363635 0.4275568181818182 0.41761363636363635
44 0.4772727272727273 0.5809659090909091 0.4289772727272727 0.5809659090909091 0.4289772727272727 0.6221590909090909 0.4772727272727273 0.6221590909090909
14 0.6107954545454546 0.3423295454545455 0.5710227272727273 0.3423295454545455 0.5710227272727273 0.4318181818181818 0.6107954545454546 0.4318181818181818
14 0.5596590909090909 0.34517045454545464 0.53125 0.34517045454545464 0.53125 0.4303977272727273 0.5596590909090909 0.4303977272727273
21 0.5738636363636364 0.33948863636363646 0.5568181818181818 0.33948863636363646 0.5568181818181818 0.4318181818181818 0.5738636363636364 0.4318181818181818