54 0.18892045454545456 0.21164772727272727 0.08522727272727275 0.21164772727272727 0.08522727272727276 0.25426136363636365 0.18892045454545456 0.25426136363636365
54 0.17613636363636367 0.375 0.09659090909090913 0.375 0.09659090909090913 0.4119318181818182 0.17613636363636367 0.4119318181818182
37 0.6207386363636364 0.0823863636363637 0.49857954545454547 0.0823863636363637 0.49857954545454547 0.137784090909091 0.6207386363636364 0.137784090909091
37 0.45454545454545453 0.15056818181818185 0.38920454545454547 0.15056818181818185 0.38920454545454547 0.2798295454545455 0.45454545454545453 0.2798295454545455
38 0.5497159090909091 0.37926136363636365 0.4744318181818182 0.37926136363636365 0.4744318181818182 0.49857954545454547 0.5497159090909091 0.49857954545454547
8 0.390625 0.39488636363636365 0.3196022727272728 0.39488636363636365 0.3196022727272728 0.4431818181818182 0.390625 0.4431818181818182
9 0.7911931818181818 0.03835227272727282 0.6832386363636364 0.03835227272727281 0.6832386363636364 0.14062500000000008 0.7911931818181818 0.14062500000000008
47 0.84375 0.34659090909090917 0.765625 0.34659090909090917 0.765625 0.48153409090909105 0.84375 0.48153409090909105
44 0.5113636363636364 0.19318181818181826 0.45170454545454547 0.19318181818181826 0.45170454545454547 0.2357954545454546 0.5113636363636364 0.2357954545454546
44 0.24573863636363635 0.203125 0.19602272727272727 0.203125 0.19602272727272727 0.2599431818181818 0.24573863636363635 0.2599431818181818
44 0.24005681818181818 0.265625 0.17613636363636367 0.265625 0.17613636363636367 0.3210227272727273 0.24005681818181818 0.3210227272727273
44 0.46448863636363635 0.48011363636363635 0.36221590909090917 0.48011363636363635 0.36221590909090917 0.5198863636363636 0.46448863636363635 0.5198863636363636
44 0.48579545454545453 0.53125 0.36221590909090917 0.53125 0.36221590909090917 0.5724431818181818 0.48579545454545453 0.5724431818181818
44 0.6008522727272727 0.32812500000000006 0.5255681818181818 0.32812500000000006 0.5255681818181818 0.3821022727272727 0.6008522727272727 0.3821022727272727
44 0.5965909090909091 0.38920454545454547 0.5454545454545454 0.38920454545454547 0.5454545454545454 0.4247159090909091 0.5965909090909091 0.4247159090909091
44 0.6008522727272727 0.13352272727272735 0.5014204545454546 0.13352272727272735 0.5014204545454546 0.17755681818181826 0.6008522727272727 0.17755681818181826
44 0.5667613636363636 0.03835227272727279 0.5127840909090909 0.03835227272727279 0.5127840909090909 0.0823863636363637 0.5667613636363636 0.0823863636363637
44 0.7670454545454546 0.011363636363636458 0.7215909090909091 0.011363636363636454 0.7215909090909091 0.048295454545454634 0.7670454545454546 0.04829545454545465
44 0.9176136363636364 0.33664772727272735 0.8650568181818182 0.33664772727272735 0.8650568181818182 0.38352272727272746 0.9176136363636364 0.38352272727272746
44 0.96875 0.431818181818182 0.8465909090909091 0.431818181818182 0.8465909090909091 0.4872159090909092 0.96875 0.4872159090909092
19 0.15909090909090917 0.5909090909090909 0.13352272727272735 0.5909090909090909 0.13352272727272735 0.6235795454545454 0.15909090909090917 0.6235795454545454
19 0.1590909090909091 0.08522727272727275 0.1377840909090909 0.08522727272727275 0.1377840909090909 0.11079545454545454 0.1590909090909091 0.11079545454545454
19 0.3650568181818182 0.5852272727272727 0.32812500000000006 0.5852272727272727 0.32812500000000006 0.6278409090909091 0.3650568181818182 0.6278409090909091
19 0.5142045454545454 0.5795454545454546 0.48295454545454547 0.5795454545454546 0.48295454545454547 0.6136363636363636 0.5142045454545454 0.6136363636363636
19 0.4474431818181818 0.3181818181818183 0.4161931818181818 0.3181818181818183 0.4161931818181818 0.3536931818181819 0.4474431818181818 0.3536931818181819
19 0.421875 0.08096590909090914 0.390625 0.08096590909090913 0.390625 0.11647727272727276 0.421875 0.11647727272727276
19 0.8579545454545454 0.5838068181818183 0.8338068181818182 0.5838068181818183 0.8338068181818182 0.6122159090909093 0.8579545454545454 0.6122159090909093
19 0.8323863636363636 0.08664772727272738 0.8082386363636364 0.08664772727272738 0.8082386363636364 0.11505681818181829 0.8323863636363636 0.1150568181818183
19 0.35795454545454547 0.325284090909091 0.3366477272727273 0.325284090909091 0.3366477272727273 0.3508522727272728 0.3579545454545455 0.3508522727272728
19 0.5127840909090909 0.32386363636363646 0.4914772727272727 0.32386363636363646 0.4914772727272727 0.3480113636363637 0.5127840909090909 0.3480113636363637
19 0.8622159090909091 0.3423295454545455 0.8465909090909091 0.3423295454545455 0.8465909090909091 0.36221590909090917 0.8622159090909091 0.36221590909090917
19 0.8622159090909091 0.46875000000000017 0.8465909090909091 0.46875000000000017 0.8465909090909091 0.4886363636363638 0.8622159090909091 0.4886363636363638
44 0.5085227272727273 0.23011363636363644 0.45738636363636365 0.23011363636363644 0.45738636363636365 0.2713068181818183 0.5085227272727273 0.2713068181818183