55 0.20312500000000008 0.47301136363636365 0.10511363636363641 0.47301136363636365 0.10511363636363642 0.6178977272727273 0.20312500000000008 0.6178977272727273
44 0.09801136363636372 0.5198863636363636 0.035511363636363695 0.5198863636363636 0.0355113636363637 0.5894886363636364 0.09801136363636372 0.5894886363636364
37 0.29545454545454547 0.22301136363636365 0.2571022727272727 0.22301136363636365 0.25710227272727276 0.3494318181818182 0.2954545454545455 0.3494318181818182
37 0.40482954545454547 0.18323863636363644 0.3678977272727273 0.18323863636363644 0.3678977272727273 0.33948863636363646 0.40482954545454547 0.33948863636363646
37 0.859375 0.622159090909091 0.8139204545454546 0.622159090909091 0.8139204545454546 0.765625 0.859375 0.765625
17 0.7017045454545454 0.2642045454545455 0.5241477272727273 0.2642045454545455 0.5241477272727273 0.5909090909090909 0.7017045454545454 0.590909090909091
42 0.32102272727272735 0.578125 0.2542613636363637 0.578125 0.2542613636363637 0.6747159090909091 0.32102272727272735 0.6747159090909091
3 0.4247159090909092 0.6647727272727273 0.33096590909090917 0.6647727272727273 0.33096590909090917 0.7400568181818182 0.4247159090909092 0.7400568181818182
4 0.6803977272727274 0.6306818181818182 0.6235795454545454 0.6306818181818182 0.6235795454545455 0.6704545454545455 0.6803977272727274 0.6704545454545456
44 0.25142045454545453 0.22585227272727273 0.17613636363636367 0.22585227272727273 0.17613636363636367 0.2883522727272727 0.25142045454545453 0.2883522727272727
44 0.4928977272727273 0.1818181818181819 0.40767045454545453 0.1818181818181819 0.40767045454545453 0.24573863636363644 0.4928977272727273 0.24573863636363644
44 0.5340909090909093 0.7286931818181818 0.3948863636363638 0.7286931818181818 0.3948863636363638 0.7982954545454546 0.5340909090909093 0.7982954545454546
44 0.8096590909090909 0.5852272727272729 0.6860795454545454 0.5852272727272729 0.6860795454545454 0.6406250000000001 0.8096590909090909 0.6406250000000001
44 0.9730113636363636 0.6761363636363638 0.8636363636363636 0.6761363636363638 0.8636363636363636 0.7386363636363636 0.9730113636363636 0.7386363636363636
19 0.19886363636363635 0.15767045454545456 0.16477272727272727 0.15767045454545456 0.1647727272727273 0.2002840909090909 0.19886363636363635 0.2002840909090909
19 0.29829545454545453 0.14772727272727276 0.2599431818181818 0.14772727272727276 0.2599431818181818 0.19602272727272727 0.29829545454545453 0.19602272727272727
19 0.4034090909090909 0.12642045454545459 0.3664772727272727 0.12642045454545459 0.3664772727272727 0.17471590909090914 0.4034090909090909 0.17471590909090914
19 0.5838068181818182 0.11789772727272735 0.5596590909090909 0.11789772727272735 0.5596590909090909 0.15198863636363644 0.5838068181818182 0.15198863636363644
19 0.6576704545454546 0.10369318181818189 0.6292613636363636 0.10369318181818189 0.6292613636363636 0.1420454545454546 0.6576704545454546 0.1420454545454546
19 0.8366477272727273 0.4090909090909092 0.8053977272727273 0.4090909090909092 0.8053977272727273 0.4488636363636365 0.8366477272727273 0.4488636363636365
19 0.3977272727272727 0.3650568181818182 0.3664772727272727 0.3650568181818182 0.3664772727272727 0.41051136363636365 0.3977272727272727 0.41051136363636365
19 0.2869318181818183 0.47017045454545453 0.2542613636363637 0.47017045454545453 0.2542613636363637 0.5113636363636364 0.2869318181818183 0.5113636363636364
19 0.40198863636363635 0.4247159090909091 0.3678977272727273 0.4247159090909091 0.3678977272727273 0.46732954545454547 0.40198863636363635 0.46732954545454547
19 0.1661931818181819 0.78125 0.1349431818181819 0.78125 0.1349431818181819 0.8238636363636364 0.1661931818181819 0.8238636363636364
19 0.26846590909090917 0.7855113636363636 0.24005681818181826 0.7855113636363636 0.24005681818181826 0.8267045454545454 0.26846590909090917 0.8267045454545454
19 0.38778409090909105 0.7883522727272727 0.35227272727272735 0.7883522727272727 0.35227272727272735 0.8366477272727273 0.38778409090909105 0.8366477272727273
19 0.588068181818182 0.7883522727272727 0.559659090909091 0.7883522727272727 0.559659090909091 0.8295454545454546 0.588068181818182 0.8295454545454546
19 0.6747159090909093 0.7911931818181818 0.6434659090909093 0.7911931818181818 0.6434659090909093 0.8309659090909091 0.6747159090909093 0.8309659090909091
19 0.8465909090909091 0.796875 0.8196022727272727 0.796875 0.8196022727272727 0.8309659090909091 0.8465909090909091 0.8309659090909091
5 0.4090909090909091 0.4786931818181818 0.34375000000000006 0.4786931818181818 0.34375000000000006 0.5255681818181818 0.4090909090909091 0.5255681818181818
19 0.2855113636363637 0.3806818181818182 0.2571022727272728 0.3806818181818182 0.2571022727272728 0.42329545454545453 0.2855113636363637 0.42329545454545453
44 0.6647727272727273 0.2869318181818183 0.640625 0.2869318181818183 0.640625 0.3352272727272728 0.6647727272727273 0.3352272727272728
44 0.5852272727272727 0.2911931818181819 0.5667613636363636 0.2911931818181819 0.5667613636363636 0.3423295454545455 0.5852272727272727 0.3423295454545455
44 0.5724431818181818 0.3664772727272727 0.5454545454545454 0.3664772727272727 0.5454545454545454 0.4005681818181818 0.5724431818181818 0.4005681818181818
44 0.5667613636363636 0.4161931818181818 0.5454545454545454 0.4161931818181818 0.5454545454545454 0.4659090909090909 0.5667613636363636 0.4659090909090909
44 0.5667613636363636 0.4744318181818182 0.5440340909090909 0.4744318181818182 0.5440340909090909 0.5113636363636364 0.5667613636363636 0.5113636363636364
44 0.59375 0.5284090909090909 0.5653409090909091 0.5284090909090909 0.5653409090909091 0.5681818181818182 0.59375 0.5681818181818182
44 0.6661931818181818 0.5284090909090909 0.6420454545454546 0.5284090909090909 0.6420454545454546 0.5710227272727274 0.6661931818181818 0.5710227272727274
44 0.6761363636363636 0.4204545454545455 0.6505681818181818 0.42045454545454547 0.6505681818181818 0.4673295454545455 0.6761363636363636 0.46732954545454564