49 0.3508522727272728 0.6150568181818182 0.1889204545454546 0.6150568181818182 0.1889204545454546 0.7130681818181818 0.3508522727272728 0.7130681818181818
43 0.27414772727272735 0.8096590909090909 0.24147727272727282 0.8096590909090909 0.24147727272727282 0.84375 0.27414772727272735 0.84375
43 0.1178977272727273 0.375 0.08948863636363641 0.375 0.08948863636363641 0.4090909090909091 0.1178977272727273 0.4090909090909091
43 0.1889204545454546 0.4119318181818182 0.16619318181818185 0.4119318181818182 0.16619318181818185 0.4431818181818182 0.1889204545454546 0.4431818181818182
43 0.9019886363636364 0.24005681818181826 0.8707386363636364 0.24005681818181826 0.8707386363636364 0.27414772727272735 0.9019886363636364 0.27414772727272735
28 0.6420454545454546 0.40625 0.5142045454545454 0.40625 0.5142045454545454 0.5170454545454546 0.6420454545454546 0.5170454545454546
38 0.24147727272727282 0.3821022727272727 0.19602272727272735 0.3821022727272727 0.19602272727272735 0.4275568181818182 0.24147727272727282 0.4275568181818182
37 0.36363636363636365 0.4474431818181818 0.31534090909090917 0.4474431818181818 0.31534090909090917 0.4928977272727273 0.36363636363636365 0.4928977272727273
37 0.6548295454545454 0.24573863636363644 0.5980113636363636 0.24573863636363644 0.5980113636363636 0.29971590909090917 0.6548295454545454 0.29971590909090917
37 0.8238636363636364 0.2911931818181819 0.7698863636363636 0.2911931818181819 0.7698863636363636 0.33948863636363646 0.8238636363636364 0.33948863636363646
5 0.5184659090909091 0.4602272727272727 0.4928977272727273 0.4602272727272727 0.4928977272727273 0.4914772727272727 0.5184659090909091 0.4914772727272727
5 0.4715909090909091 0.3480113636363637 0.4474431818181818 0.3480113636363637 0.4474431818181818 0.3821022727272727 0.4715909090909091 0.3821022727272727
5 0.5710227272727273 0.2954545454545455 0.5397727272727273 0.2954545454545455 0.5397727272727273 0.3323863636363637 0.5710227272727273 0.3323863636363637
44 0.21875000000000008 0.8622159090909091 0.14772727272727285 0.8622159090909091 0.14772727272727285 0.9204545454545454 0.21875000000000008 0.9204545454545454
44 0.1079545454545455 0.421875 0.03977272727272732 0.421875 0.03977272727272733 0.4758522727272727 0.1079545454545455 0.4758522727272727
44 0.22301136363636373 0.4275568181818182 0.1889204545454546 0.4275568181818182 0.1889204545454546 0.47017045454545453 0.22301136363636373 0.47017045454545453
44 0.36221590909090917 0.48863636363636365 0.32954545454545464 0.48863636363636365 0.32954545454545464 0.5426136363636364 0.36221590909090917 0.5426136363636364
44 0.4105113636363637 0.6548295454545454 0.37357954545454547 0.6548295454545454 0.3735795454545455 0.7045454545454546 0.4105113636363638 0.7045454545454546
44 0.6022727272727273 0.4928977272727273 0.5667613636363636 0.4928977272727273 0.5667613636363636 0.5511363636363636 0.6022727272727273 0.5511363636363636
44 0.5667613636363636 0.4772727272727273 0.5525568181818182 0.4772727272727273 0.5525568181818182 0.5014204545454546 0.5667613636363636 0.5014204545454546
44 0.5511363636363636 0.4318181818181818 0.5326704545454546 0.4318181818181818 0.5326704545454546 0.4602272727272727 0.5511363636363636 0.4602272727272727
44 0.6193181818181818 0.41761363636363635 0.5994318181818182 0.41761363636363635 0.5994318181818182 0.4403409090909091 0.6193181818181818 0.4403409090909091
44 0.625 0.37642045454545453 0.6079545454545454 0.37642045454545453 0.6079545454545454 0.40482954545454547 0.625 0.40482954545454547
44 0.65625 0.4289772727272727 0.6278409090909091 0.4289772727272727 0.6278409090909091 0.4715909090909091 0.65625 0.4715909090909091
44 0.6306818181818182 0.215909090909091 0.5994318181818182 0.215909090909091 0.5994318181818182 0.262784090909091 0.6306818181818182 0.262784090909091
44 0.7840909090909091 0.24573863636363644 0.7471590909090909 0.24573863636363644 0.7471590909090909 0.3011363636363637 0.7840909090909091 0.3011363636363637
44 0.9275568181818182 0.25142045454545464 0.8678977272727273 0.25142045454545464 0.8678977272727273 0.325284090909091 0.9275568181818182 0.325284090909091
19 0.3977272727272729 0.7528409090909091 0.3778409090909092 0.7528409090909091 0.3778409090909092 0.7755681818181818 0.3977272727272729 0.7755681818181818
19 0.38068181818181834 0.6860795454545454 0.36079545454545464 0.6860795454545454 0.36079545454545464 0.7088068181818182 0.38068181818181834 0.7088068181818182
19 0.2755681818181819 0.5028409090909091 0.2556818181818183 0.5028409090909091 0.2556818181818183 0.5255681818181818 0.2755681818181819 0.5255681818181818
19 0.3877840909090909 0.43323863636363635 0.3678977272727273 0.43323863636363635 0.3678977272727273 0.4559659090909091 0.3877840909090909 0.4559659090909091
19 0.42613636363636365 0.5184659090909091 0.40625 0.5184659090909091 0.40625 0.5411931818181818 0.42613636363636365 0.5411931818181818
19 0.6846590909090909 0.6079545454545456 0.6647727272727273 0.6079545454545456 0.6647727272727273 0.6306818181818183 0.6846590909090909 0.6306818181818183
19 0.5298295454545454 0.49857954545454547 0.5099431818181818 0.49857954545454547 0.5099431818181818 0.5213068181818182 0.5298295454545454 0.5213068181818182
19 0.43323863636363635 0.3778409090909091 0.4133522727272727 0.3778409090909091 0.4133522727272727 0.4005681818181818 0.43323863636363635 0.4005681818181818
19 0.278409090909091 0.359375 0.25852272727272735 0.359375 0.25852272727272735 0.3821022727272727 0.278409090909091 0.3821022727272727
19 0.2599431818181818 0.29545454545454547 0.24005681818181818 0.29545454545454547 0.24005681818181818 0.3181818181818182 0.2599431818181818 0.3181818181818182
19 0.3977272727272727 0.21164772727272735 0.3778409090909091 0.21164772727272735 0.3778409090909091 0.23437500000000008 0.3977272727272727 0.23437500000000008
19 0.49573863636363635 0.15056818181818188 0.4758522727272727 0.15056818181818185 0.4758522727272727 0.1732954545454546 0.49573863636363635 0.1732954545454546
19 0.4815340909090909 0.4872159090909091 0.4616477272727273 0.4872159090909091 0.4616477272727273 0.5099431818181818 0.4815340909090909 0.5099431818181818
19 0.6875 0.22443181818181826 0.6676136363636364 0.22443181818181826 0.6676136363636364 0.247159090909091 0.6875 0.247159090909091
19 0.7443181818181818 0.33664772727272735 0.7244318181818182 0.33664772727272735 0.7244318181818182 0.35937500000000006 0.7443181818181818 0.35937500000000006
44 0.20170454545454553 0.8394886363636364 0.14772727272727285 0.8394886363636364 0.14772727272727285 0.8693181818181818 0.20170454545454553 0.8693181818181818
44 0.0795454545454546 0.37926136363636365 0.01988636363636368 0.37926136363636365 0.019886363636363685 0.421875 0.0795454545454546 0.421875