49 0.39618163359417763 0.6433213968327559 0.3830290738636364 0.504884546875 0.2714491740736176 0.515485490895063 0.28460173380415893 0.653922340852819
47 0.6669183174845269 0.3567420111484856 0.6501014204545454 0.23179396022727275 0.5321042259047443 0.24767533377364312 0.5489211229347257 0.372623384694856
9 0.7345802223915077 0.4658070421602591 0.7342799190340908 0.3858792187499999 0.6038856519213802 0.3863691337074092 0.6041859552787971 0.46629695711766833
13 0.43644354261363655 0.7779751335227272 0.3714887201704547 0.7779751335227272 0.3714887201704547 0.8481349914772728 0.43644354261363655 0.8481349914772728
37 0.4179154942995181 0.29380095523305055 0.3989181875 0.2653197159090909 0.3334367699050274 0.30899655755104044 0.3524340767045454 0.33747779687500007
37 0.4458575418488849 0.415586873020095 0.42222604488111143 0.3783192732748425 0.35458013229359014 0.4212137496865658 0.37821162926136365 0.4584813494318183
37 0.5304502694017329 0.699482930643589 0.502563101388314 0.6482634904100615 0.4394221231797628 0.6826415128914725 0.4673092911931818 0.733860953125
44 0.3392970419056349 0.6770779610650329 0.31657254762149956 0.645860389232288 0.2052660852613192 0.7268847264627097 0.22799057954545454 0.7581022982954547
44 0.5353090411295073 0.6283371398703833 0.5156739863266242 0.5936248904714693 0.4148868457112236 0.6506353425072049 0.43452190051410666 0.6853475919061188
44 0.6208147203905523 0.3919528261891955 0.5949879976746559 0.34971991572752487 0.44535312813637645 0.4412262372656022 0.4711798508522728 0.4834591477272729
44 0.6264436574478067 0.4571050336641557 0.597669868234315 0.41865264038920497 0.5172032221501447 0.4788655456455038 0.5459770113636364 0.5173179389204546
44 0.40615740753286483 0.26002998426595947 0.3899969943181818 0.2348529701704546 0.33063922598986256 0.27295304272267695 0.3467996392045455 0.2981300568181818
44 0.5683360142045455 0.0421387883522728 0.512217015625 0.04213878835227279 0.512217015625 0.10519385085227281 0.5683360142045455 0.10519385085227281
56 0.5523640561581912 0.13583912724357267 0.5459963700786458 0.09997240991402721 0.5155510482954546 0.10537759517045459 0.521918734375 0.14124431250000005
19 0.2998647741477274 0.35301953835227273 0.2846517911931819 0.35301953835227273 0.2846517911931819 0.3747779744318182 0.2998647741477274 0.3747779744318182
19 0.3290236837949889 0.4950736497082317 0.32440399573863643 0.46356696306818185 0.30255970392694775 0.4667698963100944 0.30717939198330024 0.4982765829501442
19 0.40846542213970094 0.7765624270518164 0.4017902556818182 0.7465013068181818 0.3802561289966627 0.7512830274936381 0.38693129545454547 0.7813441477272728
19 0.6974306960227273 0.531083481534091 0.6822177144886363 0.531083481534091 0.6822177144886363 0.5528419176136365 0.6974306960227273 0.5528419176136365
19 0.5615399618646358 0.1628930524278658 0.5528729644886364 0.14906448295454544 0.5287486602944551 0.16418428848122513 0.5374156576704546 0.17801285795454547
44 0.4331473963068182 0.3707815269886364 0.4211367472202589 0.3508651217067301 0.3539460781861681 0.39138466005900285 0.36595672727272727 0.41130106534090916
44 0.3756795444650628 0.24160311931083067 0.3557208323863636 0.21437734375 0.31902784047811894 0.2412762968823511 0.33898655255681814 0.2685020724431818
44 0.4272817252410142 0.34227412076186847 0.4066396178525636 0.31573939118774685 0.3606663301115494 0.35150329599406016 0.38130843750000004 0.3780380255681818
44 0.5520053384328178 0.387516292024362 0.533494955965909 0.35337291051136366 0.4791475195217275 0.38283665399836536 0.49765790198863624 0.41698003551136364
44 0.28647602624993057 0.6672065328160287 0.26081730397727276 0.6308938480113637 0.20200522375006952 0.6724507541157897 0.22766394602272733 0.7087634389204546
44 0.5041219543344257 0.6146206231762448 0.48350595461196116 0.575131992432181 0.43786017610265726 0.5989624808372761 0.45847617582512185 0.6384511115813398