54 0.6093750000000001 0.7258522727272727 0.48153409090909105 0.7258522727272727 0.48153409090909105 0.859375 0.6093750000000001 0.859375
37 0.6022727272727273 0.5284090909090909 0.5071022727272727 0.5284090909090909 0.5071022727272727 0.5923295454545454 0.6022727272727273 0.5923295454545454
34 0.5965909090909091 0.20738636363636373 0.5113636363636364 0.20738636363636373 0.5113636363636364 0.325284090909091 0.5965909090909091 0.325284090909091
44 0.5696022727272729 0.8451704545454546 0.5184659090909093 0.8451704545454546 0.5184659090909093 0.9815340909090909 0.5696022727272729 0.9815340909090909
44 0.6022727272727273 0.38920454545454547 0.5568181818181818 0.38920454545454547 0.5568181818181818 0.5255681818181818 0.6022727272727273 0.5255681818181818
44 0.6448863636363636 0.05255681818181826 0.5951704545454546 0.05255681818181826 0.5951704545454546 0.21164772727272735 0.6448863636363636 0.21164772727272735
19 0.6960227272727274 0.7926136363636364 0.6761363636363638 0.7926136363636364 0.6761363636363638 0.8167613636363636 0.6960227272727274 0.8167613636363636
19 0.7045454545454546 0.5468750000000001 0.6846590909090909 0.5468750000000001 0.6846590909090909 0.5710227272727274 0.7045454545454546 0.5710227272727274
19 0.71875 0.26704545454545464 0.6988636363636364 0.26704545454545464 0.6988636363636364 0.2911931818181819 0.71875 0.2911931818181819
19 0.3863636363636365 0.7940340909090909 0.3664772727272729 0.7940340909090909 0.3664772727272729 0.8181818181818182 0.3863636363636365 0.8181818181818182
19 0.38920454545454547 0.5383522727272727 0.3693181818181818 0.5383522727272727 0.3693181818181818 0.5625 0.38920454545454547 0.5625
19 0.3977272727272727 0.247159090909091 0.3778409090909091 0.247159090909091 0.3778409090909091 0.2713068181818183 0.3977272727272727 0.2713068181818183