44 0.5880681818181819 0.6292613636363636 0.5582386363636364 0.6292613636363636 0.5582386363636365 0.6605113636363636 0.588068181818182 0.6605113636363636
44 0.637784090909091 0.9502840909090909 0.6079545454545456 0.9502840909090909 0.6079545454545456 0.9815340909090909 0.637784090909091 0.9815340909090909
44 0.7116477272727273 0.5113636363636366 0.6846590909090909 0.5113636363636366 0.6846590909090909 0.5355113636363638 0.7116477272727273 0.5355113636363638
44 0.7258522727272727 0.4417613636363638 0.6917613636363636 0.4417613636363638 0.6917613636363636 0.45880681818181834 0.7258522727272727 0.45880681818181834
44 0.4190340909090909 0.18039772727272732 0.390625 0.18039772727272732 0.390625 0.2045454545454546 0.4190340909090909 0.2045454545454546
44 0.7485795454545454 0.3920454545454547 0.7201704545454546 0.3920454545454547 0.7201704545454546 0.41477272727272746 0.7485795454545454 0.41477272727272746
44 0.421875 0.06250000000000006 0.38920454545454547 0.06250000000000004 0.38920454545454547 0.08522727272727278 0.421875 0.08522727272727279
44 0.5610795454545454 0.4303977272727273 0.5241477272727273 0.4303977272727273 0.5241477272727273 0.45738636363636365 0.5610795454545454 0.45738636363636365
44 0.5880681818181818 0.5610795454545454 0.5625 0.5610795454545454 0.5625 0.5852272727272727 0.5880681818181818 0.5852272727272727
44 0.4119318181818182 0.25142045454545464 0.37926136363636365 0.25142045454545464 0.37926136363636365 0.2798295454545455 0.4119318181818182 0.2798295454545455
44 0.5497159090909091 0.24573863636363644 0.515625 0.24573863636363644 0.515625 0.2713068181818183 0.5497159090909091 0.2713068181818183
44 0.5710227272727273 0.515625 0.5355113636363636 0.515625 0.5355113636363636 0.5383522727272727 0.5710227272727273 0.5383522727272727
44 0.5894886363636366 0.8267045454545454 0.5610795454545456 0.8267045454545454 0.5610795454545456 0.8522727272727273 0.5894886363636366 0.8522727272727273
44 0.7613636363636364 0.8210227272727273 0.7357954545454546 0.8210227272727273 0.7357954545454546 0.84375 0.7613636363636364 0.84375
44 0.6903409090909093 0.8650568181818182 0.6704545454545456 0.8650568181818182 0.6704545454545456 0.8934659090909091 0.6903409090909093 0.8934659090909091
44 0.5411931818181818 0.1818181818181819 0.5127840909090909 0.1818181818181819 0.5127840909090909 0.200284090909091 0.5411931818181818 0.200284090909091
44 0.6676136363636364 0.5653409090909092 0.6477272727272727 0.5653409090909091 0.6477272727272727 0.5852272727272728 0.6676136363636364 0.5852272727272729
44 0.7301136363636364 0.3181818181818183 0.6946022727272727 0.3181818181818183 0.6946022727272727 0.3380681818181819 0.7301136363636364 0.3380681818181819
44 0.5639204545454547 0.9090909090909091 0.541193181818182 0.9090909090909091 0.541193181818182 0.9318181818181818 0.5639204545454547 0.9318181818181818
44 0.6590909090909091 0.31534090909090917 0.625 0.31534090909090917 0.625 0.340909090909091 0.6590909090909091 0.340909090909091
44 0.6008522727272727 0.40482954545454547 0.5667613636363636 0.40482954545454547 0.5667613636363636 0.4247159090909091 0.6008522727272727 0.4247159090909091
4 0.5610795454545456 0.890625 0.5355113636363638 0.890625 0.5355113636363638 0.9105113636363636 0.5610795454545456 0.9105113636363636
44 0.6164772727272729 0.7926136363636364 0.590909090909091 0.7926136363636364 0.590909090909091 0.8110795454545454 0.6164772727272729 0.8110795454545454
4 0.5909090909090909 0.6008522727272727 0.5596590909090909 0.6008522727272727 0.5596590909090909 0.6264204545454546 0.5909090909090909 0.6264204545454546
19 0.4772727272727273 0.23011363636363644 0.4602272727272727 0.23011363636363644 0.4602272727272727 0.23863636363636373 0.4772727272727273 0.23863636363636373
8 0.6960227272727274 0.7798295454545454 0.6562500000000001 0.7798295454545454 0.6562500000000001 0.8011363636363636 0.6960227272727274 0.8011363636363636
19 0.6349431818181818 0.5411931818181818 0.6178977272727273 0.5411931818181818 0.6178977272727273 0.5511363636363636 0.6349431818181818 0.5511363636363636
19 0.7911931818181818 0.46732954545454564 0.7741477272727273 0.46732954545454564 0.7741477272727273 0.478693181818182 0.7911931818181818 0.478693181818182
8 0.5497159090909091 0.22301136363636373 0.515625 0.22301136363636373 0.515625 0.24573863636363644 0.5497159090909091 0.24573863636363644
8 0.578125 0.4943181818181818 0.5411931818181818 0.4943181818181818 0.5411931818181818 0.5170454545454546 0.578125 0.5170454545454546
19 0.4417613636363638 0.8963068181818182 0.4247159090909092 0.8963068181818182 0.4247159090909092 0.9048295454545454 0.4417613636363638 0.9048295454545454
19 0.5 0.5426136363636364 0.4815340909090909 0.5426136363636364 0.4815340909090909 0.5539772727272727 0.5 0.5539772727272727
13 0.5994318181818182 0.33664772727272735 0.5710227272727273 0.33664772727272735 0.5710227272727273 0.3693181818181818 0.5994318181818182 0.3693181818181818
14 0.6321022727272727 0.4005681818181818 0.609375 0.4005681818181818 0.609375 0.4346590909090909 0.6321022727272727 0.4346590909090909
19 0.8011363636363636 0.8948863636363636 0.7840909090909091 0.8948863636363636 0.7840909090909091 0.9048295454545454 0.8011363636363636 0.9048295454545454
19 0.48863636363636365 0.16619318181818185 0.47301136363636365 0.16619318181818185 0.47301136363636365 0.17471590909090914 0.48863636363636365 0.17471590909090914
19 0.5312500000000001 0.7428977272727273 0.5198863636363638 0.7428977272727273 0.5198863636363638 0.75 0.5312500000000001 0.75
19 0.5099431818181818 0.6079545454545454 0.4914772727272727 0.6079545454545454 0.4914772727272727 0.6193181818181818 0.5099431818181818 0.6193181818181818
19 0.6548295454545456 0.8963068181818182 0.6406250000000001 0.8963068181818182 0.6406250000000001 0.9048295454545454 0.6548295454545456 0.9048295454545454
19 0.5014204545454547 0.7528409090909091 0.49005681818181834 0.7528409090909091 0.49005681818181834 0.7585227272727273 0.5014204545454547 0.7585227272727273
19 0.43465909090909105 0.7997159090909091 0.41903409090909105 0.7997159090909091 0.41903409090909105 0.8082386363636364 0.43465909090909105 0.8082386363636364
19 0.7897727272727273 0.5468750000000001 0.7784090909090909 0.5468750000000001 0.7784090909090909 0.5539772727272729 0.7897727272727273 0.5539772727272729
19 0.7556818181818182 0.19886363636363644 0.7386363636363636 0.19886363636363644 0.7386363636363636 0.20738636363636373 0.7556818181818182 0.20738636363636373
19 0.7926136363636364 0.5056818181818183 0.7769886363636364 0.5056818181818183 0.7769886363636364 0.5142045454545456 0.7926136363636364 0.5142045454545456
19 0.5326704545454547 0.7528409090909091 0.5184659090909093 0.7528409090909091 0.5184659090909093 0.7599431818181818 0.5326704545454547 0.7599431818181818
19 0.509943181818182 0.6818181818181818 0.49857954545454564 0.6818181818181818 0.49857954545454564 0.6875 0.509943181818182 0.6875
19 0.3181818181818182 0.2784090909090909 0.3025568181818182 0.2784090909090909 0.3025568181818182 0.2869318181818182 0.3181818181818182 0.2869318181818182
19 0.5880681818181818 0.169034090909091 0.5724431818181818 0.169034090909091 0.5724431818181818 0.17755681818181826 0.5880681818181818 0.17755681818181826
19 0.7911931818181818 0.6079545454545456 0.7769886363636364 0.6079545454545456 0.7769886363636364 0.6164772727272729 0.7911931818181818 0.6164772727272729
19 0.4943181818181818 0.5028409090909091 0.4744318181818182 0.5028409090909091 0.4744318181818182 0.5142045454545454 0.4943181818181818 0.5142045454545454
19 0.8011363636363636 0.9389204545454546 0.7869318181818182 0.9389204545454546 0.7869318181818182 0.9460227272727273 0.8011363636363636 0.9460227272727273
5 0.6491477272727273 0.6051136363636364 0.6235795454545454 0.6051136363636364 0.6235795454545454 0.6221590909090909 0.6491477272727273 0.6221590909090909
19 0.5056818181818183 0.8565340909090909 0.4914772727272729 0.8565340909090909 0.4914772727272729 0.8650568181818182 0.5056818181818183 0.8650568181818182
19 0.4446022727272729 0.9431818181818182 0.43039772727272746 0.9431818181818182 0.43039772727272746 0.9517045454545454 0.4446022727272729 0.9517045454545454
19 0.650568181818182 0.7428977272727273 0.6363636363636366 0.7428977272727273 0.6363636363636366 0.75 0.650568181818182 0.75
19 0.7755681818181818 0.35227272727272735 0.7585227272727273 0.35227272727272735 0.7585227272727273 0.36079545454545464 0.7755681818181818 0.36079545454545464
19 0.6406250000000001 0.7159090909090909 0.6264204545454547 0.7159090909090909 0.6264204545454547 0.7244318181818182 0.6406250000000001 0.7244318181818182
19 0.5923295454545454 0.200284090909091 0.578125 0.200284090909091 0.578125 0.20880681818181826 0.5923295454545454 0.20880681818181826
4 0.5838068181818182 0.5383522727272727 0.5625 0.5383522727272727 0.5625 0.5582386363636364 0.5838068181818182 0.5582386363636364
19 0.2897727272727273 0.10369318181818186 0.2741477272727273 0.10369318181818186 0.2741477272727273 0.11221590909090913 0.2897727272727273 0.11221590909090913
19 0.5198863636363638 0.7144886363636364 0.5085227272727274 0.7144886363636364 0.5085227272727274 0.7215909090909091 0.5198863636363638 0.7215909090909091
19 0.8053977272727273 0.8053977272727273 0.7911931818181818 0.8053977272727273 0.7911931818181818 0.8139204545454546 0.8053977272727273 0.8139204545454546
19 0.48579545454545453 0.4630681818181818 0.47017045454545453 0.4630681818181818 0.47017045454545453 0.4715909090909091 0.48579545454545453 0.4715909090909091
19 0.4786931818181818 0.2727272727272728 0.4630681818181818 0.2727272727272728 0.4630681818181818 0.28125000000000006 0.4786931818181818 0.28125000000000006
19 0.6335227272727273 0.49857954545454547 0.6150568181818182 0.49857954545454547 0.6150568181818182 0.5099431818181818 0.6335227272727273 0.5099431818181818
19 0.4815340909090909 0.10369318181818186 0.46448863636363635 0.10369318181818186 0.46448863636363635 0.11221590909090913 0.4815340909090909 0.11221590909090913
19 0.3465909090909091 0.23579545454545459 0.32954545454545453 0.23579545454545456 0.32954545454545453 0.24431818181818185 0.3465909090909091 0.2443181818181819
19 0.5909090909090909 0.2286931818181819 0.5795454545454546 0.2286931818181819 0.5795454545454546 0.23437500000000008 0.5909090909090909 0.23437500000000008
4 0.6590909090909091 0.3423295454545455 0.6278409090909091 0.3423295454545455 0.6278409090909091 0.37073863636363635 0.6590909090909091 0.37073863636363635
19 0.713068181818182 0.8068181818181818 0.697443181818182 0.8068181818181818 0.697443181818182 0.8153409090909091 0.713068181818182 0.8153409090909091
4 0.7272727272727273 0.34375000000000006 0.6974431818181818 0.34375000000000006 0.6974431818181818 0.37215909090909105 0.7272727272727273 0.37215909090909105
19 0.6278409090909091 0.46448863636363635 0.6122159090909091 0.46448863636363635 0.6122159090909091 0.47301136363636365 0.6278409090909091 0.47301136363636365
19 0.5639204545454547 0.7997159090909091 0.5454545454545456 0.7997159090909091 0.5454545454545456 0.8096590909090909 0.5639204545454547 0.8096590909090909
19 0.6548295454545456 0.7684659090909091 0.637784090909091 0.7684659090909091 0.637784090909091 0.7784090909090909 0.6548295454545456 0.7784090909090909
19 0.328125 0.16477272727272732 0.31107954545454547 0.16477272727272732 0.31107954545454547 0.17329545454545459 0.328125 0.17329545454545459
19 0.6477272727272729 0.8394886363636364 0.6278409090909093 0.8394886363636364 0.6278409090909093 0.8508522727272727 0.6477272727272729 0.8508522727272727
8 0.7926136363636364 0.3948863636363638 0.7571022727272727 0.3948863636363638 0.7571022727272727 0.41193181818181834 0.7926136363636364 0.41193181818181834
4 0.7301136363636364 0.5383522727272729 0.7102272727272727 0.5383522727272729 0.7102272727272727 0.5582386363636366 0.7301136363636364 0.5582386363636366
19 0.6406250000000001 0.6846590909090909 0.6292613636363638 0.6846590909090909 0.6292613636363638 0.6917613636363636 0.6406250000000001 0.6917613636363636
19 0.6846590909090909 0.35227272727272735 0.6704545454545454 0.35227272727272735 0.6704545454545454 0.3636363636363638 0.6846590909090909 0.3636363636363638
19 0.650568181818182 0.8536931818181818 0.6306818181818183 0.8536931818181818 0.6306818181818183 0.8650568181818182 0.650568181818182 0.8650568181818182
8 0.697443181818182 0.8153409090909091 0.6619318181818183 0.8153409090909091 0.6619318181818183 0.8380681818181818 0.697443181818182 0.8380681818181818
4 0.7642045454545454 0.796875 0.7386363636363636 0.796875 0.7386363636363636 0.8181818181818182 0.7642045454545454 0.8181818181818182
46 0.619318181818182 0.7116477272727273 0.5610795454545456 0.7116477272727273 0.5610795454545456 0.7542613636363636 0.619318181818182 0.7542613636363636
8 0.546875 0.16193181818181826 0.5099431818181818 0.16193181818181826 0.5099431818181818 0.1818181818181819 0.546875 0.1818181818181819
19 0.6832386363636364 0.37357954545454564 0.6690340909090909 0.37357954545454564 0.6690340909090909 0.38068181818181834 0.6832386363636364 0.38068181818181834
44 0.700284090909091 0.8238636363636364 0.6718750000000001 0.8238636363636364 0.6718750000000001 0.8480113636363636 0.700284090909091 0.8480113636363636
14 0.6505681818181819 0.6392045454545454 0.6235795454545454 0.6392045454545454 0.6235795454545455 0.6676136363636364 0.650568181818182 0.6676136363636364
19 0.6264204545454546 0.37642045454545453 0.6122159090909091 0.37642045454545453 0.6122159090909091 0.3849431818181818 0.6264204545454546 0.3849431818181818
8 0.4090909090909091 0.22585227272727282 0.375 0.22585227272727282 0.375 0.24857954545454553 0.4090909090909091 0.24857954545454553
5 0.5113636363636366 0.7940340909090909 0.48295454545454564 0.7940340909090909 0.48295454545454564 0.8082386363636364 0.5113636363636366 0.8082386363636364
8 0.4289772727272727 0.4943181818181818 0.39204545454545453 0.4943181818181818 0.39204545454545453 0.5198863636363636 0.4289772727272727 0.5198863636363636
42 0.5738636363636364 0.4559659090909091 0.53125 0.4559659090909091 0.53125 0.47301136363636365 0.5738636363636364 0.47301136363636365
13 0.3196022727272727 0.1903409090909091 0.29829545454545453 0.1903409090909091 0.29829545454545453 0.21022727272727273 0.3196022727272727 0.21022727272727273
14 0.603693181818182 0.6832386363636364 0.5639204545454547 0.6832386363636364 0.5639204545454547 0.6946022727272727 0.603693181818182 0.6946022727272727
53 0.4346590909090909 0.08664772727272732 0.3693181818181818 0.0866477272727273 0.3693181818181818 0.12642045454545459 0.4346590909090909 0.12642045454545459
8 0.421875 0.15909090909090914 0.3849431818181818 0.15909090909090914 0.3849431818181818 0.17897727272727276 0.421875 0.17897727272727276
42 0.7315340909090909 0.45880681818181834 0.6903409090909091 0.45880681818181834 0.6903409090909091 0.4758522727272729 0.7315340909090909 0.4758522727272729
8 0.7443181818181818 0.5014204545454547 0.7045454545454546 0.5014204545454547 0.7045454545454546 0.5213068181818183 0.7443181818181818 0.5213068181818183
13 0.3806818181818182 0.4928977272727273 0.35511363636363646 0.4928977272727273 0.35511363636363646 0.5241477272727273 0.3806818181818182 0.5241477272727273
4 0.6448863636363636 0.5667613636363636 0.6136363636363636 0.5667613636363636 0.6136363636363636 0.5838068181818182 0.6448863636363636 0.5838068181818182
44 0.603693181818182 0.6946022727272727 0.5625000000000001 0.6946022727272727 0.5625000000000001 0.7088068181818182 0.603693181818182 0.7088068181818182
44 0.7045454545454547 0.7585227272727273 0.6761363636363638 0.7585227272727273 0.6761363636363638 0.7784090909090909 0.7045454545454547 0.7784090909090909
8 0.6136363636363638 0.7741477272727273 0.5795454545454547 0.7741477272727273 0.5795454545454547 0.7997159090909091 0.6136363636363638 0.7997159090909091
8 0.6107954545454547 0.8181818181818182 0.5781250000000001 0.8181818181818182 0.5781250000000001 0.8338068181818182 0.6107954545454547 0.8338068181818182
42 0.6647727272727274 0.8693181818181818 0.6363636363636366 0.8693181818181818 0.6363636363636366 0.8849431818181818 0.6647727272727274 0.8849431818181818
37 0.6392045454545456 0.9360795454545454 0.5994318181818183 0.9360795454545454 0.5994318181818183 0.9502840909090909 0.6392045454545456 0.9502840909090909
44 0.7329545454545454 0.559659090909091 0.6988636363636364 0.559659090909091 0.6988636363636364 0.5795454545454547 0.7329545454545454 0.5795454545454547
44 0.6732954545454546 0.6434659090909092 0.6477272727272727 0.6434659090909091 0.6477272727272728 0.6605113636363638 0.6732954545454547 0.6605113636363638
19 0.33238636363636365 0.1988636363636364 0.3210227272727273 0.19886363636363635 0.3210227272727273 0.20596590909090914 0.33238636363636365 0.20596590909090917
14 0.6122159090909093 0.7130681818181818 0.5667613636363638 0.7130681818181818 0.5667613636363638 0.7272727272727273 0.6122159090909093 0.7272727272727273
14 0.6164772727272729 0.7386363636363636 0.5653409090909093 0.7386363636363636 0.5653409090909093 0.7528409090909091 0.6164772727272729 0.7528409090909091
21 0.6136363636363638 0.7272727272727273 0.5639204545454547 0.7272727272727273 0.5639204545454547 0.7386363636363636 0.6136363636363638 0.7386363636363636