44 0.5113636363636364 0.6008522727272727 0.48579545454545453 0.6008522727272727 0.48579545454545453 0.6321022727272727 0.5113636363636364 0.6321022727272727
44 0.4701704545454547 0.8053977272727273 0.4446022727272729 0.8053977272727273 0.4446022727272729 0.8451704545454546 0.4701704545454547 0.8451704545454546
44 0.559659090909091 0.7926136363636364 0.528409090909091 0.7926136363636364 0.528409090909091 0.8167613636363636 0.559659090909091 0.8167613636363636
44 0.5596590909090909 0.15198863636363644 0.5298295454545454 0.15198863636363644 0.5298295454545454 0.18323863636363644 0.5596590909090909 0.18323863636363644
44 0.5539772727272727 0.25142045454545464 0.5085227272727273 0.25142045454545464 0.5085227272727273 0.2911931818181819 0.5539772727272727 0.2911931818181819
44 0.4190340909090909 0.23721590909090917 0.3877840909090909 0.23721590909090917 0.3877840909090909 0.2798295454545455 0.4190340909090909 0.2798295454545455
44 0.3934659090909092 0.8139204545454546 0.36789772727272746 0.8139204545454546 0.36789772727272746 0.8451704545454546 0.3934659090909092 0.8451704545454546
44 0.3934659090909092 0.7301136363636364 0.3536931818181819 0.7301136363636364 0.3536931818181819 0.7571022727272727 0.3934659090909092 0.7571022727272727
44 0.5198863636363636 0.5340909090909091 0.48579545454545453 0.5340909090909091 0.48579545454545453 0.5710227272727273 0.5198863636363636 0.5710227272727273
44 0.5681818181818183 0.7215909090909091 0.541193181818182 0.7215909090909091 0.541193181818182 0.75 0.5681818181818183 0.75
8 0.25852272727272735 0.6803977272727273 0.20738636363636373 0.6803977272727273 0.20738636363636373 0.7059659090909091 0.25852272727272735 0.7059659090909091
4 0.4332386363636365 0.7485795454545454 0.3920454545454547 0.7485795454545454 0.3920454545454547 0.7627840909090909 0.4332386363636365 0.7627840909090909
13 0.3579545454545455 0.8707386363636364 0.32954545454545464 0.8707386363636364 0.32954545454545464 0.9019886363636364 0.3579545454545455 0.9019886363636364
19 0.5596590909090909 0.5 0.5426136363636364 0.5 0.5426136363636364 0.5085227272727273 0.5596590909090909 0.5085227272727273
19 0.6178977272727274 0.7755681818181818 0.6022727272727274 0.7755681818181818 0.6022727272727274 0.7840909090909091 0.6178977272727274 0.7840909090909091
19 0.6363636363636364 0.6463068181818182 0.6178977272727273 0.6463068181818182 0.6178977272727273 0.6576704545454546 0.6363636363636364 0.6576704545454546
19 0.4602272727272727 0.19034090909090917 0.4403409090909091 0.19034090909090917 0.4403409090909091 0.20170454545454553 0.4602272727272727 0.20170454545454553
19 0.43323863636363635 0.3068181818181819 0.4161931818181818 0.3068181818181819 0.4161931818181818 0.31534090909090917 0.43323863636363635 0.31534090909090917
37 0.4502840909090909 0.25284090909090917 0.4190340909090909 0.25284090909090917 0.4190340909090909 0.278409090909091 0.4502840909090909 0.278409090909091
19 0.43039772727272746 0.7144886363636364 0.4133522727272729 0.7144886363636364 0.4133522727272729 0.7230113636363636 0.43039772727272746 0.7230113636363636
19 0.4446022727272727 0.5014204545454546 0.4303977272727273 0.5014204545454546 0.4303977272727273 0.5099431818181818 0.4446022727272727 0.5099431818181818
19 0.6250000000000001 0.7144886363636364 0.6093750000000001 0.7144886363636364 0.6093750000000001 0.7230113636363636 0.6250000000000001 0.7230113636363636
4 0.5241477272727273 0.3011363636363637 0.49573863636363635 0.3011363636363637 0.49573863636363635 0.325284090909091 0.5241477272727273 0.325284090909091
48 0.6150568181818182 0.4403409090909091 0.5426136363636364 0.4403409090909091 0.5426136363636364 0.46875 0.6150568181818182 0.46875
19 0.5852272727272727 0.31534090909090917 0.5710227272727273 0.31534090909090917 0.5710227272727273 0.32386363636363646 0.5852272727272727 0.32386363636363646
19 0.40625000000000017 0.8806818181818182 0.39062500000000017 0.8806818181818182 0.39062500000000017 0.8892045454545454 0.40625000000000017 0.8892045454545454
4 0.5639204545454546 0.5625 0.5184659090909091 0.5625 0.5184659090909091 0.5767045454545454 0.5639204545454546 0.5767045454545454
19 0.35227272727272735 0.7130681818181818 0.3380681818181819 0.7130681818181818 0.3380681818181819 0.7215909090909091 0.35227272727272735 0.7215909090909091
19 0.38636363636363635 0.5 0.375 0.5 0.375 0.5056818181818182 0.38636363636363635 0.5056818181818182
19 0.6051136363636366 0.8934659090909091 0.590909090909091 0.8934659090909091 0.590909090909091 0.9019886363636364 0.6051136363636366 0.9019886363636364
19 0.6022727272727273 0.19602272727272735 0.5880681818181818 0.19602272727272735 0.5880681818181818 0.2045454545454546 0.6022727272727273 0.2045454545454546
19 0.2201704545454546 0.7613636363636364 0.2045454545454546 0.7613636363636364 0.2045454545454546 0.7698863636363636 0.2201704545454546 0.7698863636363636
19 0.5213068181818182 0.6491477272727273 0.5071022727272727 0.6491477272727273 0.5071022727272727 0.65625 0.5213068181818182 0.65625
19 0.36363636363636365 0.18750000000000008 0.34801136363636365 0.18750000000000008 0.34801136363636365 0.19602272727272735 0.36363636363636365 0.19602272727272735
19 0.5582386363636364 0.6477272727272727 0.5440340909090909 0.6477272727272727 0.5440340909090909 0.6548295454545454 0.5582386363636364 0.6548295454545454
19 0.6605113636363636 0.4446022727272728 0.6463068181818182 0.4446022727272727 0.6463068181818182 0.45312500000000006 0.6605113636363636 0.45312500000000017
19 0.4176136363636365 0.7713068181818182 0.3977272727272729 0.7713068181818182 0.3977272727272729 0.7826704545454546 0.4176136363636365 0.7826704545454546
37 0.5482954545454547 0.7130681818181818 0.5184659090909093 0.7130681818181818 0.5184659090909093 0.7286931818181818 0.5482954545454547 0.7286931818181818
42 0.43039772727272746 0.8224431818181818 0.3934659090909092 0.8224431818181818 0.3934659090909092 0.8536931818181818 0.43039772727272746 0.8536931818181818
54 0.49715909090909105 0.8650568181818182 0.44602272727272746 0.8650568181818182 0.44602272727272746 0.9161931818181818 0.49715909090909105 0.9161931818181818
43 0.6235795454545454 0.11221590909090917 0.5894886363636364 0.11221590909090917 0.5894886363636364 0.12926136363636373 0.6235795454545454 0.12926136363636373
48 0.46448863636363635 0.4403409090909091 0.37357954545454547 0.4403409090909091 0.37357954545454547 0.47301136363636365 0.46448863636363635 0.47301136363636365
37 0.5383522727272727 0.1889204545454546 0.5099431818181818 0.1889204545454546 0.5099431818181818 0.20880681818181826 0.5383522727272727 0.20880681818181826
37 0.5497159090909093 0.7698863636363636 0.5184659090909093 0.7698863636363636 0.5184659090909093 0.7926136363636364 0.5497159090909093 0.7926136363636364
42 0.5596590909090909 0.6065340909090909 0.5142045454545454 0.6065340909090909 0.5142045454545454 0.6321022727272727 0.5596590909090909 0.6321022727272727
13 0.403409090909091 0.6321022727272727 0.3721590909090909 0.6321022727272727 0.372159090909091 0.6704545454545454 0.40340909090909105 0.6704545454545454
13 0.33664772727272735 0.4460227272727273 0.3039772727272728 0.4460227272727273 0.3039772727272728 0.4815340909090909 0.33664772727272735 0.4815340909090909