44 0.6647727272727274 0.7798295454545454 0.6150568181818183 0.7798295454545454 0.6150568181818183 0.828125 0.6647727272727274 0.828125
44 0.19318181818181826 0.65625 0.169034090909091 0.65625 0.169034090909091 0.6917613636363636 0.19318181818181826 0.6917613636363636
44 0.3011363636363637 0.3821022727272727 0.2727272727272728 0.3821022727272727 0.2727272727272728 0.4119318181818182 0.3011363636363637 0.4119318181818182
44 0.37642045454545453 0.49857954545454547 0.31392045454545464 0.49857954545454547 0.31392045454545464 0.53125 0.37642045454545453 0.53125
44 0.6392045454545454 0.40767045454545453 0.6150568181818182 0.40767045454545453 0.6150568181818182 0.43607954545454547 0.6392045454545454 0.43607954545454547
44 0.5696022727272727 0.5497159090909091 0.5383522727272727 0.5497159090909091 0.5383522727272727 0.5909090909090909 0.5696022727272727 0.5909090909090909
44 0.7088068181818182 0.31534090909090917 0.6860795454545454 0.31534090909090917 0.6860795454545454 0.3380681818181819 0.7088068181818182 0.3380681818181819
44 0.3778409090909091 0.3181818181818183 0.359375 0.3181818181818183 0.35937500000000006 0.3536931818181819 0.3778409090909091 0.3536931818181819
44 0.12073863636363645 0.6946022727272727 0.09659090909090917 0.6946022727272727 0.09659090909090917 0.7286931818181818 0.12073863636363645 0.7286931818181818
44 0.7940340909090909 0.400568181818182 0.7670454545454546 0.400568181818182 0.7670454545454546 0.431818181818182 0.7940340909090909 0.431818181818182
44 0.703125 0.24289772727272735 0.6860795454545454 0.24289772727272735 0.6860795454545454 0.2727272727272728 0.703125 0.2727272727272728
4 0.765625 0.38068181818181834 0.7400568181818182 0.38068181818181834 0.7400568181818182 0.40482954545454564 0.765625 0.40482954545454564
44 0.17897727272727282 0.7755681818181818 0.14630681818181826 0.7755681818181818 0.14630681818181826 0.8068181818181818 0.17897727272727282 0.8068181818181818
37 0.390625 0.28267045454545464 0.3565340909090909 0.28267045454545464 0.3565340909090909 0.3167613636363637 0.390625 0.3167613636363637
37 0.18465909090909094 0.32386363636363635 0.14346590909090914 0.32386363636363635 0.14346590909090914 0.3536931818181818 0.184659090909091 0.3536931818181818
44 0.7883522727272727 0.5241477272727274 0.7642045454545454 0.5241477272727274 0.7642045454545454 0.556818181818182 0.7883522727272727 0.556818181818182
4 0.7642045454545454 0.525568181818182 0.7386363636363636 0.525568181818182 0.7386363636363636 0.5468750000000001 0.7642045454545454 0.5468750000000001
44 0.3792613636363638 0.7002840909090909 0.36079545454545464 0.7002840909090909 0.36079545454545464 0.734375 0.3792613636363638 0.734375
37 0.29687500000000006 0.6747159090909091 0.262784090909091 0.6747159090909091 0.262784090909091 0.7002840909090909 0.29687500000000006 0.7002840909090909
44 0.1889204545454546 0.48863636363636365 0.1548295454545455 0.48863636363636365 0.15482954545454553 0.5142045454545454 0.1889204545454546 0.5142045454545454
44 0.7840909090909091 0.49715909090909105 0.765625 0.49715909090909105 0.765625 0.5241477272727274 0.7840909090909091 0.5241477272727274
13 0.14772727272727285 0.84375 0.11221590909090921 0.84375 0.11221590909090921 0.8764204545454546 0.14772727272727285 0.8764204545454546
44 0.5823863636363636 0.25852272727272735 0.5454545454545454 0.25852272727272735 0.5454545454545454 0.28977272727272735 0.5823863636363636 0.28977272727272735
44 0.2883522727272728 0.7059659090909091 0.2698863636363637 0.7059659090909091 0.2698863636363637 0.734375 0.2883522727272728 0.734375
44 0.6363636363636366 0.7215909090909091 0.6150568181818183 0.7215909090909091 0.6150568181818183 0.7571022727272727 0.6363636363636366 0.7571022727272727
44 0.16193181818181826 0.7457386363636364 0.1420454545454546 0.7457386363636364 0.1420454545454546 0.7755681818181818 0.16193181818181826 0.7755681818181818
42 0.8678977272727273 0.34659090909090917 0.8210227272727273 0.34659090909090917 0.8210227272727273 0.4289772727272729 0.8678977272727273 0.4289772727272729
13 0.6079545454545456 0.8409090909090909 0.5823863636363638 0.8409090909090909 0.5823863636363638 0.8735795454545454 0.6079545454545456 0.8735795454545454
44 0.4602272727272727 0.5284090909090909 0.44176136363636365 0.5284090909090909 0.44176136363636365 0.5596590909090909 0.4602272727272727 0.5596590909090909
44 0.4630681818181818 0.34375000000000006 0.4460227272727273 0.34375000000000006 0.4460227272727273 0.3693181818181818 0.4630681818181818 0.3693181818181818
19 0.4303977272727273 0.29261363636363646 0.421875 0.29261363636363646 0.421875 0.309659090909091 0.4303977272727273 0.309659090909091
19 0.43323863636363635 0.4431818181818182 0.4247159090909091 0.4431818181818182 0.4247159090909091 0.45738636363636365 0.43323863636363635 0.45738636363636365
19 0.5014204545454546 0.2855113636363637 0.4914772727272727 0.2855113636363637 0.4914772727272727 0.3025568181818183 0.5014204545454546 0.3025568181818183
19 0.6491477272727273 0.4460227272727273 0.6392045454545454 0.4460227272727273 0.6392045454545454 0.46448863636363635 0.6491477272727273 0.46448863636363635
19 0.2173295454545455 0.31676136363636365 0.20738636363636365 0.31676136363636365 0.20738636363636367 0.33238636363636365 0.21732954545454553 0.33238636363636365
19 0.4332386363636365 0.6647727272727273 0.4232954545454547 0.6647727272727273 0.4232954545454547 0.6846590909090909 0.4332386363636365 0.6846590909090909
19 0.6122159090909091 0.43892045454545453 0.6022727272727273 0.43892045454545453 0.6022727272727273 0.4588068181818182 0.6122159090909091 0.4588068181818182
19 0.7542613636363636 0.5923295454545456 0.7457386363636364 0.5923295454545456 0.7457386363636364 0.6093750000000001 0.7542613636363636 0.6093750000000001
44 0.7073863636363636 0.5738636363636366 0.6860795454545454 0.5738636363636366 0.6860795454545454 0.5965909090909093 0.7073863636363636 0.5965909090909093
13 0.14914772727272735 0.5568181818181818 0.12500000000000008 0.5568181818181818 0.12500000000000008 0.5809659090909091 0.14914772727272735 0.5809659090909091
19 0.7542613636363636 0.29687500000000006 0.7443181818181818 0.29687500000000006 0.7443181818181818 0.31534090909090917 0.7542613636363636 0.31534090909090917
19 0.3252840909090909 0.29829545454545453 0.3153409090909091 0.29829545454545453 0.3153409090909091 0.3153409090909091 0.3252840909090909 0.3153409090909091
19 0.8451704545454546 0.44602272727272746 0.8352272727272727 0.44602272727272746 0.8352272727272727 0.46164772727272746 0.8451704545454546 0.46164772727272746
19 0.49289772727272746 0.6633522727272727 0.48153409090909105 0.6633522727272727 0.48153409090909105 0.6818181818181818 0.49289772727272746 0.6818181818181818
37 0.19318181818181826 0.6946022727272727 0.1661931818181819 0.6946022727272727 0.1661931818181819 0.7272727272727273 0.19318181818181826 0.7272727272727273
19 0.325284090909091 0.6704545454545454 0.31392045454545464 0.6704545454545454 0.31392045454545464 0.6917613636363636 0.325284090909091 0.6917613636363636
19 0.23721590909090917 0.6903409090909091 0.22727272727272735 0.6903409090909091 0.22727272727272735 0.7088068181818182 0.23721590909090917 0.7088068181818182
19 0.7585227272727273 0.4403409090909092 0.7485795454545454 0.4403409090909092 0.7485795454545454 0.4573863636363638 0.7585227272727273 0.4573863636363638
42 0.875 0.5014204545454547 0.8139204545454546 0.5014204545454547 0.8139204545454546 0.5951704545454547 0.875 0.5951704545454547
19 0.13636363636363644 0.5326704545454546 0.13068181818181826 0.5326704545454546 0.13068181818181826 0.5426136363636364 0.13636363636363644 0.5426136363636364
42 0.6846590909090909 0.2556818181818183 0.6321022727272727 0.2556818181818183 0.6321022727272727 0.34375000000000006 0.6846590909090909 0.34375000000000006
13 0.12926136363636367 0.3721590909090909 0.10511363636363641 0.3721590909090909 0.10511363636363641 0.3991477272727273 0.12926136363636367 0.3991477272727273
37 0.38352272727272735 0.65625 0.3579545454545455 0.65625 0.3579545454545455 0.6903409090909091 0.38352272727272746 0.6903409090909091
19 0.9005681818181818 0.45312500000000017 0.890625 0.45312500000000017 0.890625 0.46875000000000017 0.9005681818181818 0.46875000000000017
19 0.84375 0.29261363636363646 0.8338068181818182 0.29261363636363646 0.8338068181818182 0.30823863636363646 0.84375 0.30823863636363646
19 0.5482954545454546 0.6590909090909091 0.5397727272727273 0.6590909090909091 0.5397727272727274 0.6747159090909091 0.5482954545454547 0.6747159090909091
19 0.32812500000000006 0.453125 0.3196022727272728 0.453125 0.3196022727272728 0.46875 0.32812500000000006 0.46875
13 0.6946022727272727 0.36505681818181834 0.671875 0.36505681818181834 0.671875 0.3863636363636365 0.6946022727272727 0.3863636363636365
19 0.5511363636363636 0.5980113636363636 0.5411931818181818 0.5980113636363636 0.5411931818181818 0.6136363636363636 0.5511363636363636 0.6136363636363636
19 0.6221590909090909 0.16761363636363644 0.6150568181818182 0.16761363636363644 0.6150568181818182 0.1818181818181819 0.6221590909090909 0.1818181818181819
19 0.9176136363636364 0.20312500000000008 0.9090909090909091 0.20312500000000008 0.9090909090909091 0.22159090909090917 0.9176136363636364 0.22159090909090917
4 0.17897727272727282 0.515625 0.16477272727272735 0.515625 0.16477272727272735 0.5454545454545454 0.17897727272727282 0.5454545454545454
19 0.231534090909091 0.4900568181818182 0.22159090909090917 0.4900568181818182 0.22159090909090917 0.5071022727272727 0.231534090909091 0.5071022727272727
13 0.8821022727272727 0.603693181818182 0.8607954545454546 0.603693181818182 0.8607954545454546 0.6292613636363638 0.8821022727272727 0.6292613636363638
13 0.6448863636363636 0.20738636363636373 0.6235795454545454 0.20738636363636373 0.6235795454545454 0.23295454545454553 0.6448863636363636 0.23295454545454553
19 0.4034090909090909 0.4460227272727273 0.3963068181818182 0.4460227272727273 0.3963068181818182 0.45738636363636365 0.4034090909090909 0.45738636363636365
19 0.12500000000000008 0.7173295454545454 0.11789772727272735 0.7173295454545454 0.11789772727272735 0.7315340909090909 0.12500000000000008 0.7315340909090909
19 0.9204545454545454 0.44318181818181834 0.9105113636363636 0.44318181818181834 0.9105113636363636 0.4602272727272729 0.9204545454545454 0.4602272727272729
5 0.6164772727272727 0.2911931818181819 0.609375 0.2911931818181819 0.609375 0.30539772727272735 0.6164772727272727 0.30539772727272735
5 0.6036931818181818 0.59375 0.5951704545454546 0.59375 0.5951704545454546 0.609375 0.6036931818181818 0.609375
19 0.9005681818181818 0.49715909090909105 0.8920454545454546 0.49715909090909105 0.8920454545454546 0.5113636363636366 0.9005681818181818 0.5113636363636366
4 0.5071022727272727 0.4460227272727273 0.4786931818181818 0.4460227272727273 0.4786931818181818 0.47301136363636365 0.5071022727272727 0.47301136363636365
19 0.8465909090909091 0.6093750000000001 0.8366477272727273 0.6093750000000001 0.8366477272727273 0.6250000000000001 0.8465909090909091 0.6250000000000001
19 0.12073863636363641 0.34232954545454547 0.11221590909090913 0.34232954545454547 0.11221590909090913 0.3565340909090909 0.12073863636363641 0.3565340909090909
42 0.6889204545454546 0.5511363636363638 0.6377840909090909 0.5511363636363636 0.6377840909090909 0.6363636363636365 0.6889204545454546 0.6363636363636366
13 0.4133522727272727 0.47017045454545453 0.39204545454545453 0.47017045454545453 0.39204545454545453 0.4914772727272727 0.4133522727272727 0.4914772727272727
19 0.23011363636363644 0.5355113636363636 0.22159090909090917 0.5355113636363636 0.22159090909090917 0.5497159090909091 0.23011363636363644 0.5497159090909091
4 0.43892045454545453 0.5568181818181818 0.4161931818181818 0.5568181818181818 0.4161931818181818 0.5823863636363636 0.43892045454545453 0.5823863636363636
19 0.8991477272727273 0.4090909090909092 0.8920454545454546 0.4090909090909092 0.8920454545454546 0.4232954545454547 0.8991477272727273 0.4232954545454547
44 0.16193181818181823 0.2627840909090909 0.14204545454545459 0.2627840909090909 0.14204545454545459 0.296875 0.16193181818181823 0.296875
13 0.7230113636363636 0.5397727272727274 0.7017045454545454 0.5397727272727274 0.7017045454545454 0.5625000000000001 0.7230113636363636 0.5625000000000001
19 0.31392045454545464 0.5284090909090909 0.3068181818181819 0.5284090909090909 0.3068181818181819 0.5426136363636364 0.31392045454545464 0.5426136363636364
4 0.44176136363636365 0.3536931818181819 0.4161931818181818 0.3536931818181819 0.4161931818181818 0.3778409090909091 0.44176136363636365 0.3778409090909091
19 0.294034090909091 0.4602272727272727 0.2855113636363637 0.4602272727272727 0.2855113636363637 0.4744318181818182 0.294034090909091 0.4744318181818182
44 0.8806818181818182 0.528409090909091 0.8693181818181818 0.528409090909091 0.8693181818181818 0.5497159090909093 0.8806818181818182 0.5497159090909093
19 0.8948863636363636 0.3494318181818183 0.8863636363636364 0.3494318181818183 0.8863636363636364 0.3636363636363638 0.8948863636363636 0.3636363636363638
13 0.8977272727272727 0.37215909090909105 0.8806818181818182 0.37215909090909105 0.8806818181818182 0.3977272727272729 0.8977272727272727 0.3977272727272729
53 0.1420454545454546 0.7627840909090909 0.11079545454545463 0.7627840909090909 0.11079545454545463 0.8224431818181818 0.1420454545454546 0.8224431818181818
27 0.6548295454545454 0.14914772727272735 0.6292613636363636 0.14914772727272735 0.6292613636363636 0.19318181818181826 0.6548295454545454 0.19318181818181826
55 0.619318181818182 0.7528409090909091 0.5795454545454547 0.7528409090909091 0.5795454545454547 0.8153409090909091 0.619318181818182 0.8153409090909091
28 0.30539772727272735 0.47301136363636365 0.24857954545454553 0.47301136363636365 0.24857954545454553 0.5639204545454546 0.30539772727272735 0.5639204545454546
44 0.3778409090909091 0.35227272727272735 0.36079545454545464 0.35227272727272735 0.36079545454545464 0.3778409090909091 0.3778409090909091 0.3778409090909091
44 0.4602272727272727 0.5625 0.4431818181818182 0.5625 0.4431818181818182 0.5923295454545454 0.4602272727272727 0.5923295454545454
44 0.384943181818182 0.7329545454545454 0.3636363636363638 0.7329545454545454 0.3636363636363638 0.7670454545454546 0.384943181818182 0.7670454545454546
44 0.2911931818181819 0.7372159090909091 0.2727272727272728 0.7372159090909091 0.2727272727272728 0.765625 0.2911931818181819 0.765625
44 0.21164772727272735 0.6576704545454546 0.19318181818181826 0.6576704545454546 0.19318181818181826 0.6846590909090909 0.21164772727272735 0.6846590909090909
44 0.1732954545454546 0.47017045454545453 0.1548295454545455 0.47017045454545453 0.15482954545454553 0.4971590909090909 0.1732954545454546 0.4971590909090909
44 0.15767045454545459 0.2940340909090909 0.14062500000000003 0.2940340909090909 0.14062500000000003 0.3210227272727273 0.15767045454545459 0.3210227272727273
44 0.4616477272727273 0.3678977272727273 0.4474431818181818 0.3678977272727273 0.4474431818181818 0.39488636363636365 0.4616477272727273 0.39488636363636365
44 0.6548295454545454 0.11789772727272735 0.6363636363636364 0.11789772727272735 0.6363636363636364 0.14630681818181826 0.6548295454545454 0.14630681818181826
44 0.7826704545454546 0.37500000000000017 0.765625 0.37500000000000017 0.765625 0.39914772727272746 0.7826704545454546 0.39914772727272746
44 0.8622159090909091 0.4715909090909092 0.8465909090909091 0.4715909090909092 0.8465909090909091 0.5042613636363638 0.8622159090909091 0.5042613636363638
44 0.8664772727272727 0.32812500000000006 0.8508522727272727 0.32812500000000006 0.8508522727272727 0.35227272727272735 0.8664772727272727 0.35227272727272735
56 0.2798295454545455 0.42329545454545453 0.2642045454545455 0.42329545454545453 0.2642045454545455 0.45170454545454547 0.2798295454545455 0.45170454545454547
13 0.28125000000000006 0.5710227272727273 0.262784090909091 0.5710227272727273 0.262784090909091 0.5923295454545454 0.28125000000000006 0.5923295454545454
19 0.7017045454545454 0.5227272727272729 0.6960227272727273 0.5227272727272729 0.6960227272727273 0.5340909090909093 0.7017045454545454 0.5340909090909093
19 0.7159090909090909 0.5213068181818183 0.7102272727272727 0.5213068181818183 0.7102272727272727 0.5298295454545456 0.7159090909090909 0.5298295454545456
44 0.703125 0.622159090909091 0.6803977272727273 0.622159090909091 0.6803977272727273 0.6519886363636366 0.703125 0.6519886363636366
19 0.6420454545454546 0.53125 0.6349431818181818 0.53125 0.6349431818181818 0.5426136363636364 0.6420454545454546 0.5426136363636364
44 0.2713068181818183 0.48863636363636365 0.2642045454545455 0.48863636363636365 0.2642045454545455 0.49857954545454547 0.2713068181818183 0.49857954545454547
44 0.262784090909091 0.49573863636363635 0.2556818181818183 0.49573863636363635 0.2556818181818183 0.5071022727272727 0.262784090909091 0.5071022727272727
44 0.26704545454545464 0.5198863636363636 0.2599431818181819 0.5198863636363636 0.2599431818181819 0.5383522727272727 0.26704545454545464 0.5383522727272727
44 0.2755681818181819 0.5241477272727273 0.26704545454545464 0.5241477272727273 0.26704545454545464 0.5340909090909091 0.2755681818181819 0.5340909090909091
44 0.6590909090909091 0.33664772727272735 0.6519886363636364 0.33664772727272735 0.6519886363636364 0.35227272727272735 0.6590909090909091 0.35227272727272735
44 0.6761363636363636 0.3338068181818183 0.6661931818181818 0.3338068181818183 0.6661931818181818 0.34659090909090917 0.6761363636363636 0.34659090909090917
44 0.6534090909090909 0.5525568181818182 0.6477272727272727 0.5525568181818182 0.6477272727272727 0.5667613636363636 0.6534090909090909 0.5667613636363636
44 0.6761363636363636 0.5468750000000001 0.6676136363636364 0.5468750000000001 0.6676136363636364 0.5681818181818183 0.6761363636363636 0.5681818181818183
44 0.8693181818181818 0.37357954545454564 0.8607954545454546 0.37357954545454564 0.8607954545454546 0.3863636363636365 0.8693181818181818 0.3863636363636365
44 0.8693181818181818 0.39630681818181834 0.8579545454545454 0.39630681818181834 0.8579545454545454 0.4105113636363638 0.8693181818181818 0.4105113636363638
44 0.8792613636363636 0.5653409090909093 0.8678977272727273 0.5653409090909093 0.8678977272727273 0.5795454545454547 0.8792613636363636 0.5795454545454547
44 0.5227272727272727 0.42329545454545453 0.5056818181818182 0.42329545454545453 0.5056818181818182 0.4559659090909091 0.5227272727272727 0.4559659090909091
44 0.5198863636363636 0.45738636363636365 0.5042613636363636 0.45738636363636365 0.5042613636363636 0.48579545454545453 0.5198863636363636 0.48579545454545453
19 0.8707386363636364 0.356534090909091 0.8664772727272727 0.356534090909091 0.8664772727272727 0.3664772727272729 0.8707386363636364 0.3664772727272729
44 0.32812500000000006 0.48579545454545453 0.31250000000000006 0.48579545454545453 0.31250000000000006 0.5113636363636364 0.32812500000000006 0.5113636363636364
19 0.875 0.5866477272727274 0.8678977272727273 0.5866477272727274 0.8678977272727273 0.5980113636363638 0.875 0.5980113636363638
19 0.8792613636363636 0.5014204545454547 0.8721590909090909 0.5014204545454547 0.8721590909090909 0.5142045454545456 0.8792613636363636 0.5142045454545456
19 0.8636363636363636 0.4133522727272729 0.8579545454545454 0.4133522727272729 0.8579545454545454 0.4247159090909092 0.8636363636363636 0.4247159090909092
19 0.6875 0.3423295454545455 0.6803977272727273 0.3423295454545455 0.6803977272727273 0.3508522727272728 0.6875 0.3508522727272728
19 0.6463068181818182 0.340909090909091 0.640625 0.340909090909091 0.640625 0.3508522727272728 0.6463068181818182 0.3508522727272728