44 0.1164772727272728 0.7116477272727273 0.06676136363636372 0.7116477272727273 0.06676136363636373 0.7670454545454546 0.1164772727272728 0.7670454545454546
44 0.5269886363636366 0.7485795454545454 0.4545454545454547 0.7485795454545454 0.4545454545454547 0.8125 0.5269886363636366 0.8125
44 0.4815340909090909 0.5142045454545454 0.42613636363636365 0.5142045454545454 0.42613636363636365 0.5696022727272727 0.4815340909090909 0.5696022727272727
44 0.7926136363636364 0.17471590909090917 0.7130681818181818 0.17471590909090917 0.7130681818181818 0.23011363636363644 0.7926136363636364 0.23011363636363644
37 0.33664772727272735 0.42613636363636365 0.28125000000000006 0.42613636363636365 0.28125000000000006 0.46732954545454547 0.33664772727272735 0.46732954545454547
44 0.7926136363636364 0.3025568181818183 0.7159090909090909 0.3025568181818183 0.7159090909090909 0.38352272727272746 0.7926136363636364 0.38352272727272746
44 0.35511363636363646 0.4815340909090909 0.27414772727272735 0.4815340909090909 0.27414772727272735 0.5369318181818182 0.35511363636363646 0.5369318181818182
44 0.2443181818181819 0.47301136363636365 0.18750000000000008 0.47301136363636365 0.18750000000000008 0.5284090909090909 0.2443181818181819 0.5284090909090909
37 0.7116477272727273 0.153409090909091 0.6846590909090909 0.153409090909091 0.6846590909090909 0.25284090909090917 0.7116477272727273 0.25284090909090917
44 0.17187500000000008 0.6576704545454546 0.11079545454545463 0.6576704545454546 0.11079545454545463 0.7173295454545454 0.17187500000000008 0.7173295454545454
44 0.6619318181818182 0.09801136363636372 0.5696022727272727 0.09801136363636372 0.5696022727272727 0.1576704545454546 0.6619318181818182 0.1576704545454546
44 0.6193181818181818 0.5255681818181818 0.5454545454545454 0.5255681818181818 0.5454545454545454 0.5823863636363636 0.6193181818181818 0.5823863636363636
44 0.4659090909090909 0.37357954545454547 0.40767045454545453 0.37357954545454547 0.40767045454545453 0.421875 0.4659090909090909 0.421875
44 0.8892045454545454 0.11647727272727285 0.8323863636363636 0.11647727272727285 0.8323863636363636 0.16619318181818193 0.8892045454545454 0.16619318181818193
44 0.4900568181818182 0.1235795454545455 0.42329545454545453 0.1235795454545455 0.42329545454545453 0.17897727272727276 0.4900568181818182 0.17897727272727276
44 0.8849431818181818 0.3579545454545455 0.8622159090909091 0.3579545454545455 0.8622159090909091 0.4019886363636365 0.8849431818181818 0.4019886363636365
37 0.1974431818181819 0.4431818181818182 0.1704545454545455 0.4431818181818182 0.17045454545454553 0.5482954545454546 0.1974431818181819 0.5482954545454546
8 0.8153409090909091 0.04829545454545465 0.7840909090909091 0.04829545454545465 0.7840909090909091 0.13636363636363644 0.8153409090909091 0.13636363636363644
8 0.625 0.25142045454545464 0.6022727272727273 0.25142045454545464 0.6022727272727273 0.32102272727272735 0.625 0.32102272727272735
44 0.7571022727272727 0.49715909090909105 0.7088068181818182 0.49715909090909105 0.7088068181818182 0.5355113636363638 0.7571022727272727 0.5355113636363638
44 0.6392045454545454 0.59375 0.5454545454545454 0.59375 0.5454545454545454 0.6463068181818182 0.6392045454545454 0.6463068181818182
44 0.6619318181818182 0.4360795454545455 0.6306818181818182 0.43607954545454547 0.6306818181818182 0.48011363636363646 0.6619318181818182 0.4801136363636365
37 0.7926136363636364 0.2642045454545455 0.734375 0.2642045454545455 0.734375 0.3011363636363637 0.7926136363636364 0.3011363636363637
23 0.234375 0.14772727272727273 0.1590909090909091 0.14772727272727273 0.15909090909090912 0.2627840909090909 0.234375 0.2627840909090909
19 0.7698863636363636 0.5312500000000001 0.7528409090909091 0.5312500000000001 0.7528409090909091 0.559659090909091 0.7698863636363636 0.559659090909091
44 0.9914772727272727 0.14488636363636376 0.9417613636363636 0.14488636363636376 0.9417613636363636 0.18465909090909102 0.9914772727272727 0.18465909090909108
37 0.4715909090909091 0.262784090909091 0.3963068181818182 0.262784090909091 0.3963068181818182 0.309659090909091 0.4715909090909091 0.309659090909091
37 0.5269886363636366 0.8139204545454546 0.4488636363636365 0.8139204545454546 0.4488636363636365 0.8636363636363636 0.5269886363636366 0.8636363636363636
3 0.21448863636363644 0.6164772727272727 0.17045454545454553 0.6164772727272727 0.17045454545454553 0.7130681818181818 0.21448863636363644 0.7130681818181818
3 0.7755681818181818 0.4289772727272729 0.7400568181818182 0.4289772727272729 0.7400568181818182 0.49289772727272746 0.7755681818181818 0.49289772727272746
44 0.3494318181818182 0.21164772727272735 0.3352272727272727 0.21164772727272735 0.3352272727272727 0.2556818181818183 0.3494318181818182 0.2556818181818183
44 0.6747159090909091 0.48011363636363646 0.6363636363636364 0.48011363636363635 0.6363636363636364 0.5227272727272728 0.6747159090909091 0.5227272727272729
44 0.9659090909090909 0.10653409090909104 0.9346590909090909 0.10653409090909104 0.9346590909090909 0.14488636363636376 0.9659090909090909 0.14488636363636376
44 0.8238636363636364 0.38920454545454564 0.8082386363636364 0.38920454545454564 0.8082386363636364 0.4261363636363638 0.8238636363636364 0.4261363636363638
44 0.5639204545454546 0.3181818181818183 0.48579545454545453 0.3181818181818183 0.48579545454545453 0.39488636363636365 0.5639204545454546 0.39488636363636365
19 0.26846590909090917 0.4375 0.2542613636363637 0.4375 0.2542613636363637 0.4616477272727273 0.26846590909090917 0.4616477272727273
44 0.27698863636363635 0.2911931818181818 0.26136363636363635 0.2911931818181818 0.26136363636363635 0.3210227272727273 0.27698863636363635 0.3210227272727273
19 0.3849431818181818 0.2698863636363637 0.37357954545454547 0.2698863636363637 0.37357954545454547 0.29687500000000006 0.3849431818181818 0.29687500000000006
44 0.04261363636363641 0.35795454545454547 0.00710227272727277 0.35795454545454547 0.007102272727272774 0.40625 0.042613636363636416 0.40625
4 0.5269886363636364 0.25284090909090917 0.5014204545454546 0.25284090909090917 0.5014204545454546 0.32102272727272735 0.5269886363636364 0.32102272727272735
19 0.5667613636363636 0.07102272727272733 0.5553977272727273 0.07102272727272733 0.5553977272727273 0.09375000000000008 0.5667613636363636 0.09375000000000008
44 0.2755681818181818 0.20738636363636365 0.2599431818181818 0.20738636363636365 0.2599431818181818 0.24289772727272727 0.2755681818181818 0.24289772727272727
19 0.5752840909090909 0.26562500000000006 0.5610795454545454 0.26562500000000006 0.5610795454545454 0.2911931818181819 0.5752840909090909 0.2911931818181819
19 0.5099431818181819 0.6576704545454546 0.4943181818181818 0.6576704545454546 0.4943181818181819 0.6818181818181818 0.509943181818182 0.6818181818181818
19 0.20312500000000008 0.8082386363636364 0.18607954545454553 0.8082386363636364 0.18607954545454553 0.8394886363636364 0.20312500000000008 0.8394886363636364
19 0.7073863636363636 0.2713068181818183 0.6917613636363636 0.2713068181818183 0.6917613636363636 0.29829545454545464 0.7073863636363636 0.29829545454545464
19 0.8139204545454546 0.9076704545454546 0.796875 0.9076704545454546 0.796875 0.9375 0.8139204545454546 0.9375
19 0.3877840909090909 0.4346590909090909 0.37642045454545453 0.4346590909090909 0.37642045454545453 0.4588068181818182 0.3877840909090909 0.4588068181818182
44 0.453125 0.22727272727272735 0.40767045454545453 0.22727272727272735 0.40767045454545453 0.2698863636363637 0.453125 0.2698863636363637
19 0.40767045454545453 0.05681818181818186 0.39488636363636365 0.05681818181818186 0.39488636363636365 0.08096590909090913 0.40767045454545453 0.08096590909090913
19 0.7116477272727273 0.5383522727272729 0.6931818181818182 0.5383522727272729 0.6931818181818182 0.5696022727272729 0.7116477272727273 0.5696022727272729
19 0.8125 0.2713068181818183 0.7982954545454546 0.2713068181818183 0.7982954545454546 0.29829545454545464 0.8125 0.29829545454545464
44 0.3494318181818183 0.3508522727272728 0.33096590909090917 0.3508522727272728 0.33096590909090917 0.390625 0.3494318181818183 0.390625
28 0.35653409090909094 0.21164772727272732 0.27982954545454547 0.21164772727272727 0.27982954545454547 0.37642045454545453 0.356534090909091 0.37642045454545453
19 0.3338068181818182 0.06392045454545459 0.3210227272727273 0.06392045454545459 0.3210227272727273 0.08522727272727276 0.3338068181818182 0.08522727272727276
19 0.1264204545454546 0.5866477272727273 0.10511363636363645 0.5866477272727273 0.10511363636363645 0.6193181818181818 0.1264204545454546 0.6193181818181818
37 0.48295454545454547 0.42613636363636365 0.4005681818181818 0.42613636363636365 0.4005681818181818 0.4772727272727273 0.48295454545454547 0.4772727272727273
19 0.055397727272727355 0.5880681818181818 0.03977272727272734 0.5880681818181818 0.03977272727272734 0.6136363636363636 0.055397727272727355 0.6136363636363636
19 0.7045454545454546 0.06676136363636372 0.6903409090909091 0.06676136363636372 0.6903409090909091 0.09375000000000008 0.7045454545454546 0.09375000000000008
19 0.8068181818181818 0.18750000000000008 0.7940340909090909 0.18750000000000008 0.7940340909090909 0.21164772727272735 0.8068181818181818 0.21164772727272735
13 0.7840909090909091 0.6278409090909093 0.7457386363636364 0.6278409090909093 0.7457386363636364 0.6803977272727274 0.7840909090909091 0.6803977272727274
44 0.25142045454545453 0.07528409090909094 0.15625 0.07528409090909093 0.15625 0.1150568181818182 0.25142045454545453 0.11505681818181822
13 0.17329545454545467 0.8423295454545454 0.1363636363636365 0.8423295454545454 0.1363636363636365 0.8863636363636364 0.17329545454545467 0.8863636363636364
19 0.26278409090909094 0.3125 0.25142045454545453 0.3125 0.2514204545454546 0.3380681818181818 0.262784090909091 0.3380681818181818
19 0.19602272727272735 0.5894886363636364 0.18039772727272735 0.5894886363636364 0.18039772727272735 0.6136363636363636 0.19602272727272735 0.6136363636363636
19 0.1590909090909092 0.8082386363636364 0.14630681818181826 0.8082386363636364 0.1463068181818183 0.8295454545454546 0.1590909090909092 0.8295454545454546
19 0.18750000000000003 0.32670454545454547 0.17471590909090914 0.32670454545454547 0.17471590909090914 0.3465909090909091 0.18750000000000008 0.3465909090909091
19 0.009943181818181872 0.4289772727272727 5.253456439524157e-17 0.4289772727272727 5.375225297393922e-17 0.44886363636363635 0.009943181818181874 0.44886363636363635
19 0.7088068181818182 0.653409090909091 0.6946022727272727 0.653409090909091 0.6946022727272728 0.6789772727272729 0.7088068181818183 0.6789772727272729
19 0.05681818181818192 0.8082386363636364 0.04403409090909101 0.8082386363636364 0.04403409090909101 0.8295454545454546 0.05681818181818192 0.8295454545454546
44 0.8196022727272727 0.294034090909091 0.8039772727272727 0.294034090909091 0.8039772727272727 0.32954545454545464 0.8196022727272727 0.32954545454545464
4 0.71875 0.43607954545454564 0.6775568181818182 0.43607954545454564 0.6775568181818182 0.4801136363636365 0.71875 0.4801136363636365
19 0.02130681818181829 0.8977272727272727 0.008522727272727383 0.8977272727272727 0.008522727272727385 0.9176136363636364 0.02130681818181829 0.9176136363636364
19 0.5056818181818182 0.44886363636363635 0.4943181818181818 0.44886363636363635 0.4943181818181818 0.46875 0.5056818181818182 0.46875
19 0.1235795454545455 0.24005681818181818 0.11221590909090913 0.24005681818181818 0.11221590909090913 0.26136363636363635 0.1235795454545455 0.26136363636363635
19 0.05539772727272727 0.04971590909090909 0.04119318181818183 0.04971590909090909 0.04119318181818183 0.07386363636363637 0.05539772727272727 0.07386363636363637
8 0.5795454545454546 0.1349431818181819 0.5426136363636364 0.1349431818181819 0.5426136363636364 0.17471590909090917 0.5795454545454546 0.17471590909090917
3 0.4247159090909091 0.07812500000000006 0.3849431818181818 0.07812500000000004 0.3849431818181818 0.14772727272727276 0.4247159090909091 0.14772727272727276
19 0.2698863636363637 0.7215909090909091 0.2542613636363637 0.7215909090909091 0.2542613636363637 0.7471590909090909 0.2698863636363637 0.7471590909090909
19 0.7613636363636364 0.38352272727272746 0.7485795454545454 0.38352272727272746 0.7485795454545454 0.40482954545454564 0.7613636363636364 0.40482954545454564
19 0.90625 0.15482954545454558 0.8948863636363636 0.15482954545454558 0.8948863636363636 0.1747159090909092 0.90625 0.1747159090909092
43 0.5213068181818182 0.5582386363636364 0.4815340909090909 0.5582386363636364 0.4815340909090909 0.6278409090909091 0.5213068181818182 0.6278409090909091
13 0.9161931818181818 0.23721590909090917 0.8877840909090909 0.23721590909090917 0.8877840909090909 0.2798295454545455 0.9161931818181818 0.2798295454545455
28 0.875 0.25142045454545464 0.8181818181818182 0.25142045454545464 0.8181818181818182 0.4446022727272729 0.875 0.4446022727272729
19 0.8948863636363636 0.3068181818181819 0.8806818181818182 0.3068181818181819 0.8806818181818182 0.3338068181818183 0.8948863636363636 0.3338068181818183
19 0.8920454545454546 0.8366477272727273 0.8792613636363636 0.8366477272727273 0.8792613636363636 0.859375 0.8920454545454546 0.859375
13 0.4147727272727273 0.16051136363636367 0.38636363636363635 0.16051136363636367 0.38636363636363635 0.19886363636363644 0.4147727272727273 0.19886363636363644
3 0.5241477272727273 0.4758522727272727 0.4815340909090909 0.4758522727272727 0.4815340909090909 0.5511363636363636 0.5241477272727273 0.5511363636363636
11 0.0781250000000001 0.6647727272727273 0.024147727272727352 0.6647727272727273 0.02414772727272736 0.7571022727272727 0.0781250000000001 0.7571022727272727
31 0.3821022727272728 0.6548295454545454 0.28977272727272735 0.6548295454545454 0.28977272727272735 0.8863636363636364 0.3821022727272729 0.8863636363636364
19 0.3977272727272729 0.7215909090909091 0.384943181818182 0.7215909090909091 0.384943181818182 0.7428977272727273 0.3977272727272729 0.7428977272727273
38 0.06676136363636369 0.37073863636363635 0.02840909090909095 0.37073863636363635 0.02840909090909096 0.5284090909090909 0.0667613636363637 0.5284090909090909
13 0.33664772727272735 0.38920454545454547 0.3167613636363637 0.38920454545454547 0.3167613636363637 0.4161931818181818 0.33664772727272735 0.4161931818181818
44 0.9474431818181818 0.036931818181818295 0.9303977272727273 0.036931818181818295 0.9303977272727273 0.08238636363636376 0.9474431818181818 0.08238636363636376
4 0.8693181818181818 0.16619318181818193 0.8465909090909091 0.16619318181818193 0.8465909090909091 0.2201704545454546 0.8693181818181818 0.2201704545454546
19 0.8025568181818182 0.3664772727272729 0.7883522727272727 0.3664772727272729 0.7883522727272727 0.400568181818182 0.8025568181818182 0.400568181818182
43 0.9303977272727273 0.1406250000000001 0.9133522727272727 0.1406250000000001 0.9133522727272727 0.184659090909091 0.9303977272727273 0.184659090909091
43 0.9289772727272727 0.0525568181818183 0.9090909090909091 0.0525568181818183 0.9090909090909091 0.10085227272727285 0.9289772727272727 0.10085227272727285
44 0.3536931818181819 0.30823863636363646 0.3465909090909091 0.30823863636363646 0.3465909090909091 0.340909090909091 0.3536931818181819 0.340909090909091
44 0.9403409090909091 0.16051136363636376 0.9232954545454546 0.16051136363636376 0.9232954545454546 0.1747159090909092 0.9403409090909091 0.1747159090909092
44 0.27982954545454547 0.11221590909090912 0.12357954545454546 0.11221590909090909 0.12357954545454546 0.16335227272727273 0.27982954545454547 0.16335227272727276
5 0.8110795454545454 0.828125 0.796875 0.828125 0.796875 0.8565340909090909 0.8110795454545454 0.8565340909090909
44 0.3039772727272727 0.24431818181818182 0.2911931818181818 0.24431818181818182 0.2911931818181818 0.26704545454545453 0.3039772727272727 0.26704545454545453
44 0.3053977272727273 0.3196022727272727 0.2897727272727273 0.3196022727272727 0.2897727272727273 0.3366477272727273 0.30539772727272735 0.3366477272727273
44 0.34375 0.2670454545454546 0.2869318181818182 0.26704545454545453 0.2869318181818182 0.2997159090909091 0.34375 0.29971590909090917
44 0.8650568181818182 0.30823863636363646 0.8252840909090909 0.30823863636363646 0.8252840909090909 0.35937500000000006 0.8650568181818182 0.35937500000000006
44 0.8409090909090909 0.2855113636363637 0.8252840909090909 0.2855113636363637 0.8252840909090909 0.29971590909090917 0.8409090909090909 0.29971590909090917
44 0.8409090909090909 0.36505681818181834 0.8309659090909091 0.36505681818181834 0.8309659090909091 0.3948863636363638 0.8409090909090909 0.3948863636363638
19 0.8821022727272727 0.17613636363636376 0.8707386363636364 0.17613636363636376 0.8707386363636364 0.19602272727272735 0.8821022727272727 0.19602272727272735