44 0.603693181818182 0.7514204545454546 0.5326704545454547 0.7514204545454546 0.5326704545454547 0.8025568181818182 0.603693181818182 0.8025568181818182
44 0.8707386363636364 0.478693181818182 0.8110795454545454 0.478693181818182 0.8110795454545454 0.5198863636363638 0.8707386363636364 0.5198863636363638
44 0.9190340909090909 0.5454545454545456 0.8678977272727273 0.5454545454545456 0.8678977272727273 0.5994318181818183 0.9190340909090909 0.5994318181818183
44 0.3948863636363638 0.6988636363636364 0.28977272727272735 0.6988636363636364 0.28977272727272735 0.7528409090909091 0.3948863636363638 0.7528409090909091
44 0.6633522727272727 0.43750000000000006 0.5667613636363636 0.4375 0.5667613636363636 0.5000000000000001 0.6633522727272727 0.5000000000000001
44 0.9190340909090909 0.19176136363636373 0.8565340909090909 0.19176136363636373 0.8565340909090909 0.23721590909090917 0.9190340909090909 0.23721590909090917
44 0.8181818181818182 0.2443181818181819 0.7727272727272727 0.2443181818181819 0.7727272727272727 0.29829545454545464 0.8181818181818182 0.29829545454545464
44 0.35227272727272735 0.39488636363636365 0.29261363636363646 0.39488636363636365 0.29261363636363646 0.44886363636363635 0.35227272727272735 0.44886363636363635
44 0.20880681818181826 0.49857954545454547 0.1661931818181819 0.49857954545454547 0.1661931818181819 0.5653409090909091 0.20880681818181826 0.5653409090909091
4 0.5568181818181818 0.5383522727272727 0.5269886363636364 0.5383522727272727 0.5269886363636364 0.6079545454545454 0.5568181818181818 0.6079545454545454
44 0.5653409090909091 0.5056818181818182 0.5170454545454546 0.5056818181818182 0.5170454545454546 0.5440340909090909 0.5653409090909091 0.5440340909090909
41 0.37642045454545453 0.1676136363636364 0.3224431818181818 0.1676136363636364 0.3224431818181819 0.34090909090909094 0.37642045454545453 0.340909090909091
47 0.4289772727272729 0.6690340909090909 0.3934659090909092 0.6690340909090909 0.3934659090909092 0.7826704545454546 0.4289772727272729 0.7826704545454546
42 0.39062500000000017 0.9204545454545454 0.33948863636363646 0.9204545454545454 0.33948863636363646 0.9829545454545454 0.39062500000000017 0.9829545454545454
19 0.3991477272727273 0.5625 0.37926136363636365 0.5625 0.37926136363636365 0.5965909090909091 0.3991477272727273 0.5965909090909091
44 0.3181818181818182 0.21875 0.30113636363636365 0.21875 0.30113636363636365 0.2755681818181818 0.3181818181818182 0.2755681818181818
19 0.36079545454545453 0.11647727272727276 0.34375 0.11647727272727276 0.34375 0.14630681818181823 0.36079545454545453 0.14630681818181823
47 0.703125 0.4232954545454547 0.6661931818181818 0.4232954545454547 0.6661931818181818 0.509943181818182 0.703125 0.509943181818182
19 0.48295454545454547 0.5568181818181818 0.4616477272727273 0.5568181818181818 0.4616477272727273 0.5909090909090909 0.48295454545454547 0.5909090909090909
19 0.9375 0.43465909090909105 0.9232954545454546 0.43465909090909105 0.9232954545454546 0.4602272727272729 0.9375 0.4602272727272729
19 0.7585227272727273 0.09232954545454554 0.7414772727272727 0.09232954545454554 0.7414772727272727 0.122159090909091 0.7585227272727273 0.122159090909091
44 0.5440340909090909 0.28125000000000006 0.484375 0.28125000000000006 0.484375 0.32954545454545464 0.5440340909090909 0.32954545454545464
19 0.4176136363636365 0.9204545454545454 0.39914772727272746 0.9204545454545454 0.39914772727272746 0.9545454545454546 0.4176136363636365 0.9545454545454546
19 0.8053977272727273 0.447443181818182 0.7883522727272727 0.447443181818182 0.7883522727272727 0.4730113636363638 0.8053977272727273 0.4730113636363638
19 0.7826704545454546 0.4488636363636365 0.765625 0.4488636363636365 0.765625 0.4801136363636365 0.7826704545454546 0.4801136363636365
19 0.9247159090909091 0.07102272727272739 0.90625 0.07102272727272738 0.90625 0.10511363636363648 0.9247159090909091 0.10511363636363648
19 0.6676136363636364 0.09517045454545463 0.6477272727272727 0.09517045454545463 0.6477272727272727 0.1264204545454546 0.6676136363636364 0.1264204545454546
19 0.44176136363636365 0.10511363636363641 0.421875 0.10511363636363641 0.421875 0.13494318181818185 0.44176136363636365 0.13494318181818185
19 0.697443181818182 0.6960227272727274 0.6832386363636366 0.6960227272727274 0.6832386363636366 0.7215909090909093 0.697443181818182 0.7215909090909093
19 0.8139204545454546 0.5383522727272729 0.7997159090909091 0.5383522727272729 0.7997159090909091 0.5610795454545456 0.8139204545454546 0.5610795454545456
54 0.26846590909090917 0.48579545454545453 0.21164772727272735 0.48579545454545453 0.21164772727272735 0.6136363636363636 0.26846590909090917 0.6136363636363636
5 0.6903409090909091 0.5511363636363638 0.6676136363636364 0.5511363636363638 0.6676136363636364 0.588068181818182 0.6903409090909091 0.588068181818182
19 0.26136363636363646 0.9289772727272727 0.24005681818181826 0.9289772727272727 0.24005681818181826 0.9659090909090909 0.26136363636363646 0.9659090909090909
19 0.23863636363636365 0.12073863636363641 0.21875 0.12073863636363641 0.21875 0.1548295454545455 0.23863636363636365 0.1548295454545455
19 0.9588068181818182 0.8806818181818182 0.9417613636363636 0.8806818181818182 0.9417613636363636 0.9090909090909091 0.9588068181818182 0.9090909090909091
37 0.9559659090909091 0.5085227272727274 0.9261363636363636 0.5085227272727274 0.9261363636363636 0.5937500000000001 0.9559659090909091 0.5937500000000001
37 0.8806818181818182 0.40625000000000017 0.8238636363636364 0.40625000000000017 0.8238636363636364 0.47727272727272746 0.8806818181818182 0.47727272727272746
37 0.390625 0.3664772727272727 0.3536931818181819 0.3664772727272727 0.3536931818181819 0.46448863636363635 0.390625 0.46448863636363635
42 0.9900568181818182 0.6150568181818183 0.9261363636363636 0.6150568181818183 0.9261363636363636 0.7542613636363636 0.9900568181818182 0.7542613636363636
37 0.603693181818182 0.6889204545454546 0.5383522727272729 0.6889204545454546 0.5383522727272729 0.7514204545454546 0.603693181818182 0.7514204545454546
3 0.9602272727272727 0.20738636363636373 0.8863636363636364 0.20738636363636373 0.8863636363636364 0.31534090909090917 0.9602272727272727 0.31534090909090917
37 0.7784090909090909 0.20738636363636373 0.7400568181818182 0.20738636363636373 0.7400568181818182 0.340909090909091 0.7784090909090909 0.340909090909091
3 0.4772727272727273 0.3068181818181819 0.4147727272727273 0.3068181818181819 0.4147727272727273 0.3963068181818182 0.4772727272727273 0.3963068181818182