55 0.5823863636363638 0.8352272727272727 0.48295454545454564 0.8352272727272727 0.48295454545454564 0.9019886363636364 0.5823863636363638 0.9019886363636364
4 0.5454545454545456 0.7272727272727273 0.5085227272727274 0.7272727272727273 0.5085227272727274 0.7982954545454546 0.5454545454545456 0.7982954545454546
4 0.25142045454545464 0.38920454545454547 0.21732954545454553 0.38920454545454547 0.21732954545454553 0.4460227272727273 0.25142045454545464 0.4460227272727273
4 0.3806818181818182 0.3821022727272727 0.34375000000000006 0.3821022727272727 0.34375000000000006 0.4588068181818182 0.3806818181818182 0.4588068181818182
4 0.6889204545454546 0.5610795454545455 0.6548295454545454 0.5610795454545454 0.6548295454545454 0.6235795454545455 0.6889204545454546 0.6235795454545456
37 0.2883522727272728 0.6690340909090909 0.19886363636363644 0.6690340909090909 0.19886363636363644 0.6988636363636364 0.2883522727272728 0.6988636363636364
37 0.713068181818182 0.6676136363636365 0.6250000000000001 0.6676136363636364 0.6250000000000001 0.7017045454545455 0.713068181818182 0.7017045454545456
37 0.78125 0.4602272727272729 0.6860795454545454 0.4602272727272729 0.6860795454545454 0.5071022727272729 0.78125 0.5071022727272729
14 0.3352272727272728 0.4715909090909091 0.22301136363636373 0.4715909090909091 0.22301136363636373 0.5099431818181818 0.3352272727272728 0.5099431818181818
47 0.625 0.45170454545454547 0.46448863636363635 0.45170454545454547 0.46448863636363635 0.5681818181818182 0.625 0.5681818181818182
5 0.5255681818181818 0.32954545454545464 0.4346590909090909 0.32954545454545464 0.4346590909090909 0.3693181818181818 0.5255681818181818 0.3693181818181818
43 0.5 0.12215909090909097 0.4602272727272727 0.12215909090909095 0.4602272727272727 0.15340909090909097 0.5 0.153409090909091
43 0.5809659090909091 0.1264204545454546 0.5440340909090909 0.1264204545454546 0.5440340909090909 0.15482954545454553 0.5809659090909091 0.15482954545454553
44 0.27414772727272735 0.7088068181818182 0.22727272727272735 0.7088068181818182 0.22727272727272735 0.7911931818181818 0.27414772727272735 0.7911931818181818
44 0.5553977272727274 0.9090909090909091 0.512784090909091 0.9090909090909091 0.512784090909091 0.9602272727272727 0.5553977272727274 0.9602272727272727
44 0.22727272727272732 0.31107954545454547 0.1846590909090909 0.31107954545454547 0.18465909090909094 0.38920454545454547 0.22727272727272735 0.38920454545454547
44 0.2869318181818183 0.5170454545454546 0.23295454545454553 0.5170454545454546 0.23295454545454553 0.5738636363636364 0.2869318181818183 0.5738636363636364
44 0.41761363636363635 0.37073863636363635 0.3806818181818182 0.37073863636363635 0.3806818181818182 0.4133522727272727 0.41761363636363635 0.4133522727272727
44 0.5042613636363638 0.78125 0.4644886363636365 0.78125 0.4644886363636365 0.8153409090909091 0.5042613636363638 0.8153409090909091
44 0.6576704545454546 0.6022727272727273 0.6150568181818182 0.6022727272727273 0.6150568181818182 0.6505681818181818 0.6576704545454546 0.6505681818181818
44 0.7528409090909091 0.700284090909091 0.7059659090909093 0.700284090909091 0.7059659090909093 0.7613636363636364 0.7528409090909091 0.7613636363636364
44 0.7954545454545454 0.5028409090909093 0.7443181818181818 0.5028409090909093 0.7443181818181818 0.556818181818182 0.7954545454545454 0.556818181818182
44 0.4630681818181818 0.0667613636363637 0.41761363636363635 0.0667613636363637 0.41761363636363635 0.1235795454545455 0.4630681818181818 0.1235795454545455
44 0.5909090909090909 0.05539772727272734 0.5411931818181818 0.055397727272727335 0.5411931818181818 0.12073863636363645 0.5909090909090909 0.12073863636363645
19 0.38352272727272746 0.859375 0.34659090909090917 0.859375 0.34659090909090917 0.8877840909090909 0.38352272727272746 0.8877840909090909
19 0.38352272727272746 0.7542613636363636 0.3536931818181819 0.7542613636363636 0.3536931818181819 0.7784090909090909 0.38352272727272746 0.7784090909090909
19 0.19886363636363644 0.8565340909090909 0.17329545454545467 0.8565340909090909 0.17329545454545467 0.8778409090909091 0.19886363636363644 0.8778409090909091
19 0.18750000000000008 0.6732954545454546 0.15909090909090917 0.6732954545454546 0.15909090909090917 0.6931818181818182 0.18750000000000008 0.6931818181818182
19 0.17613636363636367 0.46448863636363635 0.14630681818181823 0.46448863636363635 0.14630681818181823 0.48863636363636365 0.17613636363636367 0.48863636363636365
19 0.17187500000000003 0.40625 0.14630681818181823 0.40625 0.14630681818181823 0.4247159090909091 0.17187500000000003 0.4247159090909091
19 0.3068181818181819 0.40482954545454547 0.2727272727272728 0.40482954545454547 0.2727272727272728 0.43323863636363635 0.3068181818181819 0.43323863636363635
19 0.2883522727272728 0.3508522727272727 0.262784090909091 0.3508522727272727 0.262784090909091 0.3693181818181818 0.2883522727272728 0.3693181818181818
19 0.681818181818182 0.8650568181818182 0.650568181818182 0.8650568181818182 0.650568181818182 0.8849431818181818 0.681818181818182 0.8849431818181818
19 0.681818181818182 0.7556818181818182 0.653409090909091 0.7556818181818182 0.653409090909091 0.7798295454545454 0.681818181818182 0.7798295454545454
19 0.5738636363636366 0.6676136363636364 0.5426136363636366 0.6676136363636364 0.5426136363636366 0.6903409090909091 0.5738636363636366 0.6903409090909091
19 0.5724431818181818 0.5838068181818182 0.5411931818181818 0.5838068181818182 0.5411931818181818 0.6065340909090909 0.5724431818181818 0.6065340909090909
19 0.4914772727272727 0.4659090909090909 0.4602272727272727 0.4659090909090909 0.4602272727272727 0.48863636363636365 0.4914772727272727 0.48863636363636365
19 0.4943181818181818 0.40625 0.4630681818181818 0.40625 0.4630681818181818 0.4318181818181818 0.4943181818181818 0.4318181818181818
19 0.6491477272727273 0.46448863636363635 0.6235795454545454 0.46448863636363635 0.6235795454545454 0.484375 0.6491477272727273 0.484375
19 0.8366477272727273 0.8707386363636364 0.8125 0.8707386363636364 0.8125 0.8877840909090909 0.8366477272727273 0.8877840909090909
19 0.84375 0.6747159090909093 0.8139204545454546 0.6747159090909093 0.8139204545454546 0.697443181818182 0.84375 0.697443181818182
19 0.8508522727272727 0.5866477272727274 0.8224431818181818 0.5866477272727274 0.8224431818181818 0.6093750000000001 0.8508522727272727 0.6093750000000001
19 0.8551136363636364 0.4730113636363638 0.8309659090909091 0.4730113636363638 0.8309659090909091 0.49005681818181834 0.8551136363636364 0.49005681818181834
19 0.6505681818181818 0.3494318181818183 0.625 0.3494318181818183 0.625 0.3693181818181818 0.6505681818181818 0.3693181818181818
19 0.5738636363636364 0.2855113636363637 0.546875 0.2855113636363637 0.546875 0.30539772727272735 0.5738636363636364 0.30539772727272735
19 0.8636363636363636 0.28267045454545464 0.8352272727272727 0.28267045454545464 0.8352272727272727 0.30539772727272735 0.8636363636363636 0.30539772727272735