44 0.47017045454545453 0.47301136363636365 0.41051136363636365 0.47301136363636365 0.41051136363636365 0.5028409090909091 0.47017045454545453 0.5028409090909091
44 0.6008522727272727 0.07244318181818189 0.5326704545454546 0.07244318181818188 0.5326704545454546 0.10937500000000008 0.6008522727272727 0.10937500000000008
44 0.6321022727272729 0.8778409090909091 0.5696022727272729 0.8778409090909091 0.5696022727272729 0.9403409090909091 0.6321022727272729 0.9403409090909091
44 0.8664772727272727 0.5142045454545456 0.8238636363636364 0.5142045454545456 0.8238636363636364 0.5383522727272729 0.8664772727272727 0.5383522727272729
44 0.40625000000000017 0.875 0.3352272727272728 0.875 0.3352272727272728 0.9204545454545454 0.40625000000000017 0.9204545454545454
19 0.8125 0.28977272727272735 0.7883522727272727 0.28977272727272735 0.7883522727272727 0.309659090909091 0.8125 0.309659090909091
19 0.5497159090909091 0.3039772727272728 0.5198863636363636 0.3039772727272728 0.5198863636363636 0.3267045454545455 0.5497159090909091 0.3267045454545455
44 0.8323863636363636 0.1434659090909092 0.78125 0.14346590909090917 0.78125 0.18039772727272738 0.8323863636363636 0.1803977272727274
44 0.8338068181818182 0.8579545454545454 0.7926136363636364 0.8579545454545454 0.7926136363636364 0.8863636363636364 0.8338068181818182 0.8863636363636364
19 0.5553977272727273 0.24005681818181826 0.5269886363636364 0.24005681818181826 0.5269886363636364 0.262784090909091 0.5553977272727273 0.262784090909091
19 0.8110795454545454 0.33948863636363646 0.78125 0.33948863636363646 0.78125 0.36221590909090917 0.8110795454545454 0.36221590909090917
19 0.6306818181818182 0.65625 0.6008522727272727 0.65625 0.6008522727272728 0.6789772727272727 0.6306818181818183 0.6789772727272727
5 0.6803977272727273 0.3536931818181819 0.6576704545454546 0.3536931818181819 0.6576704545454546 0.37073863636363646 0.6803977272727273 0.3707386363636365
19 0.37357954545454564 0.7954545454545454 0.35227272727272735 0.7954545454545454 0.35227272727272735 0.8125 0.37357954545454564 0.8125
19 0.8011363636363636 0.6576704545454547 0.7897727272727273 0.6576704545454547 0.7897727272727273 0.666193181818182 0.8011363636363636 0.666193181818182
19 0.9275568181818182 0.7784090909090909 0.9076704545454546 0.7784090909090909 0.9076704545454546 0.7926136363636364 0.9275568181818182 0.7926136363636364
19 0.9431818181818182 0.3167613636363637 0.9289772727272727 0.3167613636363637 0.9289772727272727 0.32812500000000006 0.9431818181818182 0.32812500000000006
43 0.5639204545454546 0.1349431818181819 0.5440340909090909 0.1349431818181819 0.5440340909090909 0.1505681818181819 0.5639204545454546 0.1505681818181819
19 0.7144886363636364 0.33096590909090917 0.6946022727272727 0.33096590909090917 0.6946022727272727 0.34517045454545464 0.7144886363636364 0.34517045454545464
19 0.8494318181818182 0.7826704545454546 0.8352272727272727 0.7826704545454546 0.8352272727272727 0.7940340909090909 0.8494318181818182 0.7940340909090909
19 0.7670454545454546 0.5326704545454547 0.7514204545454546 0.5326704545454547 0.7514204545454546 0.544034090909091 0.7670454545454546 0.544034090909091
19 0.2883522727272728 0.7940340909090909 0.262784090909091 0.7940340909090909 0.262784090909091 0.8110795454545454 0.2883522727272728 0.8110795454545454
19 0.5255681818181818 0.5142045454545454 0.5085227272727273 0.5142045454545454 0.5085227272727273 0.5284090909090909 0.5255681818181818 0.5284090909090909
19 0.45596590909090917 0.6576704545454546 0.43892045454545453 0.6576704545454546 0.43892045454545464 0.6704545454545454 0.4559659090909092 0.6704545454545454
19 0.6505681818181818 0.3721590909090909 0.6306818181818182 0.3721590909090909 0.6306818181818182 0.38920454545454547 0.6505681818181818 0.38920454545454547
19 0.3678977272727273 0.18607954545454553 0.3494318181818182 0.18607954545454553 0.3494318181818182 0.21448863636363644 0.3678977272727273 0.21448863636363644
19 0.6434659090909091 0.32102272727272735 0.6235795454545454 0.32102272727272735 0.6235795454545454 0.33664772727272735 0.6434659090909091 0.33664772727272735
19 0.7002840909090909 0.5298295454545456 0.6832386363636364 0.5298295454545456 0.6832386363636364 0.541193181818182 0.7002840909090909 0.541193181818182
19 0.6306818181818182 0.5241477272727273 0.6150568181818182 0.5241477272727273 0.6150568181818182 0.5355113636363636 0.6306818181818182 0.5355113636363636
43 0.6079545454545456 0.8508522727272727 0.588068181818182 0.8508522727272727 0.588068181818182 0.8664772727272727 0.6079545454545456 0.8664772727272727
26 0.5738636363636364 0.3536931818181819 0.4744318181818182 0.3536931818181819 0.4744318181818182 0.4403409090909091 0.5738636363636364 0.4403409090909091
43 0.8196022727272727 0.8394886363636364 0.8025568181818182 0.8394886363636364 0.8025568181818182 0.8508522727272727 0.8196022727272727 0.8508522727272727
0 0.48295454545454547 0.5397727272727273 0.3835227272727273 0.5397727272727273 0.3835227272727273 0.6193181818181818 0.48295454545454547 0.6193181818181818
19 0.7130681818181818 0.39062500000000017 0.6960227272727273 0.39062500000000017 0.6960227272727273 0.40482954545454564 0.7130681818181818 0.40482954545454564
43 0.8153409090909091 0.19318181818181826 0.8011363636363636 0.19318181818181826 0.8011363636363636 0.2045454545454546 0.8153409090909091 0.2045454545454546
26 0.8338068181818182 0.384943181818182 0.7542613636363636 0.384943181818182 0.7542613636363636 0.46875000000000017 0.8338068181818182 0.46875000000000017
43 0.3948863636363638 0.8607954545454546 0.3764204545454547 0.8607954545454546 0.3764204545454547 0.875 0.3948863636363638 0.875
0 0.8565340909090909 0.5610795454545456 0.7769886363636364 0.5610795454545456 0.7769886363636364 0.6335227272727274 0.8565340909090909 0.6335227272727274
0 0.8735795454545454 0.6718750000000001 0.7940340909090909 0.6718750000000001 0.7940340909090909 0.7400568181818182 0.8735795454545454 0.7400568181818182
0 0.4332386363636365 0.6676136363636364 0.3224431818181819 0.6676136363636364 0.3224431818181819 0.75 0.4332386363636365 0.75