37 0.6988636363636364 0.26704545454545464 0.6008522727272727 0.26704545454545464 0.6008522727272727 0.32386363636363646 0.6988636363636364 0.32386363636363646
44 0.6960227272727273 0.20170454545454553 0.5653409090909091 0.20170454545454553 0.5653409090909091 0.25852272727272735 0.6960227272727273 0.25852272727272735
44 0.6321022727272727 0.5809659090909091 0.5326704545454546 0.5809659090909091 0.5326704545454546 0.6590909090909091 0.6321022727272727 0.6590909090909091
44 0.28125000000000006 0.4900568181818182 0.15767045454545459 0.4900568181818182 0.1576704545454546 0.5497159090909091 0.28125000000000006 0.5497159090909091
4 0.5653409090909091 0.484375 0.47301136363636365 0.484375 0.47301136363636365 0.5553977272727273 0.5653409090909091 0.5553977272727273
14 0.3338068181818183 0.42613636363636365 0.2755681818181819 0.42613636363636365 0.2755681818181819 0.6193181818181818 0.3338068181818183 0.6193181818181818
19 0.7741477272727273 0.28125000000000006 0.7457386363636364 0.28125000000000006 0.7457386363636364 0.32386363636363646 0.7741477272727273 0.32386363636363646
19 0.53125 0.27698863636363646 0.4943181818181818 0.27698863636363646 0.4943181818181818 0.325284090909091 0.53125 0.325284090909091
19 0.3039772727272727 0.2755681818181818 0.2784090909090909 0.2755681818181818 0.2784090909090909 0.3125 0.3039772727272727 0.3125
19 0.7798295454545454 0.7585227272727273 0.7542613636363636 0.7585227272727273 0.7542613636363636 0.7940340909090909 0.7798295454545454 0.7940340909090909
19 0.5326704545454547 0.7627840909090909 0.49857954545454564 0.7627840909090909 0.49857954545454564 0.8025568181818182 0.5326704545454547 0.8025568181818182
19 0.3039772727272728 0.78125 0.2727272727272728 0.78125 0.2727272727272728 0.8181818181818182 0.3039772727272728 0.8181818181818182
53 0.8210227272727273 0.45880681818181834 0.6960227272727273 0.45880681818181834 0.6960227272727273 0.6178977272727274 0.8210227272727273 0.6178977272727274