37 0.8167613636363636 0.6420454545454547 0.7997159090909091 0.6420454545454547 0.7997159090909091 0.6775568181818183 0.8167613636363636 0.6775568181818183
44 0.9332386363636364 0.4957386363636365 0.8963068181818182 0.4957386363636365 0.8963068181818182 0.5198863636363638 0.9332386363636364 0.5198863636363638
44 0.31107954545454547 0.3224431818181818 0.265625 0.3224431818181818 0.26562500000000006 0.34375 0.3110795454545455 0.34375
44 0.14204545454545459 0.4190340909090909 0.09090909090909095 0.4190340909090909 0.09090909090909095 0.453125 0.14204545454545459 0.453125
44 0.7869318181818182 0.35937500000000006 0.7556818181818182 0.35937500000000006 0.7556818181818182 0.384943181818182 0.7869318181818182 0.384943181818182
44 0.8707386363636364 0.3338068181818183 0.8380681818181818 0.3338068181818183 0.8380681818181818 0.3536931818181819 0.8707386363636364 0.3536931818181819
44 0.8735795454545454 0.4019886363636365 0.8366477272727273 0.4019886363636365 0.8366477272727273 0.42187500000000017 0.8735795454545454 0.42187500000000017
44 0.22727272727272735 0.5071022727272727 0.18039772727272735 0.5071022727272727 0.18039772727272735 0.5340909090909091 0.22727272727272735 0.5340909090909091
44 0.5838068181818182 0.4247159090909091 0.5596590909090909 0.4247159090909091 0.5596590909090909 0.44886363636363635 0.5838068181818182 0.44886363636363635
44 0.5099431818181818 0.34517045454545464 0.46732954545454547 0.34517045454545464 0.46732954545454547 0.3664772727272727 0.5099431818181818 0.3664772727272727
44 0.9375 0.2869318181818183 0.8977272727272727 0.2869318181818183 0.8977272727272727 0.31534090909090917 0.9375 0.31534090909090917
8 0.34375000000000006 0.3295454545454546 0.31676136363636365 0.32954545454545453 0.3167613636363637 0.3650568181818182 0.34375000000000006 0.3650568181818182
44 0.9346590909090909 0.6889204545454547 0.8877840909090909 0.6889204545454547 0.8877840909090909 0.7144886363636366 0.9346590909090909 0.7144886363636366
43 0.8877840909090909 0.5014204545454547 0.875 0.5014204545454547 0.875 0.5184659090909093 0.8877840909090909 0.5184659090909093
19 0.32812500000000006 0.5838068181818182 0.32102272727272735 0.5838068181818182 0.32102272727272735 0.5951704545454546 0.32812500000000006 0.5951704545454546
19 0.3877840909090909 0.5880681818181818 0.37926136363636365 0.5880681818181818 0.37926136363636365 0.6008522727272727 0.3877840909090909 0.6008522727272727
19 0.4502840909090909 0.59375 0.4403409090909091 0.59375 0.4403409090909091 0.6065340909090909 0.4502840909090909 0.6065340909090909
43 0.8835227272727273 0.6917613636363638 0.8693181818181818 0.6917613636363638 0.8693181818181818 0.7073863636363638 0.8835227272727273 0.7073863636363638
19 0.5085227272727274 0.6676136363636364 0.5014204545454547 0.6676136363636364 0.5014204545454547 0.6789772727272727 0.5085227272727274 0.6789772727272727
19 0.8110795454545454 0.6889204545454547 0.8025568181818182 0.6889204545454547 0.8025568181818182 0.700284090909091 0.8110795454545454 0.700284090909091
9 0.8394886363636364 0.5525568181818183 0.796875 0.5525568181818183 0.796875 0.6107954545454547 0.8394886363636364 0.6107954545454547
19 0.33238636363636365 0.2599431818181819 0.32386363636363635 0.2599431818181818 0.32386363636363635 0.27130681818181823 0.33238636363636365 0.2713068181818183
19 0.3352272727272728 0.37357954545454547 0.325284090909091 0.37357954545454547 0.325284090909091 0.38920454545454547 0.3352272727272728 0.38920454545454547
19 0.6562500000000001 0.6789772727272727 0.6491477272727274 0.6789772727272727 0.6491477272727274 0.6903409090909091 0.6562500000000001 0.6903409090909091
19 0.4588068181818182 0.26846590909090917 0.4502840909090909 0.26846590909090917 0.4502840909090909 0.28125000000000006 0.4588068181818182 0.28125000000000006
19 0.546875 0.4147727272727273 0.5383522727272727 0.4147727272727273 0.5383522727272727 0.42613636363636365 0.546875 0.42613636363636365
43 0.8934659090909091 0.2911931818181819 0.8806818181818182 0.2911931818181819 0.8806818181818182 0.30823863636363646 0.8934659090909091 0.30823863636363646
46 0.24573863636363644 0.36363636363636365 0.17187500000000003 0.36363636363636365 0.17187500000000006 0.49857954545454547 0.24573863636363644 0.49857954545454547
19 0.5980113636363638 0.671875 0.590909090909091 0.671875 0.590909090909091 0.6832386363636364 0.5980113636363638 0.6832386363636364
44 0.6747159090909091 0.43039772727272735 0.6491477272727273 0.4303977272727273 0.6491477272727273 0.45454545454545464 0.6747159090909091 0.4545454545454547
19 0.5525568181818182 0.27414772727272735 0.5440340909090909 0.27414772727272735 0.5440340909090909 0.2855113636363637 0.5525568181818182 0.2855113636363637
8 0.4034090909090909 0.3352272727272728 0.37642045454545453 0.3352272727272728 0.37642045454545453 0.37073863636363635 0.4034090909090909 0.37073863636363635
19 0.45454545454545453 0.4786931818181818 0.4460227272727273 0.4786931818181818 0.4460227272727273 0.4914772727272727 0.45454545454545453 0.4914772727272727
19 0.2755681818181819 0.6491477272727273 0.26704545454545464 0.6491477272727273 0.26704545454545464 0.6605113636363636 0.2755681818181819 0.6605113636363636
19 0.7329545454545454 0.681818181818182 0.7244318181818183 0.681818181818182 0.7244318181818183 0.6946022727272729 0.7329545454545454 0.6946022727272729
19 0.278409090909091 0.41761363636363635 0.2713068181818183 0.41761363636363635 0.2713068181818183 0.4289772727272727 0.278409090909091 0.4289772727272727
19 0.6448863636363636 0.42045454545454547 0.6363636363636364 0.42045454545454547 0.6363636363636364 0.4318181818181818 0.6448863636363636 0.4318181818181818
19 0.7443181818181818 0.2855113636363637 0.7357954545454546 0.2855113636363637 0.7357954545454546 0.29829545454545464 0.7443181818181818 0.29829545454545464
19 0.39488636363636365 0.2642045454545455 0.3877840909090909 0.2642045454545455 0.3877840909090909 0.2755681818181819 0.39488636363636365 0.2755681818181819
19 0.5965909090909091 0.4161931818181818 0.5894886363636364 0.4161931818181818 0.5894886363636364 0.4275568181818182 0.5965909090909091 0.4275568181818182
19 0.39488636363636365 0.4815340909090909 0.3806818181818182 0.4815340909090909 0.3806818181818182 0.5028409090909091 0.39488636363636365 0.5028409090909091
19 0.6917613636363636 0.4232954545454547 0.6832386363636364 0.4232954545454547 0.6832386363636364 0.43607954545454564 0.6917613636363636 0.43607954545454564
19 0.8252840909090909 0.29261363636363646 0.8167613636363636 0.29261363636363646 0.8167613636363636 0.3039772727272728 0.8252840909090909 0.3039772727272728
19 0.6960227272727273 0.28125000000000006 0.6875 0.28125000000000006 0.6875 0.2954545454545455 0.6960227272727273 0.2954545454545455
19 0.5127840909090909 0.4815340909090909 0.5056818181818182 0.4815340909090909 0.5056818181818182 0.4928977272727273 0.5127840909090909 0.4928977272727273
19 0.6193181818181818 0.48579545454545453 0.6065340909090909 0.48579545454545453 0.6065340909090909 0.5014204545454546 0.6193181818181818 0.5014204545454546
8 0.3423295454545455 0.5355113636363636 0.309659090909091 0.5355113636363636 0.309659090909091 0.5667613636363636 0.3423295454545455 0.5667613636363636
37 0.828125 0.32386363636363646 0.8096590909090909 0.32386363636363646 0.8096590909090909 0.369318181818182 0.828125 0.369318181818182
8 0.4005681818181818 0.5383522727272727 0.37073863636363635 0.5383522727272727 0.37073863636363635 0.5681818181818182 0.4005681818181818 0.5681818181818182
3 0.7542613636363636 0.3536931818181819 0.7173295454545454 0.3536931818181819 0.7173295454545454 0.38068181818181834 0.7542613636363636 0.38068181818181834
5 0.5227272727272727 0.5823863636363636 0.5028409090909091 0.5823863636363636 0.5028409090909091 0.625 0.5227272727272727 0.625
3 0.7542613636363636 0.575284090909091 0.7130681818181818 0.575284090909091 0.7130681818181818 0.6051136363636366 0.7542613636363636 0.6051136363636366
3 0.46732954545454547 0.3338068181818183 0.43607954545454547 0.3338068181818183 0.43607954545454547 0.3693181818181818 0.46732954545454547 0.3693181818181818
3 0.46448863636363635 0.5426136363636364 0.4303977272727273 0.5426136363636364 0.4303977272727273 0.5752840909090909 0.46448863636363635 0.5752840909090909
9 0.8352272727272727 0.38068181818181834 0.7855113636363636 0.38068181818181834 0.7855113636363636 0.4488636363636365 0.8352272727272727 0.4488636363636365
19 0.6321022727272727 0.6065340909090909 0.6235795454545454 0.6065340909090909 0.6235795454545454 0.6164772727272727 0.6321022727272727 0.6164772727272727
18 0.6732954545454546 0.5113636363636365 0.5823863636363636 0.5113636363636364 0.5823863636363636 0.6022727272727274 0.6732954545454546 0.6022727272727274
18 0.6676136363636364 0.22443181818181826 0.5738636363636364 0.22443181818181826 0.5738636363636364 0.3650568181818183 0.6676136363636364 0.36505681818181834
5 0.28267045454545464 0.47301136363636365 0.2713068181818183 0.47301136363636365 0.2713068181818183 0.49857954545454547 0.28267045454545464 0.49857954545454547
5 0.33948863636363646 0.4758522727272727 0.3181818181818183 0.4758522727272727 0.3181818181818183 0.4943181818181818 0.33948863636363646 0.4943181818181818
5 0.6036931818181818 0.5994318181818182 0.5909090909090909 0.5994318181818182 0.5909090909090909 0.6235795454545454 0.6036931818181818 0.6235795454545454
19 0.8196022727272727 0.5000000000000001 0.8068181818181818 0.5000000000000001 0.8068181818181818 0.5170454545454547 0.8196022727272727 0.5170454545454547
43 0.12926136363636367 0.3664772727272727 0.11363636363636367 0.3664772727272727 0.11363636363636367 0.390625 0.12926136363636367 0.390625
43 0.12784090909090914 0.48011363636363635 0.11079545454545459 0.48011363636363635 0.1107954545454546 0.5071022727272727 0.12784090909090917 0.5071022727272727
19 0.7386363636363636 0.4914772727272729 0.7230113636363636 0.4914772727272729 0.7230113636363636 0.512784090909091 0.7386363636363636 0.512784090909091
44 0.640625 0.29971590909090917 0.59375 0.29971590909090917 0.59375 0.3224431818181819 0.640625 0.3224431818181819
44 0.6463068181818182 0.5525568181818182 0.6008522727272727 0.5525568181818182 0.6008522727272727 0.5738636363636364 0.6463068181818182 0.5738636363636364
14 0.1974431818181819 0.39204545454545453 0.17897727272727276 0.39204545454545453 0.17897727272727276 0.4786931818181818 0.1974431818181819 0.4786931818181818
14 0.2357954545454546 0.37926136363636365 0.21875000000000008 0.37926136363636365 0.21875000000000008 0.4190340909090909 0.2357954545454546 0.4190340909090909
14 0.24289772727272735 0.4289772727272727 0.22301136363636373 0.4289772727272727 0.22301136363636373 0.48011363636363635 0.24289772727272735 0.48011363636363635
21 0.2130681818181819 0.3678977272727273 0.19318181818181826 0.3678977272727273 0.19318181818181826 0.4971590909090909 0.2130681818181819 0.4971590909090909