4 0.8139204545454546 0.37500000000000017 0.7855113636363636 0.37500000000000017 0.7855113636363636 0.447443181818182 0.8139204545454546 0.447443181818182
4 0.45454545454545453 0.3068181818181819 0.421875 0.3068181818181819 0.421875 0.3664772727272727 0.45454545454545453 0.3664772727272727
4 0.4289772727272728 0.6477272727272727 0.3721590909090909 0.6477272727272727 0.372159090909091 0.6789772727272727 0.4289772727272729 0.6789772727272727
37 0.7357954545454546 0.25000000000000006 0.7045454545454546 0.25000000000000006 0.7045454545454546 0.3323863636363637 0.7357954545454546 0.3323863636363637
37 0.7428977272727273 0.5213068181818183 0.7102272727272727 0.5213068181818183 0.7102272727272727 0.634943181818182 0.7428977272727273 0.634943181818182
37 0.546875 0.22301136363636373 0.5170454545454546 0.22301136363636373 0.5170454545454546 0.31392045454545464 0.546875 0.31392045454545464
37 0.5071022727272727 0.4943181818181818 0.4446022727272727 0.4943181818181818 0.4446022727272727 0.5284090909090909 0.5071022727272727 0.5284090909090909
37 0.5610795454545455 0.5767045454545454 0.515625 0.5767045454545454 0.5156250000000001 0.6946022727272727 0.5610795454545456 0.6946022727272727
55 0.309659090909091 0.3380681818181818 0.2357954545454546 0.3380681818181818 0.2357954545454546 0.4460227272727273 0.309659090909091 0.4460227272727273
44 0.43323863636363635 0.36079545454545464 0.3536931818181819 0.36079545454545464 0.3536931818181819 0.4090909090909091 0.43323863636363635 0.4090909090909091
44 0.231534090909091 0.3693181818181818 0.15909090909090914 0.3693181818181818 0.15909090909090914 0.4090909090909091 0.231534090909091 0.4090909090909091
44 0.515625 0.24289772727272735 0.39488636363636365 0.24289772727272735 0.39488636363636365 0.2883522727272728 0.515625 0.2883522727272728
44 0.5014204545454546 0.45170454545454547 0.40482954545454547 0.45170454545454547 0.40482954545454547 0.4971590909090909 0.5014204545454546 0.4971590909090909
44 0.6960227272727273 0.26562500000000006 0.5994318181818182 0.26562500000000006 0.5994318181818182 0.3039772727272728 0.6960227272727273 0.3039772727272728
44 0.6534090909090909 0.6122159090909091 0.5752840909090909 0.6122159090909091 0.5752840909090909 0.6576704545454546 0.6534090909090909 0.6576704545454546
44 0.48153409090909105 0.6889204545454546 0.40482954545454564 0.6889204545454546 0.40482954545454564 0.7372159090909091 0.48153409090909105 0.7372159090909091
44 0.8536931818181818 0.31534090909090917 0.7698863636363636 0.31534090909090917 0.7698863636363636 0.35511363636363646 0.8536931818181818 0.35511363636363646
44 0.8224431818181818 0.5639204545454547 0.7471590909090909 0.5639204545454547 0.7471590909090909 0.603693181818182 0.8224431818181818 0.603693181818182
47 0.625 0.32954545454545464 0.5113636363636364 0.32954545454545464 0.5113636363636364 0.4758522727272727 0.625 0.4758522727272727
5 0.29829545454545453 0.23295454545454544 0.23295454545454544 0.23295454545454544 0.23295454545454544 0.2755681818181818 0.29829545454545453 0.2755681818181818
43 0.9715909090909091 0.384943181818182 0.9346590909090909 0.384943181818182 0.9346590909090909 0.43039772727272746 0.9715909090909091 0.43039772727272746
43 0.9730113636363636 0.4957386363636365 0.9417613636363636 0.4957386363636365 0.9417613636363636 0.541193181818182 0.9730113636363636 0.541193181818182
43 0.07812500000000003 0.24289772727272727 0.04971590909090911 0.24289772727272727 0.04971590909090912 0.27698863636363635 0.07812500000000004 0.27698863636363635
43 0.06818181818181822 0.3622159090909091 0.0454545454545455 0.3622159090909091 0.0454545454545455 0.3934659090909091 0.06818181818181822 0.3934659090909091
19 0.7244318181818182 0.1732954545454546 0.7073863636363636 0.1732954545454546 0.7073863636363636 0.19460227272727282 0.7244318181818182 0.19460227272727282
19 0.5340909090909091 0.17045454545454553 0.5142045454545454 0.17045454545454553 0.5142045454545454 0.19602272727272735 0.5340909090909091 0.19602272727272735
19 0.28125 0.18039772727272732 0.2585227272727273 0.18039772727272732 0.2585227272727273 0.2059659090909091 0.28125 0.2059659090909091
19 0.34801136363636365 0.24715909090909094 0.328125 0.2471590909090909 0.328125 0.27272727272727276 0.34801136363636365 0.2727272727272728
19 0.35653409090909094 0.3224431818181819 0.3366477272727273 0.3224431818181819 0.3366477272727273 0.3480113636363637 0.356534090909091 0.3480113636363637
19 0.5355113636363636 0.32386363636363646 0.5184659090909091 0.32386363636363646 0.5184659090909091 0.34659090909090917 0.5355113636363636 0.34659090909090917
19 0.5440340909090909 0.49573863636363635 0.5269886363636364 0.49573863636363635 0.5269886363636364 0.5213068181818182 0.5440340909090909 0.5213068181818182
19 0.7372159090909091 0.38352272727272746 0.7059659090909091 0.38352272727272746 0.7059659090909091 0.42755681818181834 0.7372159090909091 0.42755681818181834
19 0.40767045454545453 0.5 0.3877840909090909 0.5 0.3877840909090909 0.5269886363636364 0.40767045454545453 0.5269886363636364
19 0.8963068181818182 0.5085227272727274 0.8764204545454546 0.5085227272727274 0.8764204545454546 0.5340909090909093 0.8963068181818182 0.5340909090909093
19 0.9119318181818182 0.78125 0.890625 0.78125 0.890625 0.8096590909090909 0.9119318181818182 0.8096590909090909
19 0.75 0.7798295454545454 0.7230113636363638 0.7798295454545454 0.7230113636363638 0.8139204545454546 0.75 0.8139204545454546
19 0.5497159090909093 0.7798295454545454 0.5241477272727274 0.7798295454545454 0.5241477272727274 0.8167613636363636 0.5497159090909093 0.8167613636363636
19 0.4133522727272729 0.7855113636363636 0.3863636363636365 0.7855113636363636 0.3863636363636365 0.8224431818181818 0.4133522727272729 0.8224431818181818
19 0.294034090909091 0.7840909090909091 0.26562500000000006 0.7840909090909091 0.26562500000000006 0.8252840909090909 0.294034090909091 0.8252840909090909
19 0.10227272727272735 0.7855113636363636 0.07244318181818192 0.7855113636363636 0.07244318181818192 0.8196022727272727 0.10227272727272735 0.8196022727272727
19 0.1022727272727273 0.36363636363636365 0.08380681818181822 0.36363636363636365 0.08380681818181822 0.3877840909090909 0.1022727272727273 0.3877840909090909