4 0.4886363636363638 0.7556818181818182 0.42045454545454564 0.7556818181818182 0.42045454545454564 0.7869318181818182 0.4886363636363638 0.7869318181818182
4 0.6661931818181818 0.3664772727272728 0.6349431818181818 0.3664772727272727 0.6349431818181818 0.419034090909091 0.6661931818181818 0.41903409090909105
4 0.39204545454545453 0.35937500000000006 0.3338068181818183 0.35937500000000006 0.3338068181818183 0.3877840909090909 0.39204545454545453 0.3877840909090909
37 0.38352272727272746 0.6917613636363636 0.28125000000000006 0.6917613636363636 0.28125000000000006 0.7201704545454546 0.38352272727272746 0.7201704545454546
37 0.6747159090909093 0.7031250000000001 0.5397727272727274 0.703125 0.5397727272727274 0.7428977272727273 0.6747159090909093 0.7428977272727273
37 0.6974431818181818 0.5426136363636365 0.5866477272727273 0.5426136363636364 0.5866477272727273 0.5880681818181819 0.6974431818181818 0.588068181818182
37 0.5539772727272727 0.42045454545454547 0.5198863636363636 0.42045454545454547 0.5198863636363636 0.48863636363636365 0.5539772727272727 0.48863636363636365
37 0.3352272727272728 0.53125 0.2727272727272728 0.53125 0.2727272727272728 0.5596590909090909 0.3352272727272728 0.5596590909090909
55 0.5525568181818182 0.2130681818181819 0.4602272727272727 0.2130681818181819 0.4602272727272727 0.2713068181818183 0.5525568181818182 0.2713068181818183
5 0.3934659090909091 0.22301136363636373 0.34375 0.22301136363636373 0.34375 0.26846590909090917 0.3934659090909091 0.26846590909090917
44 0.3338068181818183 0.7144886363636364 0.27698863636363646 0.7144886363636364 0.27698863636363646 0.7911931818181818 0.3338068181818183 0.7911931818181818
44 0.33096590909090917 0.4090909090909091 0.28267045454545464 0.4090909090909091 0.28267045454545464 0.5227272727272727 0.33096590909090917 0.5227272727272727
44 0.44176136363636365 0.30823863636363646 0.3963068181818182 0.30823863636363646 0.3963068181818182 0.3877840909090909 0.44176136363636365 0.3877840909090909
44 0.5255681818181818 0.2727272727272728 0.48295454545454547 0.2727272727272728 0.48295454545454547 0.32102272727272735 0.5255681818181818 0.32102272727272735
44 0.6448863636363636 0.3110795454545455 0.6008522727272727 0.3110795454545455 0.6008522727272727 0.37642045454545453 0.6448863636363636 0.37642045454545453
44 0.5099431818181818 0.40625 0.46448863636363635 0.40625 0.46448863636363635 0.48579545454545453 0.5099431818181818 0.48579545454545453
44 0.6704545454545454 0.4758522727272728 0.6278409090909091 0.4758522727272727 0.6278409090909091 0.5383522727272728 0.6704545454545454 0.5383522727272729
44 0.6505681818181819 0.6107954545454546 0.6008522727272727 0.6107954545454546 0.6008522727272728 0.7059659090909091 0.650568181818182 0.7059659090909091
44 0.43465909090909105 0.7556818181818182 0.3920454545454547 0.7556818181818182 0.3920454545454547 0.8409090909090909 0.43465909090909105 0.8409090909090909
44 0.40340909090909105 0.9005681818181818 0.35227272727272735 0.9005681818181818 0.35227272727272735 0.9659090909090909 0.40340909090909105 0.9659090909090909
44 0.637784090909091 0.8877840909090909 0.5809659090909093 0.8877840909090909 0.5809659090909093 0.9644886363636364 0.637784090909091 0.9644886363636364
44 0.3821022727272727 0.055397727272727314 0.34517045454545453 0.055397727272727314 0.34517045454545453 0.10085227272727276 0.3821022727272727 0.10085227272727276
44 0.4616477272727273 0.055397727272727335 0.42613636363636365 0.055397727272727335 0.42613636363636365 0.10369318181818186 0.4616477272727273 0.10369318181818186
43 0.40767045454545453 0.09801136363636367 0.37642045454545453 0.09801136363636367 0.37642045454545453 0.1235795454545455 0.40767045454545453 0.1235795454545455
43 0.44886363636363635 0.10511363636363641 0.42045454545454547 0.10511363636363641 0.42045454545454547 0.12784090909090914 0.44886363636363635 0.12784090909090914
43 0.4801136363636365 0.8778409090909091 0.4403409090909092 0.8778409090909091 0.4403409090909092 0.9090909090909091 0.4801136363636365 0.9090909090909091
43 0.5738636363636366 0.8792613636363636 0.5340909090909093 0.8792613636363636 0.5340909090909093 0.9133522727272727 0.5738636363636366 0.9133522727272727
47 0.515625 0.5255681818181818 0.37073863636363635 0.5255681818181818 0.37073863636363635 0.6306818181818182 0.515625 0.6306818181818182
19 0.2571022727272728 0.6832386363636364 0.22585227272727282 0.6832386363636364 0.22585227272727282 0.7059659090909091 0.2571022727272728 0.7059659090909091
19 0.2727272727272728 0.5241477272727273 0.23437500000000008 0.5241477272727273 0.23437500000000008 0.5497159090909091 0.2727272727272728 0.5497159090909091
19 0.3039772727272727 0.23295454545454544 0.2784090909090909 0.23295454545454544 0.2784090909090909 0.25426136363636365 0.3039772727272727 0.25426136363636365
19 0.4715909090909092 0.7017045454545454 0.4389204545454547 0.7017045454545454 0.4389204545454547 0.7258522727272727 0.4715909090909092 0.7258522727272727
19 0.5653409090909093 0.7755681818181818 0.5383522727272729 0.7755681818181818 0.5383522727272729 0.7954545454545454 0.5653409090909093 0.7954545454545454
19 0.8125 0.78125 0.7869318181818182 0.78125 0.7869318181818182 0.7982954545454546 0.8125 0.7982954545454546
19 0.3650568181818182 0.5369318181818182 0.3352272727272728 0.5369318181818182 0.3352272727272728 0.5596590909090909 0.3650568181818182 0.5596590909090909
19 0.4474431818181818 0.14772727272727276 0.42329545454545453 0.14772727272727276 0.42329545454545453 0.16477272727272732 0.4474431818181818 0.16477272727272732
19 0.6349431818181818 0.15198863636363644 0.6107954545454546 0.15198863636363644 0.6107954545454546 0.169034090909091 0.6349431818181818 0.169034090909091
19 0.6292613636363636 0.231534090909091 0.6036931818181818 0.231534090909091 0.6036931818181818 0.25284090909090917 0.6292613636363636 0.25284090909090917
19 0.5553977272727273 0.5454545454545454 0.5284090909090909 0.5454545454545454 0.5284090909090909 0.5653409090909091 0.5553977272727273 0.5653409090909091
19 0.5568181818181818 0.37642045454545453 0.53125 0.37642045454545453 0.53125 0.3934659090909091 0.5568181818181818 0.3934659090909091
19 0.8110795454545454 0.7201704545454547 0.7798295454545454 0.7201704545454547 0.7798295454545454 0.7372159090909091 0.8110795454545454 0.7372159090909091
19 0.7954545454545454 0.556818181818182 0.7642045454545454 0.556818181818182 0.7642045454545454 0.5795454545454547 0.7954545454545454 0.5795454545454547
19 0.78125 0.3863636363636365 0.7514204545454546 0.3863636363636365 0.7514204545454546 0.4090909090909092 0.78125 0.4090909090909092
19 0.7755681818181818 0.2286931818181819 0.7443181818181818 0.2286931818181819 0.7443181818181818 0.25284090909090917 0.7755681818181818 0.25284090909090917