55 0.3380681818181819 0.5085227272727273 0.23295454545454553 0.5085227272727273 0.23295454545454553 0.6619318181818182 0.3380681818181819 0.6619318181818182
47 0.53125 0.41051136363636365 0.4034090909090909 0.41051136363636365 0.4034090909090909 0.6079545454545454 0.53125 0.6079545454545454
37 0.40625000000000017 0.7272727272727273 0.3664772727272729 0.7272727272727273 0.3664772727272729 0.8409090909090909 0.40625000000000017 0.8409090909090909
37 0.5809659090909093 0.7230113636363636 0.5383522727272729 0.7230113636363636 0.5383522727272729 0.8224431818181818 0.5809659090909093 0.8224431818181818
37 0.40625 0.14062500000000003 0.3693181818181818 0.14062500000000003 0.3693181818181818 0.2542613636363637 0.40625 0.2542613636363637
37 0.7471590909090909 0.153409090909091 0.7159090909090909 0.153409090909091 0.7159090909090909 0.2556818181818183 0.7471590909090909 0.2556818181818183
9 0.6207386363636365 0.6264204545454546 0.5383522727272727 0.6264204545454546 0.5383522727272728 0.6974431818181818 0.6207386363636366 0.6974431818181818
3 0.6889204545454546 0.5596590909090909 0.6434659090909091 0.5596590909090909 0.6434659090909091 0.6306818181818182 0.6889204545454546 0.6306818181818183
3 0.421875 0.3025568181818183 0.36079545454545453 0.3025568181818183 0.3607954545454546 0.3849431818181818 0.421875 0.3849431818181818
3 0.6732954545454546 0.24573863636363644 0.6292613636363636 0.24573863636363644 0.6292613636363636 0.3167613636363637 0.6732954545454546 0.3167613636363637
44 0.200284090909091 0.5525568181818182 0.12073863636363645 0.5525568181818182 0.12073863636363645 0.6164772727272727 0.200284090909091 0.6164772727272727
44 0.36505681818181834 0.7457386363636364 0.2883522727272728 0.7457386363636364 0.2883522727272728 0.7997159090909091 0.36505681818181834 0.7997159090909091
44 0.669034090909091 0.7400568181818182 0.5951704545454547 0.7400568181818182 0.5951704545454547 0.7954545454545454 0.669034090909091 0.7954545454545454
44 0.7727272727272727 0.6136363636363638 0.6931818181818182 0.6136363636363638 0.6931818181818182 0.6619318181818183 0.7727272727272727 0.6619318181818183
44 0.6434659090909091 0.46732954545454547 0.5383522727272727 0.46732954545454547 0.5383522727272727 0.5170454545454546 0.6434659090909091 0.5170454545454546
44 0.4943181818181818 0.31250000000000006 0.4318181818181818 0.31250000000000006 0.4318181818181818 0.3678977272727273 0.4943181818181818 0.3678977272727273
44 0.6931818181818182 0.3224431818181819 0.6221590909090909 0.3224431818181819 0.6221590909090909 0.3636363636363637 0.6931818181818182 0.3636363636363638
44 0.8252840909090909 0.17897727272727282 0.7485795454545454 0.17897727272727282 0.7485795454545454 0.23011363636363644 0.8252840909090909 0.23011363636363644
44 0.5042613636363636 0.16193181818181823 0.4161931818181818 0.16193181818181823 0.4161931818181818 0.2286931818181819 0.5042613636363636 0.2286931818181819
5 0.5923295454545454 0.25852272727272735 0.5213068181818182 0.25852272727272735 0.5213068181818182 0.31250000000000006 0.5923295454545454 0.31250000000000006
19 0.29829545454545464 0.8792613636363636 0.278409090909091 0.8792613636363636 0.278409090909091 0.9048295454545454 0.29829545454545464 0.9048295454545454
19 0.4076704545454547 0.8678977272727273 0.3821022727272729 0.8678977272727273 0.3821022727272729 0.8991477272727273 0.4076704545454547 0.8991477272727273
19 0.572443181818182 0.8522727272727273 0.5511363636363638 0.8522727272727273 0.5511363636363638 0.8792613636363636 0.572443181818182 0.8792613636363636
19 0.40482954545454547 0.49857954545454547 0.3821022727272727 0.49857954545454547 0.3821022727272727 0.5326704545454546 0.40482954545454547 0.5326704545454546
19 0.53125 0.5838068181818182 0.5099431818181818 0.5838068181818182 0.5099431818181818 0.6178977272727273 0.53125 0.6178977272727273
19 0.5752840909090909 0.5809659090909091 0.5497159090909091 0.5809659090909091 0.5497159090909091 0.6122159090909091 0.5752840909090909 0.6122159090909091
19 0.7315340909090909 0.5795454545454547 0.7116477272727273 0.5795454545454547 0.7116477272727273 0.6079545454545456 0.7315340909090909 0.6079545454545456
19 0.4034090909090909 0.2556818181818183 0.3806818181818182 0.2556818181818183 0.3806818181818182 0.28409090909090917 0.4034090909090909 0.28409090909090917
19 0.5113636363636364 0.3991477272727273 0.4914772727272727 0.3991477272727273 0.4914772727272727 0.42613636363636365 0.5113636363636364 0.42613636363636365
19 0.5767045454545454 0.4034090909090909 0.5568181818181818 0.4034090909090909 0.5568181818181818 0.42613636363636365 0.5767045454545454 0.42613636363636365
19 0.7400568181818182 0.26562500000000006 0.71875 0.26562500000000006 0.71875 0.29687500000000006 0.7400568181818182 0.29687500000000006
19 0.2869318181818182 0.04403409090909094 0.26136363636363635 0.04403409090909094 0.26136363636363635 0.07812500000000004 0.2869318181818182 0.07812500000000004
19 0.40482954545454547 0.0454545454545455 0.3806818181818182 0.0454545454545455 0.3806818181818182 0.0767045454545455 0.40482954545454547 0.0767045454545455
19 0.5852272727272727 0.05965909090909098 0.5539772727272727 0.05965909090909097 0.5539772727272727 0.10369318181818189 0.5852272727272727 0.10369318181818189
19 0.7443181818181818 0.075284090909091 0.7244318181818182 0.075284090909091 0.7244318181818182 0.1008522727272728 0.7443181818181818 0.1008522727272728