55 0.4914772727272729 0.8125 0.38352272727272746 0.8125 0.38352272727272746 0.8778409090909091 0.4914772727272729 0.8778409090909091
47 0.5113636363636366 0.6832386363636364 0.38352272727272746 0.6832386363636364 0.38352272727272746 0.765625 0.5113636363636366 0.765625
47 0.484375 0.4289772727272727 0.37926136363636365 0.4289772727272727 0.37926136363636365 0.5 0.484375 0.5
47 0.5042613636363636 0.17187500000000006 0.40198863636363635 0.17187500000000003 0.40198863636363635 0.24573863636363644 0.5042613636363636 0.24573863636363644
9 0.4786931818181819 0.6036931818181818 0.41051136363636365 0.6036931818181818 0.4105113636363637 0.6661931818181818 0.478693181818182 0.6661931818181818
9 0.4630681818181818 0.3579545454545455 0.4119318181818182 0.3579545454545455 0.4119318181818182 0.4133522727272727 0.4630681818181818 0.4133522727272727
9 0.4872159090909091 0.10369318181818186 0.42045454545454547 0.10369318181818186 0.42045454545454547 0.16619318181818185 0.4872159090909091 0.16619318181818185
37 0.29829545454545464 0.7627840909090909 0.22301136363636373 0.7627840909090909 0.22301136363636373 0.7883522727272727 0.29829545454545464 0.7883522727272727
37 0.3380681818181819 0.6931818181818182 0.26846590909090917 0.6931818181818182 0.26846590909090917 0.7201704545454546 0.3380681818181819 0.7201704545454546
37 0.26562500000000006 0.5028409090909091 0.1974431818181819 0.5028409090909091 0.1974431818181819 0.5255681818181818 0.26562500000000006 0.5255681818181818
37 0.32386363636363646 0.41761363636363635 0.247159090909091 0.41761363636363635 0.247159090909091 0.44886363636363635 0.32386363636363646 0.44886363636363635
37 0.2869318181818182 0.24005681818181818 0.22017045454545456 0.24005681818181818 0.22017045454545456 0.2627840909090909 0.2869318181818182 0.2627840909090909
37 0.3494318181818182 0.17755681818181823 0.26136363636363635 0.17755681818181823 0.26136363636363635 0.20454545454545459 0.3494318181818182 0.2045454545454546
3 0.39204545454545453 0.5568181818181818 0.34659090909090917 0.5568181818181818 0.34659090909090917 0.5894886363636364 0.39204545454545453 0.5894886363636364
3 0.3963068181818182 0.28977272727272735 0.3522727272727273 0.28977272727272735 0.3522727272727273 0.32102272727272735 0.3963068181818182 0.32102272727272735
3 0.5852272727272727 0.5596590909090909 0.5397727272727273 0.5596590909090909 0.5397727272727273 0.5909090909090909 0.5852272727272727 0.5909090909090909
44 0.4715909090909092 0.8821022727272727 0.41477272727272746 0.8821022727272727 0.41477272727272746 0.9545454545454546 0.4715909090909092 0.9545454545454546
44 0.2556818181818183 0.7769886363636364 0.2201704545454546 0.7769886363636364 0.2201704545454546 0.828125 0.2556818181818183 0.828125
44 0.29687500000000006 0.6335227272727273 0.2571022727272728 0.6335227272727273 0.2571022727272728 0.6860795454545454 0.29687500000000006 0.6860795454545454
44 0.34517045454545464 0.5326704545454546 0.30823863636363646 0.5326704545454546 0.30823863636363646 0.5980113636363636 0.34517045454545464 0.5980113636363636
44 0.24289772727272735 0.5198863636363636 0.2045454545454546 0.5198863636363636 0.2045454545454546 0.5639204545454546 0.24289772727272735 0.5639204545454546
44 0.29687500000000006 0.3508522727272727 0.2599431818181819 0.3508522727272727 0.2599431818181819 0.40767045454545453 0.29687500000000006 0.40767045454545453
44 0.2471590909090909 0.2571022727272727 0.20170454545454544 0.2571022727272727 0.20170454545454544 0.31107954545454547 0.2471590909090909 0.31107954545454547
44 0.35653409090909094 0.2769886363636364 0.3153409090909091 0.27698863636363635 0.3153409090909091 0.3536931818181819 0.356534090909091 0.3536931818181819
44 0.3153409090909091 0.10653409090909095 0.2755681818181818 0.10653409090909095 0.2755681818181818 0.16903409090909094 0.3153409090909091 0.16903409090909094
44 0.6335227272727273 0.5284090909090909 0.5894886363636364 0.5284090909090909 0.5894886363636364 0.5994318181818182 0.6335227272727273 0.5994318181818182
5 0.5823863636363638 0.7045454545454546 0.5454545454545456 0.7045454545454546 0.5454545454545456 0.75 0.5823863636363638 0.75
5 0.5724431818181818 0.4303977272727273 0.5355113636363636 0.4303977272727273 0.5355113636363636 0.49573863636363635 0.5724431818181818 0.49573863636363635
5 0.5809659090909091 0.17613636363636373 0.546875 0.17613636363636373 0.546875 0.23011363636363644 0.5809659090909091 0.23011363636363644
19 0.20738636363636373 0.8323863636363636 0.19034090909090917 0.8323863636363636 0.19034090909090917 0.8423295454545454 0.20738636363636373 0.8423295454545454
19 0.2045454545454546 0.7571022727272727 0.18039772727272735 0.7571022727272727 0.18039772727272735 0.7741477272727273 0.2045454545454546 0.7741477272727273
19 0.19886363636363644 0.6889204545454546 0.1732954545454546 0.6889204545454546 0.1732954545454546 0.7073863636363636 0.19886363636363644 0.7073863636363636
19 0.19460227272727282 0.5 0.169034090909091 0.5 0.169034090909091 0.5198863636363636 0.19460227272727282 0.5198863636363636
19 0.46164772727272746 0.7713068181818182 0.4389204545454547 0.7713068181818182 0.4389204545454547 0.7883522727272727 0.46164772727272746 0.7883522727272727
19 0.3863636363636365 0.6974431818181818 0.36079545454545464 0.6974431818181818 0.36079545454545464 0.7144886363636364 0.3863636363636365 0.7144886363636364
19 0.3835227272727273 0.6321022727272727 0.36079545454545464 0.6321022727272727 0.36079545454545464 0.6477272727272727 0.3835227272727273 0.6477272727272727
19 0.3806818181818182 0.5113636363636364 0.3579545454545455 0.5113636363636364 0.3579545454545455 0.5284090909090909 0.3806818181818182 0.5284090909090909
19 0.453125 0.515625 0.42613636363636365 0.515625 0.42613636363636365 0.5326704545454546 0.453125 0.5326704545454546
19 0.19034090909090917 0.4147727272727273 0.1676136363636364 0.4147727272727273 0.1676136363636364 0.4289772727272727 0.19034090909090917 0.4289772727272727
19 0.19602272727272727 0.24147727272727273 0.17613636363636367 0.24147727272727273 0.17613636363636367 0.2556818181818182 0.19602272727272727 0.2556818181818182
19 0.37926136363636365 0.4289772727272727 0.35937500000000006 0.4289772727272727 0.35937500000000006 0.4431818181818182 0.37926136363636365 0.4431818181818182
19 0.3806818181818182 0.3806818181818182 0.35937500000000006 0.3806818181818182 0.35937500000000006 0.3991477272727273 0.3806818181818182 0.3991477272727273
19 0.38636363636363635 0.25284090909090917 0.36363636363636365 0.25284090909090917 0.36363636363636365 0.26846590909090917 0.38636363636363635 0.26846590909090917
19 0.5099431818181818 0.4431818181818182 0.4914772727272727 0.4431818181818182 0.4914772727272727 0.45738636363636365 0.5099431818181818 0.45738636363636365
19 0.5099431818181818 0.39204545454545453 0.4928977272727273 0.39204545454545453 0.4928977272727273 0.40482954545454547 0.5099431818181818 0.40482954545454547
19 0.4616477272727273 0.2556818181818183 0.43607954545454547 0.2556818181818183 0.43607954545454547 0.27414772727272735 0.4616477272727273 0.27414772727272735
19 0.203125 0.17187500000000003 0.18181818181818182 0.17187500000000003 0.18181818181818182 0.1875 0.203125 0.1875
19 0.39204545454545453 0.18323863636363644 0.3721590909090909 0.18323863636363644 0.3721590909090909 0.1974431818181819 0.39204545454545453 0.1974431818181819
19 0.38920454545454547 0.13494318181818185 0.3693181818181818 0.13494318181818185 0.3693181818181818 0.15056818181818185 0.38920454545454547 0.15056818181818185
19 0.39488636363636365 0.06818181818181822 0.3778409090909091 0.06818181818181822 0.3778409090909091 0.08096590909090913 0.39488636363636365 0.08096590909090913
19 0.5809659090909091 0.08096590909090916 0.5639204545454546 0.08096590909090916 0.5639204545454546 0.09232954545454554 0.5809659090909091 0.09232954545454554
19 0.5213068181818182 0.18323863636363644 0.5014204545454546 0.18323863636363644 0.5014204545454546 0.1974431818181819 0.5213068181818182 0.1974431818181819
19 0.5198863636363636 0.14630681818181826 0.5028409090909091 0.14630681818181826 0.5028409090909091 0.1576704545454546 0.5198863636363636 0.1576704545454546
19 0.6519886363636364 0.19318181818181826 0.6349431818181818 0.19318181818181826 0.6349431818181818 0.20738636363636373 0.6519886363636364 0.20738636363636373
19 0.6619318181818182 0.450284090909091 0.6363636363636364 0.4502840909090909 0.6363636363636364 0.46875000000000006 0.6619318181818182 0.46875000000000017
19 0.5340909090909091 0.6448863636363636 0.5198863636363636 0.6448863636363636 0.5198863636363636 0.65625 0.5340909090909091 0.65625
19 0.5681818181818183 0.7826704545454546 0.5525568181818183 0.7826704545454546 0.5525568181818183 0.7940340909090909 0.5681818181818183 0.7940340909090909
19 0.666193181818182 0.859375 0.6463068181818183 0.859375 0.6463068181818183 0.8721590909090909 0.666193181818182 0.8721590909090909
19 0.6676136363636366 0.7187500000000001 0.6420454545454547 0.71875 0.6420454545454547 0.7357954545454546 0.6676136363636366 0.7357954545454546
19 0.5397727272727274 0.7144886363636364 0.5170454545454547 0.7144886363636364 0.5170454545454547 0.7315340909090909 0.5397727272727274 0.7315340909090909