37 0.7457386363636364 0.48437500000000017 0.7159090909090909 0.48437500000000017 0.7159090909090909 0.5838068181818183 0.7457386363636364 0.5838068181818183
44 0.3196022727272728 0.5454545454545454 0.29971590909090917 0.5454545454545454 0.29971590909090917 0.59375 0.3196022727272728 0.59375
44 0.37073863636363635 0.5042613636363636 0.34375000000000006 0.5042613636363636 0.34375000000000006 0.53125 0.37073863636363635 0.53125
44 0.2698863636363637 0.4119318181818182 0.2357954545454546 0.4119318181818182 0.2357954545454546 0.4375 0.2698863636363637 0.4375
44 0.8806818181818182 0.38778409090909105 0.8494318181818182 0.38778409090909105 0.8494318181818182 0.416193181818182 0.8806818181818182 0.416193181818182
13 0.2911931818181819 0.7230113636363636 0.26136363636363646 0.7230113636363636 0.26136363636363646 0.75 0.2911931818181819 0.75
44 0.3664772727272727 0.5539772727272727 0.34375000000000006 0.5539772727272727 0.34375000000000006 0.5767045454545454 0.3664772727272727 0.5767045454545454
44 0.294034090909091 0.5497159090909091 0.27414772727272735 0.5497159090909091 0.27414772727272735 0.59375 0.294034090909091 0.59375
44 0.9588068181818182 0.6093750000000001 0.9204545454545454 0.6093750000000001 0.9204545454545454 0.634943181818182 0.9588068181818182 0.634943181818182
44 0.4190340909090909 0.23295454545454553 0.3877840909090909 0.23295454545454553 0.3877840909090909 0.25852272727272735 0.4190340909090909 0.25852272727272735
44 0.26704545454545464 0.5142045454545454 0.23437500000000008 0.5142045454545454 0.23437500000000008 0.5383522727272727 0.26704545454545464 0.5383522727272727
44 0.6690340909090909 0.3821022727272728 0.6235795454545454 0.3821022727272727 0.6235795454545454 0.4048295454545455 0.6690340909090909 0.40482954545454564
44 0.30823863636363635 0.13494318181818185 0.27698863636363635 0.13494318181818185 0.27698863636363635 0.1548295454545455 0.30823863636363635 0.1548295454545455
44 0.5497159090909091 0.6122159090909091 0.49573863636363635 0.6122159090909091 0.49573863636363635 0.6363636363636364 0.5497159090909091 0.6363636363636364
44 0.26136363636363646 0.5539772727272727 0.23863636363636373 0.5539772727272727 0.23863636363636373 0.5752840909090909 0.26136363636363646 0.5752840909090909
44 0.3721590909090909 0.43323863636363635 0.34659090909090917 0.43323863636363635 0.34659090909090917 0.4588068181818182 0.3721590909090909 0.4588068181818182
44 0.24431818181818182 0.2883522727272727 0.2002840909090909 0.2883522727272727 0.2002840909090909 0.3125 0.24431818181818182 0.3125
44 0.3536931818181818 0.19318181818181823 0.3181818181818182 0.19318181818181818 0.3181818181818182 0.21164772727272732 0.3536931818181818 0.21164772727272735
44 0.6747159090909091 0.40625000000000006 0.6193181818181818 0.40625 0.6193181818181818 0.4275568181818183 0.6747159090909091 0.42755681818181834
44 0.33096590909090917 0.3778409090909091 0.3167613636363637 0.3778409090909091 0.3167613636363637 0.4119318181818182 0.33096590909090917 0.4119318181818182
13 0.09659090909090913 0.3963068181818182 0.06392045454545459 0.3963068181818182 0.0639204545454546 0.4247159090909091 0.09659090909090913 0.4247159090909091
44 0.294034090909091 0.37073863636363635 0.278409090909091 0.37073863636363635 0.278409090909091 0.41051136363636365 0.294034090909091 0.41051136363636365
44 0.3196022727272728 0.42329545454545453 0.28409090909090917 0.42329545454545453 0.28409090909090917 0.46875 0.3196022727272728 0.46875
44 0.051136363636363695 0.46732954545454547 0.022727272727272787 0.46732954545454547 0.022727272727272787 0.4914772727272727 0.051136363636363695 0.4914772727272727
44 0.8849431818181818 0.21875000000000008 0.8309659090909091 0.21875000000000008 0.8309659090909091 0.24147727272727282 0.8849431818181818 0.24147727272727282
44 0.13068181818181823 0.2556818181818182 0.1022727272727273 0.2556818181818182 0.1022727272727273 0.28125 0.13068181818181823 0.28125
44 0.4446022727272727 0.31250000000000006 0.3963068181818182 0.31250000000000006 0.3963068181818182 0.33664772727272735 0.4446022727272727 0.33664772727272735
44 0.3721590909090909 0.3821022727272727 0.3494318181818183 0.3821022727272727 0.3494318181818183 0.40482954545454547 0.3721590909090909 0.40482954545454547
44 0.7727272727272727 0.494318181818182 0.7471590909090909 0.494318181818182 0.7471590909090909 0.5184659090909093 0.7727272727272727 0.5184659090909093
44 0.32954545454545464 0.4758522727272727 0.26704545454545464 0.4758522727272727 0.26704545454545464 0.5042613636363636 0.32954545454545464 0.5042613636363636
37 0.5696022727272727 0.5056818181818182 0.5142045454545454 0.5056818181818182 0.5142045454545454 0.5269886363636364 0.5696022727272727 0.5269886363636364
19 0.8267045454545454 0.6079545454545456 0.8139204545454546 0.6079545454545456 0.8139204545454546 0.6250000000000001 0.8267045454545454 0.6250000000000001
19 0.7357954545454546 0.606534090909091 0.7230113636363636 0.606534090909091 0.7230113636363636 0.6235795454545456 0.7357954545454546 0.6235795454545456
44 0.14488636363636367 0.2869318181818182 0.09943181818181822 0.2869318181818182 0.09943181818181822 0.31107954545454547 0.14488636363636367 0.31107954545454547
19 0.6122159090909091 0.5099431818181818 0.6022727272727273 0.5099431818181818 0.6022727272727273 0.5227272727272727 0.6122159090909091 0.5227272727272727
44 0.5653409090909091 0.38920454545454547 0.5269886363636364 0.38920454545454547 0.5269886363636364 0.41051136363636365 0.5653409090909091 0.41051136363636365
44 0.5539772727272727 0.3494318181818183 0.5284090909090909 0.3494318181818183 0.5284090909090909 0.3721590909090909 0.5539772727272727 0.3721590909090909
19 0.29261363636363635 0.2315340909090909 0.28125 0.2315340909090909 0.28125 0.2471590909090909 0.29261363636363635 0.2471590909090909
19 0.47017045454545453 0.28409090909090917 0.45738636363636365 0.28409090909090917 0.45738636363636365 0.29971590909090917 0.47017045454545453 0.29971590909090917
19 0.7357954545454546 0.43750000000000017 0.7244318181818182 0.43750000000000017 0.7244318181818182 0.45312500000000017 0.7357954545454546 0.45312500000000017
19 0.6008522727272727 0.43892045454545453 0.5909090909090909 0.43892045454545453 0.5909090909090909 0.453125 0.6008522727272727 0.453125
19 0.08522727272727276 0.34232954545454547 0.07244318181818186 0.34232954545454547 0.07244318181818186 0.359375 0.08522727272727276 0.359375
44 0.5213068181818182 0.5866477272727273 0.4943181818181818 0.5866477272727273 0.4943181818181818 0.609375 0.5213068181818182 0.609375
3 0.5284090909090909 0.35937500000000006 0.4872159090909091 0.35937500000000006 0.4872159090909091 0.4034090909090909 0.5284090909090909 0.4034090909090909
44 0.22301136363636373 0.5056818181818182 0.20738636363636373 0.5056818181818182 0.20738636363636373 0.5227272727272727 0.22301136363636373 0.5227272727272727
3 0.19602272727272727 0.26988636363636365 0.14630681818181823 0.26988636363636365 0.14630681818181823 0.30823863636363635 0.19602272727272727 0.30823863636363635
19 0.28267045454545464 0.6690340909090909 0.2727272727272728 0.6690340909090909 0.2727272727272728 0.6832386363636364 0.28267045454545464 0.6832386363636364
19 0.33238636363636365 0.2826704545454546 0.3210227272727273 0.28267045454545453 0.3210227272727273 0.2982954545454546 0.33238636363636365 0.29829545454545464
19 0.5184659090909091 0.28409090909090917 0.5056818181818182 0.28409090909090917 0.5056818181818182 0.29971590909090917 0.5184659090909091 0.29971590909090917
19 0.4943181818181818 0.5113636363636364 0.484375 0.5113636363636364 0.484375 0.5241477272727273 0.4943181818181818 0.5241477272727273
19 0.4928977272727273 0.5710227272727273 0.484375 0.5710227272727273 0.484375 0.5823863636363636 0.4928977272727273 0.5823863636363636
4 0.6207386363636364 0.37073863636363635 0.5823863636363636 0.37073863636363635 0.5823863636363636 0.3963068181818182 0.6207386363636364 0.3963068181818182
8 0.5511363636363636 0.5539772727272727 0.5241477272727273 0.5539772727272727 0.5241477272727273 0.5965909090909091 0.5511363636363636 0.5965909090909091
44 0.2798295454545455 0.5994318181818182 0.26704545454545464 0.5994318181818182 0.26704545454545464 0.6164772727272727 0.2798295454545455 0.6164772727272727
19 0.5127840909090909 0.43323863636363635 0.5014204545454546 0.43323863636363635 0.5014204545454546 0.4474431818181818 0.5127840909090909 0.4474431818181818
43 0.08096590909090916 0.47017045454545453 0.055397727272727335 0.47017045454545453 0.055397727272727335 0.5014204545454546 0.08096590909090916 0.5014204545454546
19 0.609375 0.5710227272727273 0.6008522727272727 0.5710227272727273 0.6008522727272727 0.5809659090909091 0.609375 0.5809659090909091
44 0.23011363636363635 0.2556818181818182 0.2002840909090909 0.2556818181818182 0.2002840909090909 0.27982954545454547 0.23011363636363635 0.27982954545454547
19 0.1548295454545455 0.42045454545454547 0.14488636363636367 0.42045454545454547 0.14488636363636367 0.43323863636363635 0.1548295454545455 0.43323863636363635
44 0.6590909090909091 0.35227272727272735 0.6278409090909091 0.35227272727272735 0.6278409090909091 0.375 0.6590909090909091 0.375
19 0.6889204545454546 0.44318181818181834 0.6789772727272727 0.44318181818181834 0.6789772727272727 0.4559659090909092 0.6889204545454546 0.4559659090909092
19 0.6107954545454546 0.2855113636363637 0.6022727272727273 0.2855113636363637 0.6022727272727273 0.29687500000000006 0.6107954545454546 0.29687500000000006
19 0.18039772727272732 0.22869318181818182 0.16619318181818185 0.22869318181818182 0.16619318181818185 0.24573863636363635 0.18039772727272732 0.24573863636363635
19 0.17329545454545459 0.34232954545454547 0.16335227272727276 0.34232954545454547 0.16335227272727276 0.35511363636363635 0.17329545454545459 0.35511363636363635
4 0.09801136363636367 0.26988636363636365 0.05681818181818186 0.26988636363636365 0.05681818181818186 0.296875 0.09801136363636367 0.296875
19 0.31250000000000006 0.6704545454545454 0.3025568181818183 0.6704545454545454 0.3025568181818183 0.6818181818181818 0.31250000000000006 0.6818181818181818
19 0.08238636363636366 0.22869318181818182 0.07386363636363638 0.22869318181818182 0.07386363636363638 0.24005681818181818 0.08238636363636366 0.24005681818181818
19 0.46448863636363635 0.3806818181818182 0.45454545454545453 0.3806818181818182 0.45454545454545453 0.3934659090909091 0.46448863636363635 0.3934659090909091
19 0.1519886363636364 0.4786931818181818 0.14346590909090914 0.4786931818181818 0.14346590909090914 0.4900568181818182 0.1519886363636364 0.4900568181818182
19 0.6605113636363636 0.4417613636363637 0.6519886363636364 0.44176136363636365 0.6519886363636364 0.4517045454545455 0.6605113636363636 0.45170454545454564
19 0.6576704545454546 0.609375 0.6477272727272727 0.609375 0.6477272727272727 0.6221590909090909 0.6576704545454546 0.6221590909090909
19 0.6860795454545454 0.509943181818182 0.6775568181818182 0.509943181818182 0.6775568181818182 0.5227272727272729 0.6860795454545454 0.5227272727272729
44 0.40482954545454547 0.4460227272727273 0.38920454545454547 0.4460227272727273 0.38920454545454547 0.4659090909090909 0.40482954545454547 0.4659090909090909
44 0.3423295454545455 0.3480113636363637 0.32812500000000006 0.34801136363636365 0.32812500000000006 0.3650568181818182 0.3423295454545455 0.3650568181818182
19 0.18750000000000008 0.6647727272727273 0.17897727272727282 0.6647727272727273 0.17897727272727282 0.6747159090909091 0.18750000000000008 0.6747159090909091
44 0.3977272727272727 0.3934659090909091 0.3849431818181818 0.3934659090909091 0.3849431818181818 0.41051136363636365 0.3977272727272727 0.41051136363636365
19 0.19318181818181826 0.5625 0.18323863636363644 0.5625 0.18323863636363644 0.5767045454545454 0.19318181818181826 0.5767045454545454
44 0.4005681818181818 0.5738636363636364 0.38920454545454547 0.5738636363636364 0.38920454545454547 0.5909090909090909 0.4005681818181818 0.5909090909090909
5 0.6576704545454546 0.5099431818181818 0.6491477272727273 0.5099431818181818 0.6491477272727273 0.5227272727272727 0.6576704545454546 0.5227272727272727
19 0.19460227272727282 0.5227272727272727 0.184659090909091 0.5227272727272727 0.184659090909091 0.5369318181818182 0.19460227272727282 0.5369318181818182
44 0.215909090909091 0.3991477272727273 0.200284090909091 0.3991477272727273 0.200284090909091 0.4161931818181818 0.215909090909091 0.4161931818181818
44 0.30823863636363646 0.6008522727272727 0.29687500000000006 0.6008522727272727 0.29687500000000006 0.6164772727272727 0.30823863636363646 0.6164772727272727
48 0.8451704545454546 0.3948863636363638 0.7613636363636364 0.3948863636363638 0.7613636363636364 0.494318181818182 0.8451704545454546 0.494318181818182
8 0.42045454545454547 0.26704545454545464 0.38636363636363635 0.26704545454545464 0.38636363636363635 0.3110795454545455 0.42045454545454547 0.3110795454545455
43 0.9119318181818182 0.606534090909091 0.890625 0.606534090909091 0.890625 0.637784090909091 0.9119318181818182 0.637784090909091
44 0.22159090909090917 0.5511363636363636 0.20738636363636373 0.5511363636363636 0.20738636363636373 0.5667613636363636 0.22159090909090917 0.5667613636363636
44 0.3991477272727273 0.5213068181818182 0.38636363636363635 0.5213068181818182 0.38636363636363635 0.5383522727272727 0.3991477272727273 0.5383522727272727
56 0.3025568181818182 0.16193181818181823 0.2755681818181818 0.16193181818181823 0.2755681818181818 0.18892045454545456 0.3025568181818182 0.18892045454545456
16 0.3778409090909091 0.35937500000000006 0.2286931818181819 0.359375 0.2286931818181819 0.6022727272727273 0.3778409090909091 0.6022727272727273
56 0.8551136363636364 0.25284090909090917 0.8252840909090909 0.25284090909090917 0.8252840909090909 0.28267045454545464 0.8551136363636364 0.28267045454545464
56 0.3380681818181818 0.22017045454545459 0.31392045454545453 0.22017045454545456 0.31392045454545453 0.2457386363636364 0.3380681818181818 0.24573863636363644
44 0.3025568181818183 0.34801136363636365 0.2883522727272728 0.34801136363636365 0.2883522727272728 0.36079545454545453 0.3025568181818183 0.36079545454545453
44 0.7670454545454546 0.5227272727272729 0.7485795454545454 0.5227272727272729 0.7485795454545454 0.5383522727272729 0.7670454545454546 0.5383522727272729
44 0.5539772727272727 0.47301136363636365 0.53125 0.47301136363636365 0.53125 0.49573863636363635 0.5539772727272727 0.49573863636363635
44 0.5568181818181818 0.4928977272727273 0.5340909090909091 0.4928977272727273 0.5340909090909091 0.5071022727272727 0.5568181818181818 0.5071022727272727