16 0.35227272727272735 0.578125 0.19034090909090917 0.578125 0.19034090909090917 0.7784090909090909 0.35227272727272735 0.7784090909090909
44 0.9928977272727273 0.41477272727272746 0.953125 0.41477272727272746 0.953125 0.4417613636363638 0.9928977272727273 0.4417613636363638
44 0.7727272727272727 0.03835227272727282 0.7329545454545454 0.03835227272727282 0.7329545454545454 0.059659090909091 0.7727272727272727 0.05965909090909101
37 0.2315340909090909 0.07954545454545457 0.18892045454545456 0.07954545454545457 0.18892045454545456 0.10653409090909095 0.2315340909090909 0.10653409090909095
44 0.4758522727272727 0.11505681818181822 0.4431818181818182 0.11505681818181822 0.4431818181818182 0.1392045454545455 0.4758522727272727 0.1392045454545455
44 0.46448863636363635 0.3338068181818183 0.42613636363636365 0.3338068181818183 0.42613636363636365 0.356534090909091 0.46448863636363635 0.356534090909091
37 0.5610795454545454 0.5767045454545454 0.5355113636363636 0.5767045454545454 0.5355113636363636 0.6264204545454546 0.5610795454545454 0.6264204545454546
44 0.23295454545454553 0.7329545454545454 0.20738636363636373 0.7329545454545454 0.20738636363636373 0.7542613636363636 0.23295454545454553 0.7542613636363636
44 0.2954545454545455 0.5596590909090909 0.25000000000000006 0.5596590909090909 0.25000000000000006 0.578125 0.2954545454545455 0.578125
37 0.6065340909090909 0.184659090909091 0.5838068181818182 0.184659090909091 0.5838068181818182 0.22443181818181826 0.6065340909090909 0.22443181818181826
37 0.6065340909090909 0.29261363636363646 0.5838068181818182 0.29261363636363646 0.5838068181818182 0.3423295454545455 0.6065340909090909 0.3423295454545455
44 0.6036931818181818 0.46448863636363635 0.5823863636363636 0.46448863636363635 0.5823863636363636 0.484375 0.6036931818181818 0.484375
44 0.6946022727272727 0.2045454545454546 0.6534090909090909 0.2045454545454546 0.6534090909090909 0.23437500000000008 0.6946022727272727 0.23437500000000008
3 0.17045454545454553 0.7585227272727273 0.13920454545454553 0.7585227272727273 0.13920454545454553 0.7911931818181818 0.17045454545454553 0.7911931818181818
44 0.8693181818181818 0.31534090909090917 0.8394886363636364 0.31534090909090917 0.8394886363636364 0.340909090909091 0.8693181818181818 0.340909090909091
44 0.8707386363636364 0.34659090909090917 0.8352272727272727 0.34659090909090917 0.8352272727272727 0.36789772727272746 0.8707386363636364 0.36789772727272746
44 0.9886363636363636 0.15482954545454558 0.9517045454545454 0.15482954545454558 0.9517045454545454 0.18750000000000008 0.9886363636363636 0.18750000000000008
44 0.09232954545454554 0.796875 0.058238636363636465 0.796875 0.058238636363636465 0.8167613636363636 0.09232954545454554 0.8167613636363636
44 0.21875 0.1079545454545455 0.19176136363636365 0.1079545454545455 0.19176136363636365 0.12784090909090914 0.21875 0.12784090909090914
44 0.08238636363636374 0.7755681818181818 0.06107954545454555 0.7755681818181818 0.06107954545454555 0.7940340909090909 0.08238636363636374 0.7940340909090909
44 0.3323863636363637 0.7414772727272727 0.3025568181818183 0.7414772727272727 0.3025568181818183 0.7613636363636364 0.3323863636363637 0.7613636363636364
44 0.3494318181818182 0.2329545454545455 0.3039772727272727 0.23295454545454544 0.3039772727272727 0.2528409090909091 0.3494318181818182 0.25284090909090917
37 0.4474431818181818 0.6193181818181818 0.4275568181818182 0.6193181818181818 0.4275568181818182 0.6590909090909091 0.4474431818181818 0.6590909090909091
44 0.47017045454545453 0.6207386363636364 0.4502840909090909 0.6207386363636364 0.4502840909090909 0.640625 0.47017045454545453 0.640625
44 0.36079545454545453 0.1079545454545455 0.31676136363636365 0.1079545454545455 0.31676136363636365 0.13068181818181823 0.36079545454545453 0.13068181818181823
44 0.5454545454545456 0.7528409090909091 0.5000000000000001 0.7528409090909091 0.5000000000000001 0.7727272727272727 0.5454545454545456 0.7727272727272727
44 0.16193181818181823 0.18892045454545456 0.06534090909090912 0.18892045454545456 0.06534090909090912 0.21022727272727273 0.16193181818181823 0.21022727272727273
44 0.3323863636363637 0.6292613636363636 0.2954545454545455 0.6292613636363636 0.2954545454545455 0.6534090909090909 0.3323863636363637 0.6534090909090909
44 0.6775568181818182 0.1818181818181819 0.65625 0.1818181818181819 0.65625 0.20312500000000008 0.6775568181818182 0.20312500000000008
8 0.28267045454545453 0.18323863636363635 0.25 0.18323863636363635 0.25 0.22301136363636365 0.28267045454545453 0.22301136363636365
44 0.3835227272727273 0.2599431818181819 0.3508522727272727 0.2599431818181819 0.3508522727272727 0.2798295454545455 0.3835227272727273 0.2798295454545455
37 0.5596590909090909 0.21022727272727282 0.5369318181818182 0.21022727272727282 0.5369318181818182 0.2556818181818183 0.5596590909090909 0.2556818181818183
44 0.3366477272727273 0.0866477272727273 0.31392045454545453 0.0866477272727273 0.31392045454545453 0.10653409090909095 0.3366477272727273 0.10653409090909095
15 0.4630681818181818 0.14630681818181823 0.42045454545454547 0.14630681818181823 0.42045454545454547 0.17897727272727276 0.4630681818181818 0.17897727272727276
44 0.22301136363636373 0.6392045454545454 0.21022727272727282 0.6392045454545454 0.21022727272727282 0.65625 0.22301136363636373 0.65625
44 0.6107954545454546 0.5127840909090909 0.5767045454545454 0.5127840909090909 0.5767045454545454 0.53125 0.6107954545454546 0.53125
43 0.9502840909090909 0.41903409090909105 0.9360795454545454 0.41903409090909105 0.9360795454545454 0.4389204545454547 0.9502840909090909 0.4389204545454547
37 0.5596590909090909 0.29687500000000006 0.5355113636363636 0.29687500000000006 0.5355113636363636 0.3494318181818183 0.5596590909090909 0.3494318181818183
19 0.16051136363636373 0.8224431818181818 0.14630681818181826 0.8224431818181818 0.1463068181818183 0.8394886363636364 0.16051136363636376 0.8394886363636364
44 0.14062500000000003 0.1590909090909091 0.06960227272727275 0.1590909090909091 0.06960227272727275 0.18607954545454544 0.14062500000000003 0.18607954545454544
44 0.3821022727272727 0.24005681818181826 0.359375 0.24005681818181826 0.359375 0.25852272727272735 0.3821022727272727 0.25852272727272735
8 0.3309659090909091 0.12073863636363641 0.29545454545454547 0.12073863636363641 0.29545454545454547 0.16051136363636367 0.3309659090909091 0.16051136363636367
44 0.19886363636363644 0.7869318181818182 0.1661931818181819 0.7869318181818182 0.1661931818181819 0.8039772727272727 0.19886363636363644 0.8039772727272727
44 0.5369318181818182 0.21022727272727282 0.5142045454545454 0.21022727272727282 0.5142045454545454 0.23011363636363644 0.5369318181818182 0.23011363636363644
19 0.4019886363636365 0.7045454545454546 0.39062500000000017 0.7045454545454546 0.39062500000000017 0.7201704545454546 0.4019886363636365 0.7201704545454546
19 0.11505681818181826 0.7315340909090909 0.10227272727272735 0.7315340909090909 0.10227272727272735 0.7485795454545454 0.11505681818181826 0.7485795454545454
44 0.8011363636363636 0.356534090909091 0.7642045454545454 0.356534090909091 0.7642045454545454 0.37500000000000017 0.8011363636363636 0.37500000000000017
8 0.27982954545454547 0.1235795454545455 0.24857954545454544 0.1235795454545455 0.24857954545454544 0.15767045454545459 0.27982954545454547 0.15767045454545459
19 0.6022727272727273 0.15909090909090917 0.5909090909090909 0.15909090909090917 0.5909090909090909 0.17471590909090917 0.6022727272727273 0.17471590909090917
19 0.39204545454545453 0.5994318181818182 0.3806818181818182 0.5994318181818182 0.3806818181818182 0.6150568181818182 0.39204545454545453 0.6150568181818182
44 0.4900568181818183 0.640625 0.4502840909090909 0.640625 0.450284090909091 0.6605113636363636 0.49005681818181834 0.6605113636363636
19 0.4034090909090909 0.31250000000000006 0.390625 0.31250000000000006 0.390625 0.32954545454545464 0.4034090909090909 0.32954545454545464
8 0.3309659090909091 0.1860795454545455 0.3039772727272727 0.18607954545454544 0.3039772727272727 0.22301136363636367 0.3309659090909091 0.22301136363636373
37 0.8920454545454546 0.309659090909091 0.8735795454545454 0.309659090909091 0.8735795454545454 0.356534090909091 0.8920454545454546 0.356534090909091
19 0.8139204545454546 0.416193181818182 0.8025568181818182 0.416193181818182 0.8025568181818182 0.4332386363636365 0.8139204545454546 0.4332386363636365
19 0.16051136363636373 0.734375 0.1505681818181819 0.734375 0.1505681818181819 0.7485795454545454 0.16051136363636373 0.7485795454545454
19 0.6448863636363636 0.24005681818181826 0.6349431818181818 0.24005681818181826 0.6349431818181818 0.25284090909090917 0.6448863636363636 0.25284090909090917
19 0.7017045454545454 0.4914772727272729 0.6917613636363636 0.4914772727272729 0.6917613636363636 0.5071022727272729 0.7017045454545454 0.5071022727272729
19 0.7059659090909091 0.10369318181818189 0.6931818181818182 0.10369318181818189 0.6931818181818182 0.11931818181818189 0.7059659090909091 0.11931818181818189
44 0.44318181818181834 0.7443181818181818 0.4090909090909092 0.7443181818181818 0.4090909090909092 0.7670454545454546 0.44318181818181834 0.7670454545454546
19 0.8877840909090909 0.16193181818181832 0.8764204545454546 0.16193181818181832 0.8764204545454546 0.17613636363636376 0.8877840909090909 0.17613636363636376
19 0.25426136363636365 0.16477272727272732 0.23863636363636365 0.16477272727272732 0.23863636363636365 0.1846590909090909 0.25426136363636365 0.1846590909090909
19 0.40198863636363635 0.16335227272727276 0.390625 0.16335227272727276 0.390625 0.18039772727272732 0.40198863636363635 0.18039772727272732
44 0.2684659090909091 0.22301136363636365 0.22585227272727273 0.22301136363636365 0.22585227272727273 0.24431818181818182 0.2684659090909091 0.24431818181818182
4 0.12073863636363645 0.7698863636363636 0.08948863636363646 0.7698863636363636 0.08948863636363646 0.7926136363636364 0.12073863636363645 0.7926136363636364
44 0.5198863636363638 0.7272727272727273 0.49857954545454564 0.7272727272727273 0.49857954545454564 0.7457386363636364 0.5198863636363638 0.7457386363636364
19 0.29545454545454547 0.22727272727272727 0.28267045454545453 0.22727272727272727 0.28267045454545453 0.24431818181818182 0.29545454545454547 0.24431818181818182
19 0.17471590909090917 0.6022727272727273 0.16335227272727282 0.6022727272727273 0.16335227272727282 0.6178977272727273 0.17471590909090917 0.6178977272727273
19 0.7045454545454546 0.4488636363636365 0.6946022727272727 0.4488636363636365 0.6946022727272727 0.46164772727272746 0.7045454545454546 0.46164772727272746
5 0.17755681818181823 0.4900568181818182 0.16619318181818185 0.4900568181818182 0.16619318181818188 0.5071022727272727 0.17755681818181826 0.5071022727272727
19 0.11221590909090919 0.8196022727272727 0.1008522727272728 0.8196022727272727 0.10085227272727283 0.8352272727272727 0.11221590909090921 0.8352272727272727
19 0.7017045454545454 0.5383522727272729 0.6917613636363636 0.5383522727272729 0.6917613636363636 0.5525568181818183 0.7017045454545454 0.5525568181818183
44 0.5397727272727273 0.3323863636363637 0.5 0.3323863636363637 0.5 0.3536931818181819 0.5397727272727273 0.3536931818181819
44 0.6605113636363636 0.4289772727272728 0.640625 0.4289772727272727 0.640625 0.4474431818181819 0.6605113636363636 0.447443181818182
19 0.7031250000000001 0.7869318181818182 0.6917613636363638 0.7869318181818182 0.6917613636363638 0.8025568181818182 0.7031250000000001 0.8025568181818182
19 0.4943181818181818 0.31250000000000006 0.4815340909090909 0.31250000000000006 0.4815340909090909 0.32954545454545464 0.4943181818181818 0.32954545454545464
44 0.4744318181818182 0.2599431818181819 0.44176136363636365 0.2599431818181819 0.44176136363636365 0.2798295454545455 0.4744318181818182 0.2798295454545455
44 0.4630681818181818 0.2883522727272728 0.4289772727272727 0.2883522727272728 0.4289772727272727 0.3068181818181819 0.4630681818181818 0.3068181818181819
4 0.6519886363636364 0.200284090909091 0.625 0.200284090909091 0.625 0.2201704545454546 0.6519886363636364 0.2201704545454546
19 0.390625 0.6392045454545454 0.3806818181818182 0.6392045454545454 0.3806818181818182 0.6505681818181818 0.390625 0.6505681818181818
19 0.4019886363636365 0.7741477272727273 0.39062500000000017 0.7741477272727273 0.39062500000000017 0.7911931818181818 0.4019886363636365 0.7911931818181818
19 0.703125 0.15909090909090917 0.6946022727272727 0.15909090909090917 0.6946022727272727 0.1732954545454546 0.703125 0.1732954545454546
44 0.4744318181818182 0.24147727272727282 0.45454545454545453 0.24147727272727282 0.45454545454545453 0.25852272727272735 0.4744318181818182 0.25852272727272735
44 0.4332386363636365 0.7244318181818182 0.4105113636363638 0.7244318181818182 0.4105113636363638 0.7457386363636364 0.4332386363636365 0.7457386363636364
19 0.5553977272727273 0.1576704545454546 0.5440340909090909 0.1576704545454546 0.5440340909090909 0.1732954545454546 0.5553977272727273 0.1732954545454546
37 0.609375 0.48863636363636365 0.5724431818181818 0.48863636363636365 0.5724431818181818 0.5127840909090909 0.609375 0.5127840909090909
44 0.5383522727272727 0.23295454545454553 0.5071022727272727 0.23295454545454553 0.5071022727272727 0.25284090909090917 0.5383522727272727 0.25284090909090917
19 0.8096590909090909 0.106534090909091 0.7997159090909091 0.106534090909091 0.7997159090909091 0.11931818181818189 0.8096590909090909 0.11931818181818189
19 0.6448863636363636 0.15909090909090917 0.6335227272727273 0.15909090909090917 0.6335227272727273 0.1732954545454546 0.6448863636363636 0.1732954545454546
19 0.75 0.1974431818181819 0.7428977272727273 0.1974431818181819 0.7428977272727273 0.20738636363636373 0.75 0.20738636363636373
19 0.12357954545454551 0.48863636363636365 0.11221590909090913 0.48863636363636365 0.11221590909090916 0.5042613636363636 0.12357954545454554 0.5042613636363636
19 0.369318181818182 0.7755681818181818 0.36079545454545464 0.7755681818181818 0.36079545454545464 0.7883522727272727 0.369318181818182 0.7883522727272727
37 0.49715909090909105 0.7301136363636364 0.47443181818181834 0.7301136363636364 0.47443181818181834 0.7713068181818182 0.49715909090909105 0.7713068181818182
19 0.4943181818181818 0.16193181818181823 0.4815340909090909 0.16193181818181823 0.4815340909090909 0.17897727272727276 0.4943181818181818 0.17897727272727276
19 0.17187500000000008 0.6363636363636364 0.16193181818181826 0.6363636363636364 0.16193181818181826 0.6505681818181818 0.17187500000000008 0.6505681818181818
19 0.296875 0.08096590909090913 0.28551136363636365 0.08096590909090913 0.28551136363636365 0.09517045454545459 0.296875 0.09517045454545459
19 0.7045454545454546 0.06534090909090917 0.6960227272727273 0.06534090909090917 0.6960227272727273 0.07812500000000008 0.7045454545454546 0.07812500000000008
19 0.296875 0.10511363636363641 0.2840909090909091 0.10511363636363641 0.2840909090909091 0.12073863636363641 0.296875 0.12073863636363641
19 0.17897727272727276 0.41051136363636365 0.1676136363636364 0.41051136363636365 0.1676136363636364 0.42613636363636365 0.17897727272727276 0.42613636363636365
14 0.7201704545454546 0.17613636363636373 0.7088068181818182 0.17613636363636373 0.7088068181818182 0.26846590909090917 0.7201704545454546 0.26846590909090917
13 0.17045454545454558 0.8607954545454546 0.1363636363636365 0.8607954545454546 0.1363636363636365 0.8920454545454546 0.17045454545454558 0.8920454545454546
19 0.8522727272727273 0.07102272727272738 0.8423295454545454 0.07102272727272738 0.8423295454545454 0.08238636363636374 0.8522727272727273 0.08238636363636374
4 0.4105113636363638 0.734375 0.38352272727272746 0.734375 0.38352272727272746 0.7571022727272727 0.4105113636363638 0.7571022727272727
19 0.44176136363636365 0.5980113636363636 0.4303977272727273 0.5980113636363636 0.4303977272727273 0.6122159090909091 0.44176136363636365 0.6122159090909091
5 0.2215909090909091 0.26136363636363635 0.21022727272727273 0.26136363636363635 0.21022727272727273 0.2784090909090909 0.2215909090909091 0.2784090909090909
19 0.4928977272727273 0.2045454545454546 0.4815340909090909 0.2045454545454546 0.4815340909090909 0.21875000000000008 0.4928977272727273 0.21875000000000008
19 0.5525568181818182 0.4914772727272727 0.5411931818181818 0.4914772727272727 0.5411931818181818 0.5071022727272727 0.5525568181818182 0.5071022727272727
19 0.369318181818182 0.75 0.36079545454545464 0.75 0.36079545454545464 0.7599431818181818 0.369318181818182 0.7599431818181818
19 0.29261363636363635 0.265625 0.28267045454545453 0.265625 0.28267045454545453 0.28125 0.29261363636363635 0.28125
19 0.6420454545454546 0.4900568181818182 0.6321022727272727 0.4900568181818182 0.6321022727272727 0.5042613636363636 0.6420454545454546 0.5042613636363636
44 0.5980113636363636 0.6065340909090909 0.5610795454545454 0.6065340909090909 0.5610795454545454 0.625 0.5980113636363636 0.625
43 0.9502840909090909 0.16335227272727285 0.9375 0.16335227272727285 0.9375 0.18323863636363644 0.9502840909090909 0.18323863636363644
13 0.416193181818182 0.8494318181818182 0.3778409090909092 0.8494318181818182 0.3778409090909092 0.8821022727272727 0.416193181818182 0.8821022727272727
19 0.6448863636363636 0.4502840909090909 0.6363636363636364 0.4502840909090909 0.6363636363636364 0.4616477272727273 0.6448863636363636 0.4616477272727273
19 0.4034090909090909 0.20170454545454553 0.390625 0.20170454545454553 0.390625 0.21875000000000008 0.4034090909090909 0.21875000000000008
4 0.6775568181818182 0.44318181818181834 0.6633522727272727 0.44318181818181834 0.6633522727272727 0.4701704545454547 0.6775568181818182 0.4701704545454547
43 0.14914772727272732 0.2528409090909091 0.13352272727272732 0.2528409090909091 0.13352272727272732 0.2741477272727273 0.14914772727272732 0.2741477272727273
19 0.7315340909090909 0.16193181818181826 0.7244318181818182 0.16193181818181826 0.7244318181818182 0.169034090909091 0.7315340909090909 0.169034090909091
14 0.7258522727272728 0.5823863636363638 0.7017045454545454 0.5823863636363638 0.7017045454545455 0.6633522727272729 0.7258522727272729 0.6633522727272729
44 0.6420454545454546 0.5056818181818182 0.6235795454545454 0.5056818181818182 0.6235795454545454 0.5241477272727273 0.6420454545454546 0.5241477272727273
19 0.22301136363636365 0.16619318181818185 0.21164772727272727 0.16619318181818185 0.21164772727272727 0.18323863636363635 0.22301136363636365 0.18323863636363635
44 0.5852272727272727 0.3778409090909091 0.5511363636363636 0.3778409090909091 0.5511363636363636 0.3977272727272727 0.5852272727272727 0.3977272727272727
44 0.5923295454545454 0.22585227272727282 0.5610795454545454 0.22585227272727282 0.5610795454545454 0.24005681818181826 0.5923295454545454 0.24005681818181826
19 0.5553977272727273 0.5269886363636364 0.5426136363636364 0.5269886363636364 0.5426136363636364 0.5440340909090909 0.5553977272727273 0.5440340909090909
14 0.4630681818181818 0.309659090909091 0.4247159090909091 0.309659090909091 0.4247159090909091 0.33664772727272735 0.4630681818181818 0.33664772727272735
3 0.8238636363636364 0.31392045454545464 0.7940340909090909 0.31392045454545464 0.7940340909090909 0.356534090909091 0.8238636363636364 0.356534090909091
19 0.8096590909090909 0.1576704545454546 0.7982954545454546 0.1576704545454546 0.7982954545454546 0.17187500000000008 0.8096590909090909 0.17187500000000008
44 0.3352272727272728 0.6832386363636364 0.2954545454545455 0.6832386363636364 0.2954545454545455 0.7130681818181818 0.3352272727272728 0.7130681818181818
19 0.22017045454545456 0.3096590909090909 0.21022727272727273 0.3096590909090909 0.21022727272727273 0.32386363636363635 0.22017045454545456 0.32386363636363635
44 0.6860795454545454 0.5071022727272728 0.6463068181818182 0.5071022727272727 0.6463068181818182 0.5269886363636365 0.6860795454545454 0.5269886363636366
3 0.4147727272727273 0.24147727272727282 0.3835227272727273 0.24147727272727282 0.3835227272727273 0.278409090909091 0.4147727272727273 0.278409090909091
8 0.6079545454545454 0.3678977272727273 0.5852272727272727 0.3678977272727273 0.5852272727272727 0.39204545454545453 0.6079545454545454 0.39204545454545453
44 0.7642045454545454 0.22159090909090917 0.75 0.22159090909090917 0.75 0.2357954545454546 0.7642045454545454 0.2357954545454546
37 0.47017045454545453 0.1974431818181819 0.42613636363636365 0.1974431818181819 0.42613636363636365 0.22301136363636373 0.47017045454545453 0.22301136363636373
44 0.484375 0.2201704545454546 0.4474431818181818 0.2201704545454546 0.4474431818181818 0.23721590909090917 0.484375 0.23721590909090917
44 0.703125 0.42755681818181834 0.6647727272727273 0.42755681818181834 0.6647727272727273 0.4446022727272729 0.703125 0.4446022727272729
44 0.7784090909090909 0.23721590909090917 0.7457386363636364 0.23721590909090917 0.7457386363636364 0.2599431818181819 0.7784090909090909 0.2599431818181819
3 0.5028409090909091 0.2443181818181819 0.4744318181818182 0.2443181818181819 0.4744318181818182 0.2798295454545455 0.5028409090909091 0.2798295454545455
43 0.1534090909090909 0.08806818181818184 0.13920454545454544 0.08806818181818184 0.13920454545454544 0.10795454545454546 0.1534090909090909 0.10795454545454546
19 0.7159090909090909 0.16193181818181826 0.7088068181818182 0.16193181818181826 0.7088068181818182 0.17187500000000008 0.7159090909090909 0.17187500000000008
13 0.8153409090909091 0.44602272727272746 0.796875 0.44602272727272746 0.796875 0.4715909090909092 0.8153409090909091 0.4715909090909092
44 0.12642045454545459 0.25 0.10937500000000004 0.25 0.10937500000000004 0.2727272727272727 0.12642045454545459 0.2727272727272727
13 0.5014204545454546 0.35937500000000006 0.4744318181818182 0.35937500000000006 0.4744318181818182 0.3821022727272727 0.5014204545454546 0.3821022727272727
44 0.22443181818181826 0.6051136363636364 0.21164772727272735 0.6051136363636364 0.21164772727272735 0.6221590909090909 0.22443181818181826 0.6221590909090909
44 0.20738636363636373 0.6079545454545454 0.20170454545454553 0.6079545454545454 0.20170454545454553 0.6193181818181818 0.20738636363636373 0.6193181818181818
44 0.2045454545454546 0.640625 0.1974431818181819 0.640625 0.1974431818181819 0.6519886363636364 0.2045454545454546 0.6519886363636364
44 0.32812500000000006 0.5980113636363636 0.31534090909090917 0.5980113636363636 0.31534090909090917 0.6164772727272727 0.32812500000000006 0.6164772727272727
44 0.34659090909090917 0.6022727272727273 0.33948863636363646 0.6022727272727273 0.33948863636363646 0.6136363636363636 0.34659090909090917 0.6136363636363636
44 0.34659090909090917 0.6377840909090909 0.33948863636363646 0.6377840909090909 0.33948863636363646 0.6491477272727273 0.34659090909090917 0.6491477272727273
44 0.3480113636363637 0.6988636363636364 0.33948863636363646 0.6988636363636364 0.33948863636363646 0.7144886363636364 0.3480113636363637 0.7144886363636364
44 0.3480113636363637 0.7443181818181818 0.3380681818181819 0.7443181818181818 0.3380681818181819 0.7599431818181818 0.3480113636363637 0.7599431818181818
44 0.20312500000000008 0.7386363636363636 0.19602272727272735 0.7386363636363636 0.19602272727272735 0.7514204545454546 0.20312500000000008 0.7514204545454546
44 0.184659090909091 0.7642045454545454 0.169034090909091 0.7642045454545454 0.169034090909091 0.78125 0.184659090909091 0.78125
44 0.278409090909091 0.5411931818181818 0.2599431818181819 0.5411931818181818 0.2599431818181819 0.5582386363636364 0.278409090909091 0.5582386363636364
13 0.4488636363636365 0.6704545454545454 0.4261363636363638 0.6704545454545454 0.4261363636363638 0.6917613636363636 0.4488636363636365 0.6917613636363636
19 0.4914772727272729 0.7045454545454546 0.4801136363636365 0.7045454545454546 0.4801136363636365 0.7201704545454546 0.4914772727272729 0.7201704545454546
19 0.4914772727272729 0.7798295454545454 0.48153409090909105 0.7798295454545454 0.48153409090909105 0.7926136363636364 0.4914772727272729 0.7926136363636364
19 0.5525568181818183 0.7102272727272727 0.544034090909091 0.7102272727272727 0.544034090909091 0.7215909090909091 0.5525568181818183 0.7215909090909091
8 0.6761363636363636 0.4829545454545455 0.65625 0.48295454545454547 0.65625 0.5127840909090909 0.6761363636363636 0.512784090909091
19 0.7017045454545454 0.4176136363636365 0.6931818181818182 0.4176136363636365 0.6931818181818182 0.4261363636363638 0.7017045454545454 0.4261363636363638
19 0.7017045454545454 0.26704545454545464 0.6960227272727273 0.26704545454545464 0.6960227272727273 0.27698863636363646 0.7017045454545454 0.27698863636363646
19 0.7159090909090909 0.2698863636363637 0.7088068181818182 0.2698863636363637 0.7088068181818182 0.278409090909091 0.7159090909090909 0.278409090909091
44 0.7997159090909091 0.2130681818181819 0.7826704545454546 0.2130681818181819 0.7826704545454546 0.23295454545454553 0.7997159090909091 0.23295454545454553
44 0.8068181818181818 0.23437500000000008 0.78125 0.23437500000000008 0.78125 0.25142045454545464 0.8068181818181818 0.25142045454545464
4 0.7698863636363636 0.18750000000000008 0.7571022727272727 0.18750000000000008 0.7571022727272727 0.2201704545454546 0.7698863636363636 0.2201704545454546
37 0.7954545454545454 0.19176136363636373 0.7713068181818182 0.19176136363636373 0.7713068181818182 0.2130681818181819 0.7954545454545454 0.2130681818181819
19 0.8082386363636364 0.19602272727272735 0.7997159090909091 0.19602272727272735 0.7997159090909091 0.21164772727272735 0.8082386363636364 0.21164772727272735
19 0.75 0.1576704545454546 0.7414772727272727 0.1576704545454546 0.7414772727272727 0.17045454545454553 0.75 0.17045454545454553
8 0.7826704545454546 0.153409090909091 0.7642045454545454 0.153409090909091 0.7642045454545454 0.17897727272727282 0.7826704545454546 0.17897727272727282
44 0.7727272727272727 0.1264204545454546 0.7542613636363636 0.1264204545454546 0.7542613636363636 0.14488636363636373 0.7727272727272727 0.14488636363636373
44 0.796875 0.13920454545454553 0.7471590909090909 0.13920454545454553 0.7471590909090909 0.15909090909090917 0.796875 0.15909090909090917
51 0.7727272727272727 0.09801136363636372 0.7372159090909091 0.09801136363636372 0.7372159090909091 0.12500000000000008 0.7727272727272727 0.12500000000000008
51 0.7727272727272727 0.061079545454545546 0.734375 0.06107954545454553 0.734375 0.08664772727272736 0.7727272727272727 0.08664772727272738
13 0.8579545454545454 0.11931818181818193 0.8352272727272727 0.11931818181818193 0.8352272727272727 0.1434659090909092 0.8579545454545454 0.1434659090909092
44 0.7911931818181818 0.3267045454545455 0.7741477272727273 0.3267045454545455 0.7741477272727273 0.3494318181818183 0.7911931818181818 0.3494318181818183
44 0.21732954545454544 0.05113636363636365 0.19886363636363635 0.05113636363636365 0.19886363636363635 0.07102272727272729 0.21732954545454544 0.07102272727272729
44 0.2627840909090909 0.09659090909090913 0.24431818181818182 0.09659090909090913 0.24431818181818182 0.11363636363636367 0.2627840909090909 0.11363636363636367
44 0.26988636363636365 0.11221590909090913 0.23295454545454544 0.11221590909090913 0.23295454545454544 0.12926136363636367 0.26988636363636365 0.12926136363636367
44 0.13352272727272727 0.0838068181818182 0.11931818181818182 0.0838068181818182 0.11931818181818182 0.10653409090909091 0.13352272727272727 0.10653409090909091
44 0.24431818181818182 0.203125 0.22585227272727273 0.203125 0.22585227272727273 0.2215909090909091 0.24431818181818182 0.2215909090909091
44 0.3352272727272727 0.21306818181818185 0.31392045454545453 0.21306818181818182 0.31392045454545453 0.23437500000000003 0.3352272727272727 0.23437500000000008
19 0.3465909090909091 0.16619318181818185 0.3338068181818182 0.16619318181818185 0.3338068181818182 0.184659090909091 0.3465909090909091 0.184659090909091
44 0.43323863636363635 0.11505681818181822 0.4161931818181818 0.11505681818181822 0.4161931818181818 0.13352272727272732 0.43323863636363635 0.13352272727272732
44 0.5326704545454546 0.3039772727272728 0.5099431818181818 0.3039772727272728 0.5099431818181818 0.3267045454545455 0.5326704545454546 0.3267045454545455
44 0.5795454545454546 0.28977272727272735 0.5625 0.28977272727272735 0.5625 0.309659090909091 0.5795454545454546 0.309659090909091
44 0.5866477272727273 0.3181818181818183 0.5596590909090909 0.3181818181818183 0.5596590909090909 0.3352272727272728 0.5866477272727273 0.3352272727272728
44 0.578125 0.36079545454545464 0.5596590909090909 0.36079545454545464 0.5596590909090909 0.3778409090909091 0.578125 0.3778409090909091
19 0.5994318181818182 0.4147727272727273 0.5880681818181818 0.4147727272727273 0.5880681818181818 0.4303977272727273 0.5994318181818182 0.4303977272727273
5 0.5539772727272727 0.4147727272727273 0.5411931818181818 0.4147727272727273 0.5411931818181818 0.4303977272727273 0.5539772727272727 0.4303977272727273
19 0.7017045454545454 0.5667613636363638 0.6946022727272727 0.5667613636363638 0.6946022727272727 0.575284090909091 0.7017045454545454 0.575284090909091
19 0.7102272727272727 0.5681818181818183 0.7045454545454546 0.5681818181818183 0.7045454545454546 0.575284090909091 0.7102272727272727 0.575284090909091
19 0.7088068181818183 0.669034090909091 0.7017045454545456 0.669034090909091 0.7017045454545456 0.6775568181818183 0.7088068181818183 0.6775568181818183
19 0.700284090909091 0.669034090909091 0.6946022727272729 0.669034090909091 0.6946022727272729 0.6789772727272729 0.700284090909091 0.6789772727272729
44 0.44176136363636365 0.21875000000000008 0.41761363636363635 0.21875000000000008 0.41761363636363635 0.23437500000000008 0.44176136363636365 0.23437500000000008
44 0.5809659090909091 0.1974431818181819 0.5639204545454546 0.1974431818181819 0.5639204545454546 0.21732954545454553 0.5809659090909091 0.21732954545454553
19 0.6008522727272727 0.23721590909090917 0.5909090909090909 0.23721590909090917 0.5909090909090909 0.24857954545454553 0.6008522727272727 0.24857954545454553
44 0.5852272727272727 0.5866477272727273 0.5653409090909091 0.5866477272727273 0.5653409090909091 0.6036931818181818 0.5852272727272727 0.6036931818181818
14 0.7301136363636364 0.17613636363636373 0.7201704545454546 0.17613636363636373 0.7201704545454546 0.24573863636363644 0.7301136363636364 0.24573863636363644
19 0.734375 0.41477272727272746 0.7258522727272727 0.41477272727272746 0.7258522727272727 0.42755681818181834 0.734375 0.42755681818181834
19 0.8877840909090909 0.41903409090909105 0.8778409090909091 0.41903409090909105 0.8778409090909091 0.4332386363636365 0.8877840909090909 0.4332386363636365