44 0.5553977272727273 0.390625 0.5383522727272727 0.390625 0.5383522727272727 0.42045454545454547 0.5553977272727273 0.42045454545454547
44 0.4772727272727273 0.35937500000000006 0.4602272727272727 0.35937500000000006 0.4602272727272727 0.39488636363636365 0.4772727272727273 0.39488636363636365
44 0.6803977272727273 0.5071022727272729 0.6605113636363636 0.5071022727272729 0.6605113636363636 0.528409090909091 0.6803977272727273 0.528409090909091
19 0.2059659090909091 0.31676136363636365 0.19744318181818182 0.31676136363636365 0.19744318181818182 0.328125 0.2059659090909091 0.328125
44 0.200284090909091 0.4914772727272727 0.18323863636363644 0.4914772727272727 0.18323863636363644 0.5284090909090909 0.200284090909091 0.5284090909090909
44 0.26136363636363646 0.3650568181818182 0.247159090909091 0.3650568181818182 0.247159090909091 0.3934659090909091 0.26136363636363646 0.3934659090909091
44 0.5454545454545454 0.25000000000000006 0.5298295454545454 0.25000000000000006 0.5298295454545454 0.278409090909091 0.5454545454545454 0.278409090909091
43 0.6789772727272727 0.49005681818181834 0.6676136363636364 0.49005681818181834 0.6676136363636364 0.5042613636363638 0.6789772727272727 0.5042613636363638
19 0.5056818181818182 0.356534090909091 0.49573863636363635 0.356534090909091 0.49573863636363635 0.3678977272727273 0.5056818181818182 0.3678977272727273
19 0.6548295454545454 0.20880681818181826 0.6463068181818182 0.20880681818181826 0.6463068181818182 0.2201704545454546 0.6548295454545454 0.2201704545454546
19 0.6647727272727273 0.340909090909091 0.65625 0.340909090909091 0.65625 0.3536931818181819 0.6647727272727273 0.3536931818181819
19 0.5014204545454546 0.2286931818181819 0.4943181818181818 0.2286931818181819 0.4943181818181818 0.23863636363636373 0.5014204545454546 0.23863636363636373
43 0.20880681818181818 0.22869318181818182 0.2002840909090909 0.22869318181818182 0.2002840909090909 0.24147727272727273 0.20880681818181818 0.24147727272727273
19 0.5028409090909091 0.27698863636363646 0.49573863636363635 0.27698863636363646 0.49573863636363635 0.2869318181818183 0.5028409090909091 0.2869318181818183
43 0.19886363636363644 0.48011363636363635 0.19318181818181826 0.48011363636363635 0.19318181818181826 0.4900568181818182 0.19886363636363644 0.4900568181818182
42 0.48011363636363635 0.2713068181818183 0.4375 0.2713068181818183 0.4375 0.3338068181818183 0.48011363636363635 0.3338068181818183
20 0.5482954545454546 0.2201704545454546 0.5269886363636364 0.2201704545454546 0.5269886363636364 0.24573863636363644 0.5482954545454546 0.24573863636363644
20 0.5582386363636364 0.3380681818181819 0.5326704545454546 0.3380681818181819 0.5326704545454546 0.3721590909090909 0.5582386363636364 0.3721590909090909
42 0.3053977272727273 0.2897727272727273 0.24857954545454544 0.2897727272727273 0.2485795454545455 0.35795454545454547 0.30539772727272735 0.35795454545454547
43 0.6505681818181818 0.16761363636363644 0.6420454545454546 0.16761363636363644 0.6420454545454546 0.17755681818181826 0.6505681818181818 0.17755681818181826