47 0.5767045454545454 0.5738636363636364 0.5099431818181818 0.5738636363636364 0.5099431818181818 0.6505681818181818 0.5767045454545454 0.6505681818181818
44 0.3224431818181819 0.40767045454545453 0.28125000000000006 0.40767045454545453 0.28125000000000006 0.42045454545454547 0.3224431818181819 0.42045454545454547
44 0.5170454545454546 0.4943181818181818 0.4758522727272727 0.4943181818181818 0.4758522727272727 0.5056818181818182 0.5170454545454546 0.5056818181818182
19 0.4190340909090909 0.4161931818181818 0.40482954545454547 0.4161931818181818 0.40482954545454547 0.42613636363636365 0.4190340909090909 0.42613636363636365
44 0.5426136363636364 0.4303977272727273 0.5227272727272727 0.4303977272727273 0.5227272727272727 0.4502840909090909 0.5426136363636364 0.4502840909090909
44 0.3011363636363637 0.6818181818181818 0.2713068181818183 0.6818181818181818 0.2713068181818183 0.6946022727272727 0.3011363636363637 0.6946022727272727
19 0.5625 0.4090909090909091 0.5497159090909091 0.4090909090909091 0.5497159090909091 0.4190340909090909 0.5625 0.4190340909090909
43 0.28409090909090917 0.421875 0.2698863636363637 0.421875 0.2698863636363637 0.4303977272727273 0.28409090909090917 0.4303977272727273
19 0.5823863636363638 0.6889204545454546 0.5681818181818183 0.6889204545454546 0.5681818181818183 0.7002840909090909 0.5823863636363638 0.7002840909090909
19 0.4289772727272727 0.5340909090909091 0.41761363636363635 0.5340909090909091 0.41761363636363635 0.5426136363636364 0.4289772727272727 0.5426136363636364
43 0.27414772727272735 0.6946022727272727 0.2599431818181819 0.6946022727272727 0.2599431818181819 0.703125 0.27414772727272735 0.703125
43 0.31250000000000006 0.609375 0.29687500000000006 0.609375 0.29687500000000006 0.6193181818181818 0.31250000000000006 0.6193181818181818
43 0.7670454545454546 0.684659090909091 0.7514204545454546 0.684659090909091 0.7514204545454546 0.6946022727272729 0.7670454545454546 0.6946022727272729
43 0.6946022727272727 0.400568181818182 0.6789772727272727 0.400568181818182 0.6789772727272727 0.4105113636363638 0.6946022727272727 0.4105113636363638
19 0.5710227272727273 0.53125 0.5582386363636364 0.53125 0.5582386363636364 0.5397727272727273 0.5710227272727273 0.5397727272727273
8 0.45454545454545453 0.47301136363636365 0.37642045454545453 0.47301136363636365 0.37642045454545453 0.5056818181818182 0.45454545454545453 0.5056818181818182
37 0.6036931818181818 0.48295454545454547 0.5198863636363636 0.48295454545454547 0.5198863636363636 0.515625 0.6036931818181818 0.515625