43 0.4872159090909092 0.90625 0.45880681818181834 0.90625 0.45880681818181834 0.9318181818181818 0.4872159090909092 0.9318181818181818
43 0.3352272727272728 0.8920454545454546 0.3068181818181819 0.8920454545454546 0.3068181818181819 0.921875 0.3352272727272728 0.921875
43 0.16051136363636365 0.09517045454545454 0.12642045454545456 0.09517045454545454 0.12642045454545456 0.12215909090909091 0.16051136363636365 0.12215909090909091
46 0.45170454545454564 0.6946022727272727 0.34659090909090917 0.6946022727272727 0.34659090909090917 0.7485795454545454 0.45170454545454564 0.7485795454545454
47 0.37357954545454547 0.5539772727272727 0.29971590909090917 0.5539772727272727 0.29971590909090917 0.6051136363636364 0.37357954545454547 0.6051136363636364
43 0.421875 0.4744318181818182 0.3963068181818182 0.4744318181818182 0.3963068181818182 0.49573863636363635 0.421875 0.49573863636363635
4 0.43607954545454547 0.5071022727272727 0.3877840909090909 0.5071022727272727 0.3877840909090909 0.5298295454545454 0.43607954545454547 0.5298295454545454
4 0.43323863636363635 0.3352272727272728 0.3934659090909091 0.3352272727272728 0.3934659090909091 0.3877840909090909 0.43323863636363635 0.3877840909090909
4 0.4303977272727273 0.14914772727272732 0.39488636363636365 0.14914772727272732 0.39488636363636365 0.20880681818181826 0.4303977272727273 0.20880681818181826
4 0.5767045454545456 0.7684659090909091 0.5454545454545456 0.7684659090909091 0.5454545454545456 0.8110795454545454 0.5767045454545456 0.8110795454545454
4 0.29971590909090917 0.42045454545454547 0.2571022727272728 0.42045454545454547 0.2571022727272728 0.4446022727272727 0.29971590909090917 0.4446022727272727
2 0.42045454545454564 0.8082386363636364 0.3536931818181819 0.8082386363636364 0.3536931818181819 0.8622159090909091 0.42045454545454564 0.8622159090909091
37 0.6008522727272729 0.703125 0.5497159090909093 0.703125 0.5497159090909093 0.7230113636363636 0.6008522727272729 0.7230113636363636
37 0.5269886363636364 0.5653409090909091 0.4559659090909091 0.5653409090909091 0.4559659090909091 0.5852272727272727 0.5269886363636364 0.5852272727272727
37 0.231534090909091 0.48863636363636365 0.14914772727272732 0.48863636363636365 0.14914772727272732 0.5099431818181818 0.231534090909091 0.5099431818181818
37 0.29261363636363635 0.25426136363636365 0.26704545454545453 0.25426136363636365 0.26704545454545453 0.3096590909090909 0.29261363636363635 0.3096590909090909
37 0.43892045454545464 0.6434659090909091 0.35511363636363646 0.6434659090909091 0.35511363636363646 0.6690340909090909 0.4389204545454547 0.6690340909090909
19 0.33948863636363646 0.8181818181818182 0.3110795454545455 0.8181818181818182 0.3110795454545455 0.84375 0.33948863636363646 0.84375
19 0.48437500000000017 0.8252840909090909 0.4545454545454547 0.8252840909090909 0.4545454545454547 0.8451704545454546 0.48437500000000017 0.8451704545454546
19 0.6392045454545456 0.7017045454545454 0.6150568181818183 0.7017045454545454 0.6150568181818183 0.7244318181818182 0.6392045454545456 0.7244318181818182
19 0.14062500000000006 0.48579545454545453 0.11221590909090913 0.48579545454545453 0.11221590909090916 0.5071022727272727 0.14062500000000008 0.5071022727272727
19 0.6335227272727273 0.5596590909090909 0.6051136363636364 0.5596590909090909 0.6051136363636364 0.5823863636363636 0.6335227272727273 0.5823863636363636
19 0.42045454545454547 0.5610795454545454 0.3963068181818182 0.5610795454545454 0.3963068181818182 0.578125 0.42045454545454547 0.578125
19 0.2954545454545455 0.3409090909090909 0.2698863636363637 0.3409090909090909 0.2698863636363637 0.36363636363636365 0.2954545454545455 0.36363636363636365
19 0.2997159090909091 0.16335227272727276 0.2755681818181818 0.16335227272727276 0.2755681818181818 0.18323863636363635 0.2997159090909091 0.18323863636363635
19 0.6448863636363636 0.3536931818181819 0.6178977272727273 0.3536931818181819 0.6178977272727273 0.37926136363636365 0.6448863636363636 0.37926136363636365
19 0.5042613636363638 0.6903409090909091 0.4730113636363638 0.6903409090909091 0.4730113636363638 0.7144886363636364 0.5042613636363638 0.7144886363636364
19 0.2954545454545455 0.48579545454545453 0.26136363636363646 0.48579545454545453 0.26136363636363646 0.5142045454545454 0.2954545454545455 0.5142045454545454
13 0.703125 0.5482954545454546 0.6434659090909091 0.5482954545454546 0.6434659090909091 0.5937500000000001 0.703125 0.5937500000000001
44 0.41193181818181834 0.90625 0.3821022727272729 0.90625 0.3821022727272729 0.9857954545454546 0.41193181818181834 0.9857954545454546
44 0.603693181818182 0.828125 0.5539772727272729 0.828125 0.5539772727272729 0.8565340909090909 0.603693181818182 0.8565340909090909
44 0.43892045454545453 0.6079545454545454 0.3963068181818182 0.6079545454545454 0.3963068181818182 0.6420454545454546 0.43892045454545453 0.6420454545454546
43 0.3053977272727273 0.08948863636363641 0.2713068181818182 0.08948863636363641 0.2713068181818182 0.11647727272727276 0.3053977272727273 0.11647727272727276
44 0.6008522727272729 0.6633522727272727 0.5667613636363638 0.6633522727272727 0.5667613636363638 0.6946022727272727 0.6008522727272729 0.6946022727272727
44 0.5625 0.5909090909090909 0.5255681818181818 0.5909090909090909 0.5255681818181818 0.625 0.5625 0.625
44 0.3849431818181818 0.5 0.3494318181818183 0.5 0.3494318181818183 0.5255681818181818 0.3849431818181818 0.5255681818181818
44 0.5582386363636364 0.3849431818181818 0.484375 0.3849431818181818 0.484375 0.5184659090909091 0.5582386363636364 0.5184659090909091
44 0.48295454545454547 0.3196022727272728 0.4460227272727273 0.3196022727272728 0.4460227272727273 0.3480113636363637 0.48295454545454547 0.3480113636363637
44 0.215909090909091 0.453125 0.17329545454545459 0.453125 0.17329545454545459 0.4815340909090909 0.215909090909091 0.4815340909090909
44 0.25284090909090917 0.40482954545454547 0.22301136363636373 0.40482954545454547 0.22301136363636373 0.4303977272727273 0.25284090909090917 0.4303977272727273
44 0.26420454545454547 0.2684659090909091 0.22727272727272727 0.2684659090909091 0.22727272727272727 0.3039772727272727 0.26420454545454547 0.3039772727272727
44 0.15056818181818182 0.0213068181818182 0.10795454545454546 0.021306818181818198 0.10795454545454546 0.06534090909090912 0.15056818181818182 0.06534090909090912
44 0.4744318181818182 0.11931818181818186 0.43892045454545453 0.11931818181818186 0.43892045454545453 0.14488636363636367 0.4744318181818182 0.14488636363636367
44 0.34375 0.025568181818181854 0.28551136363636365 0.025568181818181848 0.28551136363636365 0.07386363636363641 0.34375 0.07386363636363641
19 0.6534090909090909 0.169034090909091 0.625 0.169034090909091 0.625 0.19176136363636373 0.6534090909090909 0.19176136363636373
19 0.13210227272727282 0.6335227272727273 0.10937500000000008 0.6335227272727273 0.10937500000000008 0.6519886363636364 0.13210227272727282 0.6519886363636364
19 0.5312500000000001 0.7798295454545454 0.5056818181818183 0.7798295454545454 0.5056818181818183 0.7997159090909091 0.5312500000000001 0.7997159090909091
19 0.634943181818182 0.7769886363636364 0.6122159090909093 0.7769886363636364 0.6122159090909093 0.7954545454545454 0.634943181818182 0.7954545454545454
19 0.3352272727272728 0.7400568181818182 0.3181818181818183 0.7400568181818182 0.3181818181818183 0.7514204545454546 0.3352272727272728 0.7514204545454546
19 0.33664772727272735 0.703125 0.3224431818181819 0.703125 0.3224431818181819 0.7173295454545454 0.33664772727272735 0.7173295454545454
19 0.4886363636363638 0.734375 0.4715909090909092 0.734375 0.4715909090909092 0.7457386363636364 0.4886363636363638 0.7457386363636364
19 0.497159090909091 0.6491477272727273 0.4815340909090909 0.6491477272727273 0.481534090909091 0.6619318181818182 0.49715909090909105 0.6619318181818182
19 0.28267045454545464 0.5568181818181818 0.26846590909090917 0.5568181818181818 0.26846590909090917 0.5696022727272727 0.28267045454545464 0.5696022727272727
19 0.34517045454545464 0.6491477272727273 0.33096590909090917 0.6491477272727273 0.33096590909090917 0.6605113636363636 0.34517045454545464 0.6605113636363636
19 0.5213068181818183 0.7201704545454546 0.5042613636363638 0.7201704545454546 0.5042613636363638 0.7315340909090909 0.5213068181818183 0.7315340909090909
14 0.4488636363636365 0.7272727272727273 0.3636363636363638 0.7272727272727273 0.3636363636363638 0.7471590909090909 0.4488636363636365 0.7471590909090909
14 0.4446022727272729 0.6946022727272727 0.3480113636363637 0.6946022727272727 0.3480113636363637 0.7173295454545454 0.4446022727272729 0.7173295454545454