43 0.9559659090909091 0.3380681818181819 0.9332386363636364 0.3380681818181819 0.9332386363636364 0.37500000000000017 0.9559659090909091 0.37500000000000017
43 0.9758522727272727 0.6051136363636366 0.953125 0.6051136363636366 0.953125 0.6420454545454547 0.9758522727272727 0.6420454545454547
43 0.10085227272727272 0.10227272727272728 0.07954545454545457 0.10227272727272728 0.07954545454545457 0.1377840909090909 0.10085227272727272 0.1377840909090909
43 0.4318181818181818 0.4659090909090909 0.4090909090909091 0.4659090909090909 0.4090909090909091 0.5014204545454546 0.4318181818181818 0.5014204545454546
2 0.8806818181818182 0.4133522727272729 0.8153409090909091 0.4133522727272729 0.8153409090909091 0.5269886363636366 0.8806818181818182 0.5269886363636366
4 0.8125 0.7443181818181818 0.7556818181818182 0.7443181818181818 0.7556818181818182 0.7982954545454546 0.8125 0.7982954545454546
4 0.46732954545454547 0.4616477272727273 0.4474431818181818 0.4616477272727273 0.4474431818181818 0.5127840909090909 0.46732954545454547 0.5127840909090909
4 0.38920454545454547 0.26562500000000006 0.3664772727272727 0.26562500000000006 0.3664772727272727 0.3181818181818183 0.38920454545454547 0.3181818181818183
4 0.3181818181818183 0.4559659090909091 0.2713068181818183 0.4559659090909091 0.2713068181818183 0.5014204545454546 0.3181818181818183 0.5014204545454546
4 0.14914772727272732 0.4502840909090909 0.08948863636363642 0.4502840909090909 0.08948863636363642 0.5014204545454546 0.14914772727272735 0.5014204545454546
46 0.7301136363636364 0.39630681818181834 0.6647727272727273 0.39630681818181834 0.6647727272727273 0.5639204545454547 0.7301136363636364 0.5639204545454547
47 0.5596590909090909 0.325284090909091 0.5042613636363636 0.325284090909091 0.5042613636363636 0.4346590909090909 0.5596590909090909 0.4346590909090909
37 0.6917613636363638 0.7372159090909091 0.6676136363636366 0.7372159090909091 0.6676136363636366 0.8252840909090909 0.6917613636363638 0.8252840909090909
37 0.6292613636363636 0.4133522727272727 0.6065340909090909 0.4133522727272727 0.6065340909090909 0.5340909090909091 0.6292613636363636 0.5340909090909091
37 0.5284090909090909 0.5681818181818182 0.5028409090909091 0.5681818181818182 0.5028409090909092 0.6704545454545454 0.528409090909091 0.6704545454545454
37 0.46448863636363635 0.09659090909090913 0.44176136363636365 0.09659090909090913 0.44176136363636365 0.22727272727272735 0.46448863636363635 0.22727272727272735
37 0.2528409090909091 0.2755681818181818 0.203125 0.2755681818181818 0.203125 0.3068181818181818 0.2528409090909091 0.3068181818181818
19 0.859375 0.34375000000000006 0.8338068181818182 0.34375000000000006 0.8338068181818182 0.38068181818181834 0.859375 0.38068181818181834
19 0.859375 0.5937500000000001 0.8394886363636364 0.5937500000000001 0.8394886363636364 0.6278409090909093 0.859375 0.6278409090909093
19 0.6846590909090909 0.6107954545454547 0.6619318181818182 0.6107954545454547 0.6619318181818182 0.6448863636363638 0.6846590909090909 0.6448863636363638
19 0.6889204545454547 0.8508522727272727 0.666193181818182 0.8508522727272727 0.666193181818182 0.8920454545454546 0.6889204545454547 0.8920454545454546
19 0.5142045454545456 0.8110795454545454 0.4914772727272729 0.8110795454545454 0.4914772727272729 0.8480113636363636 0.5142045454545456 0.8480113636363636
19 0.5255681818181818 0.47301136363636365 0.5085227272727273 0.47301136363636365 0.5085227272727273 0.5014204545454546 0.5255681818181818 0.5014204545454546
19 0.46448863636363635 0.06250000000000006 0.4431818181818182 0.06250000000000006 0.4431818181818182 0.09090909090909095 0.46448863636363635 0.09090909090909095
19 0.4602272727272727 0.2727272727272728 0.4403409090909091 0.2727272727272728 0.4403409090909091 0.3039772727272728 0.4602272727272727 0.3039772727272728
19 0.3053977272727273 0.28551136363636365 0.2883522727272727 0.28551136363636365 0.2883522727272727 0.31676136363636365 0.3053977272727273 0.31676136363636365
19 0.28267045454545464 0.7954545454545454 0.262784090909091 0.7954545454545454 0.262784090909091 0.8295454545454546 0.28267045454545464 0.8295454545454546
19 0.1392045454545455 0.2883522727272727 0.1178977272727273 0.2883522727272727 0.1178977272727273 0.3181818181818182 0.1392045454545455 0.3181818181818182
13 0.5269886363636366 0.8764204545454546 0.4730113636363638 0.8764204545454546 0.4730113636363638 0.9758522727272727 0.5269886363636366 0.9758522727272727
43 0.07954545454545459 0.2897727272727273 0.0582386363636364 0.2897727272727273 0.0582386363636364 0.3252840909090909 0.07954545454545459 0.3252840909090909
44 0.9872159090909091 0.46875000000000017 0.9502840909090909 0.46875000000000017 0.9502840909090909 0.5170454545454547 0.9872159090909091 0.5170454545454547
44 0.8806818181818182 0.7713068181818182 0.8309659090909091 0.7713068181818182 0.8309659090909091 0.8522727272727273 0.8806818181818182 0.8522727272727273
44 0.6562500000000001 0.7599431818181818 0.6150568181818183 0.7599431818181818 0.6150568181818183 0.8196022727272727 0.6562500000000001 0.8196022727272727
44 0.5994318181818182 0.4758522727272727 0.5568181818181818 0.4758522727272727 0.5568181818181818 0.5397727272727273 0.5994318181818182 0.5397727272727273
44 0.572443181818182 0.6818181818181818 0.5298295454545456 0.6818181818181818 0.5298295454545456 0.7400568181818182 0.572443181818182 0.7400568181818182
44 0.44886363636363646 0.5909090909090909 0.3011363636363637 0.5909090909090909 0.3011363636363637 0.71875 0.4488636363636365 0.71875
44 0.46732954545454547 0.3963068181818182 0.43892045454545453 0.3963068181818182 0.43892045454545453 0.4502840909090909 0.46732954545454547 0.4502840909090909
44 0.4346590909090909 0.14346590909090914 0.3991477272727273 0.14346590909090914 0.3991477272727273 0.20312500000000008 0.4346590909090909 0.20312500000000008
44 0.3778409090909091 0.21448863636363644 0.3494318181818182 0.21448863636363644 0.3494318181818182 0.2599431818181819 0.3778409090909091 0.2599431818181819
44 0.2528409090909091 0.22443181818181818 0.21875 0.22443181818181818 0.21875 0.2727272727272727 0.2528409090909091 0.2727272727272727
44 0.2727272727272728 0.53125 0.2443181818181819 0.53125 0.2443181818181819 0.5838068181818182 0.2727272727272728 0.5838068181818182
44 0.08380681818181825 0.5099431818181818 0.05823863636363642 0.5099431818181818 0.05823863636363642 0.5582386363636364 0.08380681818181825 0.5582386363636364
44 0.03835227272727277 0.3039772727272727 0.0014204545454545826 0.3039772727272727 0.0014204545454545871 0.375 0.038352272727272776 0.375
44 0.05965909090909092 0.07528409090909091 0.018465909090909102 0.07528409090909091 0.018465909090909102 0.12642045454545456 0.05965909090909093 0.12642045454545456
19 0.09801136363636372 0.7855113636363636 0.08380681818181829 0.7855113636363636 0.08380681818181829 0.8139204545454546 0.09801136363636372 0.8139204545454546
19 0.5213068181818182 0.2755681818181819 0.5099431818181818 0.2755681818181819 0.5099431818181818 0.29829545454545464 0.5213068181818182 0.29829545454545464
19 0.6235795454545454 0.04119318181818189 0.6122159090909091 0.041193181818181886 0.6122159090909091 0.058238636363636444 0.6235795454545454 0.058238636363636444
19 0.6235795454545454 0.3693181818181818 0.6122159090909091 0.3693181818181818 0.6122159090909091 0.38920454545454547 0.6235795454545454 0.38920454545454547
19 0.6889204545454546 0.3636363636363638 0.6775568181818182 0.3636363636363638 0.6775568181818182 0.38352272727272746 0.6889204545454546 0.38352272727272746
19 0.6178977272727273 0.6136363636363636 0.6036931818181818 0.6136363636363636 0.6036931818181818 0.6363636363636364 0.6178977272727273 0.6363636363636364
19 0.7883522727272727 0.8707386363636364 0.7713068181818182 0.8707386363636364 0.7713068181818182 0.8991477272727273 0.7883522727272727 0.8991477272727273
19 0.7911931818181818 0.6789772727272729 0.7769886363636364 0.6789772727272729 0.7769886363636364 0.7073863636363638 0.7911931818181818 0.7073863636363638
19 0.7045454545454546 0.6590909090909093 0.6917613636363636 0.6590909090909093 0.6917613636363638 0.6832386363636366 0.7045454545454547 0.6832386363636366
19 0.7272727272727273 0.6008522727272729 0.7130681818181818 0.6008522727272729 0.7130681818181818 0.6292613636363638 0.7272727272727273 0.6292613636363638
19 0.7372159090909091 0.3536931818181819 0.7230113636363636 0.3536931818181819 0.7230113636363636 0.3764204545454547 0.7372159090909091 0.3764204545454547
14 0.7286931818181818 0.4289772727272729 0.7088068181818182 0.4289772727272729 0.7088068181818182 0.5610795454545456 0.7286931818181818 0.5610795454545456
14 0.6931818181818182 0.39914772727272746 0.6647727272727273 0.39914772727272746 0.6647727272727273 0.5582386363636366 0.6931818181818182 0.5582386363636366