43 0.9673295454545454 0.5340909090909093 0.9474431818181818 0.5340909090909093 0.9474431818181818 0.5653409090909093 0.9673295454545454 0.5653409090909093
43 0.9943181818181818 0.33806818181818193 0.9715909090909091 0.3380681818181819 0.9715909090909091 0.37357954545454564 0.9943181818181818 0.37357954545454564
43 0.5696022727272727 0.4872159090909091 0.5482954545454546 0.4872159090909091 0.5482954545454546 0.5213068181818182 0.5696022727272727 0.5213068181818182
43 0.1562500000000001 0.9318181818181818 0.1278409090909092 0.9318181818181818 0.1278409090909092 0.9744318181818182 0.1562500000000001 0.9744318181818182
2 0.9303977272727273 0.431818181818182 0.8821022727272727 0.431818181818182 0.8821022727272727 0.5170454545454547 0.9303977272727273 0.5170454545454547
46 0.8295454545454546 0.4090909090909092 0.7755681818181818 0.4090909090909092 0.7755681818181818 0.5482954545454547 0.8295454545454546 0.5482954545454547
4 0.8991477272727273 0.22301136363636373 0.859375 0.22301136363636373 0.859375 0.26846590909090917 0.8991477272727273 0.26846590909090917
4 0.6065340909090909 0.4715909090909091 0.5866477272727273 0.4715909090909091 0.5866477272727273 0.5198863636363636 0.6065340909090909 0.5198863636363636
4 0.5156250000000001 0.6676136363636364 0.49289772727272746 0.6676136363636364 0.49289772727272746 0.7159090909090909 0.5156250000000001 0.7159090909090909
4 0.45170454545454547 0.5028409090909091 0.3977272727272727 0.5028409090909091 0.3977272727272727 0.5454545454545454 0.45170454545454547 0.5454545454545454
4 0.23721590909090917 0.5213068181818182 0.16051136363636373 0.5213068181818182 0.16051136363636373 0.578125 0.23721590909090917 0.578125
37 0.8139204545454546 0.19886363636363644 0.7911931818181818 0.19886363636363644 0.7911931818181818 0.2698863636363637 0.8139204545454546 0.2698863636363637
37 0.7514204545454546 0.44318181818181834 0.7286931818181818 0.44318181818181834 0.7286931818181818 0.5369318181818183 0.7514204545454546 0.5369318181818183
37 0.6676136363636364 0.32812500000000006 0.6477272727272727 0.32812500000000006 0.6477272727272727 0.4204545454545455 0.6676136363636364 0.42045454545454564
37 0.5838068181818183 0.734375 0.5639204545454547 0.734375 0.5639204545454547 0.8465909090909091 0.5838068181818183 0.8465909090909091
37 0.36505681818181834 0.7073863636363636 0.3025568181818183 0.7073863636363636 0.3025568181818183 0.7443181818181818 0.36505681818181834 0.7443181818181818
19 0.9105113636363636 0.544034090909091 0.890625 0.544034090909091 0.890625 0.572443181818182 0.9105113636363636 0.572443181818182
19 0.9232954545454546 0.35511363636363646 0.90625 0.35511363636363646 0.90625 0.38352272727272746 0.9232954545454546 0.38352272727272746
19 0.8025568181818182 0.340909090909091 0.7798295454545454 0.340909090909091 0.7798295454545454 0.37500000000000017 0.8025568181818182 0.37500000000000017
19 0.8153409090909091 0.14630681818181826 0.7982954545454546 0.14630681818181826 0.7982954545454546 0.17471590909090917 0.8153409090909091 0.17471590909090917
19 0.5823863636363638 0.8551136363636364 0.5625000000000001 0.8551136363636364 0.5625000000000001 0.8806818181818182 0.5823863636363638 0.8806818181818182
19 0.5866477272727274 0.6590909090909091 0.5639204545454546 0.6590909090909091 0.5639204545454546 0.6903409090909091 0.5866477272727274 0.6903409090909091
19 0.4232954545454547 0.6875 0.40625000000000017 0.6875 0.40625000000000017 0.7159090909090909 0.4232954545454547 0.7159090909090909
19 0.4318181818181818 0.17471590909090914 0.40625 0.17471590909090914 0.40625 0.20596590909090917 0.4318181818181818 0.20596590909090917
19 0.6690340909090909 0.169034090909091 0.6463068181818182 0.169034090909091 0.6463068181818182 0.19886363636363644 0.6690340909090909 0.19886363636363644
19 0.215909090909091 0.7272727272727273 0.1974431818181819 0.7272727272727273 0.1974431818181819 0.7627840909090909 0.215909090909091 0.7627840909090909
47 0.6860795454545454 0.5312500000000001 0.6335227272727273 0.53125 0.6335227272727273 0.6306818181818182 0.6860795454545454 0.6306818181818183
13 0.6818181818181818 0.04829545454545463 0.6335227272727273 0.04829545454545463 0.6335227272727273 0.13636363636363644 0.6818181818181818 0.13636363636363644
43 0.13068181818181826 0.7329545454545454 0.10227272727272735 0.7329545454545454 0.10227272727272735 0.7755681818181818 0.13068181818181826 0.7755681818181818
19 0.8877840909090909 0.14630681818181832 0.8764204545454546 0.14630681818181832 0.8764204545454546 0.16335227272727285 0.8877840909090909 0.16335227272727285
19 0.8806818181818182 0.2954545454545455 0.8693181818181818 0.2954545454545455 0.8693181818181818 0.31534090909090917 0.8806818181818182 0.31534090909090917
19 0.8167613636363636 0.3110795454545455 0.8068181818181818 0.3110795454545455 0.8068181818181818 0.33096590909090917 0.8167613636363636 0.33096590909090917
19 0.8309659090909091 0.356534090909091 0.8196022727272727 0.356534090909091 0.8196022727272727 0.3764204545454547 0.8309659090909091 0.3764204545454547
19 0.8238636363636364 0.559659090909091 0.8153409090909091 0.559659090909091 0.8153409090909091 0.5738636363636366 0.8238636363636364 0.5738636363636366
19 0.7883522727272727 0.559659090909091 0.7798295454545454 0.559659090909091 0.7798295454545454 0.5738636363636366 0.7883522727272727 0.5738636363636366
19 0.7457386363636364 0.356534090909091 0.7372159090909091 0.356534090909091 0.7372159090909091 0.37357954545454564 0.7457386363636364 0.37357954545454564
19 0.7357954545454546 0.5625000000000001 0.7272727272727273 0.5625000000000001 0.7272727272727273 0.5781250000000001 0.7357954545454546 0.5781250000000001
19 0.6590909090909091 0.4772727272727273 0.6448863636363636 0.4772727272727273 0.6448863636363636 0.5 0.6590909090909091 0.5
19 0.7215909090909093 0.8309659090909091 0.7102272727272729 0.8309659090909091 0.7102272727272729 0.8522727272727273 0.7215909090909093 0.8522727272727273
19 0.6434659090909092 0.6590909090909091 0.6335227272727273 0.6590909090909091 0.6335227272727274 0.6761363636363636 0.6434659090909093 0.6761363636363636
19 0.18607954545454544 0.16903409090909094 0.16335227272727276 0.1690340909090909 0.16335227272727276 0.21164772727272727 0.18607954545454544 0.21164772727272727
44 0.6022727272727273 0.28409090909090917 0.4403409090909091 0.28409090909090917 0.4403409090909091 0.40767045454545453 0.6022727272727273 0.40767045454545453
44 0.7116477272727273 0.262784090909091 0.6747159090909091 0.262784090909091 0.6747159090909091 0.3167613636363637 0.7116477272727273 0.3167613636363637
44 0.7869318181818182 0.19886363636363644 0.7528409090909091 0.19886363636363644 0.7528409090909091 0.25142045454545464 0.7869318181818182 0.25142045454545464
44 0.9431818181818182 0.18750000000000008 0.9147727272727273 0.18750000000000008 0.9147727272727273 0.247159090909091 0.9431818181818182 0.247159090909091
44 0.7244318181818182 0.43750000000000017 0.6903409090909091 0.43750000000000017 0.6903409090909091 0.4914772727272729 0.7244318181818182 0.4914772727272729
44 0.6022727272727273 0.53125 0.5752840909090909 0.53125 0.5752840909090909 0.5795454545454546 0.6022727272727273 0.5795454545454546
44 0.9943181818181818 0.4261363636363638 0.96875 0.4261363636363638 0.96875 0.463068181818182 0.9943181818181818 0.463068181818182
44 0.40198863636363635 0.42045454545454547 0.3693181818181818 0.42045454545454547 0.3693181818181818 0.4744318181818182 0.40198863636363635 0.4744318181818182
44 0.15198863636363644 0.46875 0.11505681818181822 0.46875 0.11505681818181825 0.5255681818181818 0.15198863636363644 0.5255681818181818
44 0.075284090909091 0.6875 0.012784090909090995 0.6875 0.012784090909091 0.7727272727272727 0.07528409090909101 0.7727272727272727
44 0.3636363636363638 0.7457386363636364 0.32102272727272735 0.7457386363636364 0.32102272727272735 0.7911931818181818 0.3636363636363638 0.7911931818181818
44 0.5042613636363638 0.7244318181818182 0.46875000000000017 0.7244318181818182 0.46875000000000017 0.7698863636363636 0.5042613636363638 0.7698863636363636
44 0.556818181818182 0.7627840909090909 0.5213068181818183 0.7627840909090909 0.5213068181818183 0.8153409090909091 0.556818181818182 0.8153409090909091
44 0.09375000000000012 0.9673295454545454 0.03267045454545467 0.9673295454545454 0.03267045454545467 1 0.09375000000000012 1
14 0.828125 0.4105113636363638 0.8082386363636364 0.4105113636363638 0.8082386363636364 0.5213068181818183 0.828125 0.5213068181818183
14 0.796875 0.416193181818182 0.7769886363636364 0.416193181818182 0.7769886363636364 0.5468750000000001 0.796875 0.5468750000000001