42 0.78125 0.4090909090909092 0.7230113636363636 0.4090909090909092 0.7230113636363636 0.494318181818182 0.78125 0.494318181818182
5 0.1349431818181819 0.7471590909090909 0.07670454545454555 0.7471590909090909 0.07670454545454555 0.8366477272727273 0.13494318181818193 0.8366477272727273
53 0.12073863636363641 0.17045454545454544 0.012784090909090929 0.17045454545454544 0.012784090909090938 0.2713068181818182 0.12073863636363641 0.2713068181818182
4 0.78125 0.6250000000000001 0.7159090909090909 0.6250000000000001 0.7159090909090909 0.6761363636363638 0.78125 0.6761363636363638
8 0.2897727272727273 0.2471590909090909 0.22585227272727273 0.2471590909090909 0.22585227272727273 0.3153409090909091 0.2897727272727273 0.3153409090909091
8 0.29687500000000006 0.4247159090909091 0.2286931818181819 0.4247159090909091 0.2286931818181819 0.5184659090909091 0.29687500000000006 0.5184659090909091
8 0.46875 0.48295454545454547 0.4034090909090909 0.48295454545454547 0.4034090909090909 0.5610795454545454 0.46875 0.5610795454545454
8 0.4900568181818182 0.26562500000000006 0.4247159090909091 0.26562500000000006 0.4247159090909091 0.3380681818181819 0.4900568181818182 0.3380681818181819
9 0.9715909090909091 0.5781250000000001 0.8877840909090909 0.5781250000000001 0.8877840909090909 0.6562500000000001 0.9715909090909091 0.6562500000000001
19 0.3636363636363638 0.7798295454545454 0.34375000000000006 0.7798295454545454 0.34375000000000006 0.8025568181818182 0.3636363636363638 0.8025568181818182
19 0.3678977272727273 0.5994318181818182 0.34659090909090917 0.5994318181818182 0.34659090909090917 0.6278409090909091 0.3678977272727273 0.6278409090909091
19 0.5284090909090909 0.3778409090909091 0.5099431818181818 0.3778409090909091 0.5099431818181818 0.40482954545454547 0.5284090909090909 0.40482954545454547
19 0.37926136363636365 0.19318181818181826 0.36079545454545453 0.19318181818181826 0.36079545454545453 0.215909090909091 0.37926136363636365 0.215909090909091
19 0.20880681818181823 0.32954545454545453 0.1875 0.32954545454545453 0.18750000000000003 0.36079545454545453 0.20880681818181826 0.36079545454545453
19 0.14346590909090914 0.3210227272727273 0.12073863636363641 0.3210227272727273 0.12073863636363641 0.34801136363636365 0.14346590909090914 0.34801136363636365
19 0.05113636363636374 0.765625 0.01704545454545464 0.765625 0.017045454545454645 0.8068181818181818 0.05113636363636374 0.8068181818181818
19 0.10085227272727272 0.001420454545454556 0.06818181818181818 0.0014204545454545537 0.06818181818181818 0.04545454545454546 0.10085227272727272 0.04545454545454548
19 0.3806818181818182 0.0710227272727273 0.3508522727272727 0.0710227272727273 0.3508522727272727 0.1178977272727273 0.3806818181818182 0.1178977272727273
19 0.14204545454545467 0.9417613636363636 0.10511363636363648 0.9417613636363636 0.10511363636363648 0.9815340909090909 0.14204545454545467 0.9815340909090909
19 0.7883522727272727 0.9119318181818182 0.765625 0.9119318181818182 0.765625 0.9389204545454546 0.7883522727272727 0.9389204545454546
19 0.9701704545454546 0.8963068181818182 0.9488636363636364 0.8963068181818182 0.9488636363636364 0.921875 0.9701704545454546 0.921875
19 0.90625 0.48153409090909105 0.8821022727272727 0.48153409090909105 0.8821022727272727 0.509943181818182 0.90625 0.509943181818182