8 0.31897794075054253 0.29048645679842783 0.2802657485795454 0.24852362215909088 0.24893544561309372 0.27742692956520854 0.28764763778409086 0.3193897642045455
8 0.31252740003016766 0.367480646637353 0.2851870085227273 0.3472769019886365 0.2553859863334689 0.3876046544990107 0.28272637784090915 0.4078083991477273
8 0.40322147886530746 0.3989201090258787 0.36224085727824673 0.3577260458927968 0.3272526454583939 0.3925329709578272 0.36823326704545456 0.4337270340909091
8 0.4088210283783807 0.2783040482655755 0.37856791335227274 0.25262467187500004 0.32949097872389205 0.3104426704844246 0.35974409375 0.336122046875
9 0.8652131878463937 0.44431493911127545 0.7368921347418017 0.4395029041017489 0.7338186405689541 0.5214628250478438 0.862139693673546 0.5262748600573703
42 0.696875 0.31287878693181825 0.61125 0.31287878693181825 0.61125 0.40000000000000013 0.696875 0.4000000000000002
4 0.6476925166999643 0.5008105309533621 0.644245433832038 0.45796035035116883 0.57634228125 0.4634228196022727 0.5797893641179264 0.5062730002044661
5 0.23618846384071998 0.5574492087733709 0.22560506341991837 0.48580773021156604 0.18274038038829857 0.49214001303907645 0.1933237808091002 0.5637814916008813
53 0.18125000000000002 0.25 0.10187500000000003 0.25 0.10187500000000003 0.3366666661931818 0.18125000000000002 0.3366666661931818
44 0.5796979872159091 0.47192393749999995 0.48181460085227273 0.47192393749999995 0.48181460085227273 0.5241666661931818 0.5796979872159091 0.5241666661931818
44 0.539375 0.22083333380681827 0.421875 0.22083333380681827 0.421875 0.3041666661931819 0.539375 0.3041666661931819
44 0.80875 0.3233333338068183 0.723125 0.3233333338068183 0.723125 0.35833333380681825 0.80875 0.35833333380681825
44 0.958125 0.45333333380681834 0.9043749999999999 0.45333333380681834 0.9043749999999999 0.484166666193182 0.958125 0.484166666193182
19 0.2387500000000001 0.6033333338068182 0.22125000000000006 0.6033333338068182 0.22125000000000006 0.6225 0.2387500000000001 0.6225
19 0.1456250000000001 0.5083333338068182 0.12937500000000007 0.5083333338068182 0.12937500000000007 0.5283333338068181 0.1456250000000001 0.5283333338068181
19 0.3443750000000001 0.5033333338068182 0.3243750000000001 0.5033333338068182 0.3243750000000001 0.5266666661931818 0.3443750000000001 0.5266666661931818
19 0.2248611107954546 0.321296296875 0.20736111079545455 0.321296296875 0.2073611107954546 0.341296296875 0.22486111079545462 0.341296296875
19 0.149375 0.1558333338068182 0.134375 0.1558333338068182 0.13437500000000002 0.1725 0.14937500000000004 0.1725
19 0.330625 0.14916666619318186 0.311875 0.14916666619318186 0.311875 0.16916666619318185 0.330625 0.16916666619318185
19 0.61625 0.6008333338068182 0.599375 0.6008333338068182 0.599375 0.62 0.61625 0.62
19 0.7793749999999999 0.5983333338068184 0.764375 0.5983333338068184 0.764375 0.6183333338068183 0.7793749999999999 0.6183333338068183
19 0.7825 0.3875000000000002 0.766875 0.3875000000000002 0.766875 0.4050000000000002 0.7825 0.4050000000000002
19 0.3368750000000001 0.4216666661931818 0.3212500000000001 0.4216666661931818 0.3212500000000001 0.43833333380681816 0.3368750000000001 0.43833333380681816
19 0.4180577291912549 0.3403060267794872 0.4075219262044156 0.33098891821184373 0.3974016970131606 0.34243289143235656 0.4079374999999999 0.35175
19 0.3278472230113636 0.2333333338068182 0.313125 0.2333333338068182 0.313125 0.25064814772727273 0.3278472230113636 0.25064814772727273
19 0.2590573356577108 0.3202222562072488 0.24750000000000003 0.32 0.24708364187725423 0.3416506465126527 0.25864097753496496 0.3418729027199015