55 0.1761363636363637 0.4474431818181818 0.08096590909090916 0.4474431818181818 0.08096590909090916 0.5071022727272727 0.17613636363636373 0.5071022727272727
4 0.2755681818181819 0.3664772727272727 0.22727272727272735 0.3664772727272727 0.22727272727272735 0.4090909090909091 0.2755681818181819 0.4090909090909091
37 0.3934659090909091 0.4460227272727273 0.34375000000000006 0.4460227272727273 0.34375000000000006 0.5113636363636364 0.3934659090909091 0.5113636363636364
37 0.3934659090909091 0.28267045454545464 0.3465909090909091 0.28267045454545464 0.3465909090909091 0.3352272727272728 0.3934659090909091 0.3352272727272728
37 0.6122159090909091 0.2698863636363637 0.5696022727272727 0.2698863636363637 0.5696022727272727 0.32812500000000006 0.6122159090909091 0.32812500000000006
47 0.6221590909090909 0.36221590909090917 0.5440340909090909 0.36221590909090917 0.5440340909090909 0.4303977272727273 0.6221590909090909 0.4303977272727273
37 0.6491477272727273 0.4715909090909091 0.5994318181818182 0.4715909090909091 0.5994318181818182 0.5383522727272727 0.6491477272727273 0.5383522727272727
55 0.7713068181818182 0.25142045454545464 0.6875 0.25142045454545464 0.6875 0.3025568181818183 0.7713068181818182 0.3025568181818183
4 0.8380681818181818 0.4545454545454547 0.7599431818181818 0.4545454545454547 0.7599431818181818 0.48153409090909105 0.8380681818181818 0.48153409090909105
37 0.8224431818181818 0.509943181818182 0.7769886363636364 0.509943181818182 0.7769886363636364 0.559659090909091 0.8224431818181818 0.559659090909091
19 0.153409090909091 0.6235795454545454 0.12784090909090917 0.6235795454545454 0.12784090909090917 0.640625 0.153409090909091 0.640625
19 0.390625 0.6193181818181818 0.37073863636363635 0.6193181818181818 0.37073863636363635 0.6349431818181818 0.390625 0.6349431818181818
19 0.6519886363636364 0.6079545454545454 0.6321022727272727 0.6079545454545454 0.6321022727272727 0.6235795454545454 0.6519886363636364 0.6235795454545454
19 0.8309659090909091 0.5994318181818183 0.8153409090909091 0.5994318181818183 0.8153409090909091 0.6122159090909093 0.8309659090909091 0.6122159090909093
19 0.7940340909090909 0.4133522727272729 0.7798295454545454 0.4133522727272729 0.7798295454545454 0.4247159090909092 0.7940340909090909 0.4247159090909092
19 0.7272727272727273 0.2201704545454546 0.7116477272727273 0.2201704545454546 0.7116477272727273 0.2286931818181819 0.7272727272727273 0.2286931818181819
19 0.6022727272727273 0.215909090909091 0.5795454545454546 0.215909090909091 0.5795454545454546 0.231534090909091 0.6022727272727273 0.231534090909091
19 0.38636363636363635 0.21448863636363644 0.36363636363636365 0.21448863636363644 0.36363636363636365 0.23011363636363644 0.38636363636363635 0.23011363636363644
19 0.38636363636363635 0.37926136363636365 0.36221590909090917 0.37926136363636365 0.36221590909090917 0.3963068181818182 0.38636363636363635 0.3963068181818182
19 0.15625000000000003 0.37926136363636365 0.13778409090909094 0.37926136363636365 0.13778409090909094 0.3934659090909091 0.15625000000000003 0.3934659090909091
13 0.7627840909090909 0.3181818181818183 0.7201704545454546 0.3181818181818183 0.7201704545454546 0.340909090909091 0.7627840909090909 0.340909090909091
44 0.5127840909090909 0.46732954545454547 0.40198863636363635 0.46732954545454547 0.40198863636363635 0.4928977272727273 0.5127840909090909 0.4928977272727273
44 0.7585227272727273 0.4914772727272728 0.6448863636363636 0.4914772727272727 0.6448863636363636 0.5127840909090909 0.7585227272727273 0.512784090909091
44 0.9261363636363636 0.43039772727272746 0.8451704545454546 0.43039772727272746 0.8451704545454546 0.4644886363636365 0.9261363636363636 0.4644886363636365
44 0.9602272727272727 0.5142045454545456 0.8338068181818182 0.5142045454545456 0.8338068181818182 0.544034090909091 0.9602272727272727 0.544034090909091
44 0.7670454545454546 0.372159090909091 0.609375 0.3721590909090909 0.609375 0.3963068181818183 0.7670454545454546 0.39630681818181834
44 0.8267045454545454 0.262784090909091 0.7727272727272727 0.262784090909091 0.7727272727272727 0.28267045454545464 0.8267045454545454 0.28267045454545464
44 0.7002840909090909 0.2911931818181819 0.609375 0.2911931818181819 0.609375 0.31250000000000006 0.7002840909090909 0.31250000000000006
44 0.49857954545454547 0.29687500000000006 0.3991477272727273 0.29687500000000006 0.3991477272727273 0.3181818181818183 0.49857954545454547 0.3181818181818183
44 0.29261363636363646 0.33948863636363635 0.21022727272727282 0.33948863636363635 0.21022727272727282 0.3650568181818182 0.29261363636363646 0.3650568181818182