55 0.14346590909090914 0.3650568181818182 0.008522727272727319 0.3650568181818182 0.008522727272727322 0.4630681818181818 0.14346590909090914 0.4630681818181818
4 0.2698863636363637 0.27982954545454547 0.21448863636363635 0.27982954545454547 0.2144886363636364 0.3309659090909091 0.2698863636363637 0.3309659090909091
37 0.3835227272727273 0.375 0.32102272727272735 0.375 0.32102272727272735 0.45454545454545453 0.3835227272727273 0.45454545454545453
37 0.3991477272727273 0.13778409090909094 0.34801136363636365 0.13778409090909094 0.34801136363636365 0.19318181818181826 0.3991477272727273 0.19318181818181826
37 0.59375 0.14914772727272735 0.546875 0.14914772727272735 0.546875 0.19318181818181826 0.59375 0.19318181818181826
47 0.6065340909090909 0.26136363636363646 0.5071022727272727 0.26136363636363646 0.5071022727272727 0.34659090909090917 0.6065340909090909 0.34659090909090917
37 0.6122159090909091 0.3849431818181818 0.5625 0.3849431818181818 0.5625 0.45738636363636365 0.6122159090909091 0.45738636363636365
4 0.7869318181818182 0.36221590909090917 0.7088068181818182 0.36221590909090917 0.7088068181818182 0.38778409090909105 0.7869318181818182 0.38778409090909105
55 0.7897727272727273 0.13636363636363644 0.7088068181818182 0.13636363636363644 0.7088068181818182 0.2045454545454546 0.7897727272727273 0.2045454545454546
13 0.7755681818181818 0.231534090909091 0.7258522727272727 0.231534090909091 0.7258522727272727 0.2556818181818183 0.7755681818181818 0.2556818181818183
37 0.7684659090909091 0.4232954545454547 0.7173295454545454 0.4232954545454547 0.7173295454545454 0.4857954545454547 0.7684659090909091 0.4857954545454547
19 0.08380681818181825 0.5539772727272727 0.055397727272727335 0.5539772727272727 0.055397727272727335 0.5752840909090909 0.08380681818181825 0.5752840909090909
19 0.37926136363636365 0.5482954545454546 0.3579545454545455 0.5482954545454546 0.3579545454545455 0.5681818181818182 0.37926136363636365 0.5681818181818182
19 0.6079545454545454 0.5411931818181818 0.5880681818181818 0.5411931818181818 0.5880681818181818 0.5568181818181818 0.6079545454545454 0.5568181818181818
19 0.7599431818181818 0.5298295454545456 0.7414772727272727 0.5298295454545456 0.7414772727272727 0.5468750000000001 0.7599431818181818 0.5468750000000001
19 0.7585227272727273 0.32954545454545464 0.7428977272727273 0.32954545454545464 0.7428977272727273 0.33948863636363646 0.7585227272727273 0.33948863636363646
19 0.7556818181818182 0.106534090909091 0.7386363636363636 0.106534090909091 0.7386363636363636 0.11789772727272735 0.7556818181818182 0.11789772727272735
19 0.5866477272727273 0.10511363636363645 0.5696022727272727 0.10511363636363645 0.5696022727272727 0.11789772727272735 0.5866477272727273 0.11789772727272735
19 0.3977272727272727 0.10085227272727276 0.37642045454545453 0.10085227272727276 0.37642045454545453 0.11505681818181822 0.3977272727272727 0.11505681818181822
19 0.3821022727272727 0.3011363636363637 0.35795454545454547 0.3011363636363637 0.35795454545454547 0.3196022727272728 0.3821022727272727 0.3196022727272728
19 0.09375000000000004 0.29261363636363635 0.07386363636363641 0.29261363636363635 0.07386363636363641 0.30823863636363635 0.09375000000000004 0.30823863636363635
44 0.5213068181818182 0.15482954545454553 0.4005681818181818 0.1548295454545455 0.4005681818181818 0.1818181818181819 0.5213068181818182 0.1818181818181819
44 0.7102272727272727 0.16193181818181826 0.6051136363636364 0.16193181818181826 0.6051136363636364 0.18750000000000008 0.7102272727272727 0.18750000000000008
44 0.7698863636363636 0.28125000000000006 0.5965909090909091 0.28125000000000006 0.5965909090909091 0.309659090909091 0.7698863636363636 0.309659090909091
44 0.859375 0.15767045454545464 0.7997159090909091 0.1576704545454546 0.7997159090909091 0.1889204545454546 0.859375 0.1889204545454546
44 0.8806818181818182 0.3536931818181819 0.796875 0.3536931818181819 0.796875 0.3934659090909092 0.8806818181818182 0.3934659090909092
44 0.90625 0.44602272727272746 0.7784090909090909 0.44602272727272746 0.7784090909090909 0.478693181818182 0.90625 0.478693181818182
44 0.7230113636363636 0.4048295454545455 0.6136363636363636 0.40482954545454547 0.6136363636363636 0.43039772727272735 0.7230113636363636 0.43039772727272746
44 0.5142045454545454 0.4005681818181818 0.3877840909090909 0.4005681818181818 0.3877840909090909 0.43323863636363635 0.5142045454545454 0.43323863636363635
44 0.29545454545454547 0.2372159090909091 0.20170454545454544 0.2372159090909091 0.20170454545454544 0.2741477272727273 0.29545454545454547 0.2741477272727273