37 0.2627840909090909 0.21022727272727273 0.23011363636363635 0.21022727272727273 0.23011363636363635 0.28267045454545453 0.2627840909090909 0.28267045454545453
37 0.25284090909090917 0.4289772727272727 0.22585227272727282 0.4289772727272727 0.22585227272727282 0.5340909090909091 0.25284090909090917 0.5340909090909091
37 0.36221590909090917 0.35653409090909094 0.30539772727272735 0.3565340909090909 0.30539772727272735 0.3849431818181818 0.36221590909090917 0.3849431818181818
42 0.796875 0.17045454545454553 0.7485795454545454 0.17045454545454553 0.7485795454545454 0.2443181818181819 0.796875 0.2443181818181819
54 0.8338068181818182 0.356534090909091 0.7599431818181818 0.356534090909091 0.7599431818181818 0.43465909090909105 0.8338068181818182 0.43465909090909105
41 0.5482954545454546 0.1448863636363637 0.4872159090909091 0.14488636363636367 0.4872159090909091 0.24147727272727282 0.5482954545454546 0.24147727272727282
47 0.5369318181818182 0.31250000000000006 0.4559659090909091 0.31250000000000006 0.4559659090909091 0.42045454545454547 0.5369318181818182 0.42045454545454547
11 0.5625 0.5071022727272727 0.48295454545454547 0.5071022727272727 0.48295454545454547 0.5582386363636364 0.5625 0.5582386363636364
19 0.5355113636363636 0.6150568181818182 0.5127840909090909 0.6150568181818182 0.5127840909090909 0.6477272727272727 0.5355113636363636 0.6477272727272727
19 0.262784090909091 0.3494318181818182 0.2357954545454546 0.3494318181818182 0.2357954545454546 0.3835227272727273 0.262784090909091 0.3835227272727273
19 0.5028409090909091 0.07244318181818188 0.4786931818181818 0.07244318181818188 0.4786931818181818 0.10227272727272733 0.5028409090909091 0.10227272727272735
44 0.18323863636363635 0.2315340909090909 0.07244318181818184 0.2315340909090909 0.07244318181818185 0.2755681818181818 0.18323863636363635 0.2755681818181818
44 0.18607954545454553 0.4758522727272727 0.05823863636363642 0.4758522727272727 0.05823863636363642 0.5227272727272727 0.18607954545454553 0.5227272727272727
44 0.4119318181818182 0.4119318181818182 0.3025568181818183 0.4119318181818182 0.3025568181818183 0.4588068181818182 0.4119318181818182 0.4588068181818182
44 0.9289772727272727 0.36505681818181834 0.875 0.36505681818181834 0.875 0.4090909090909092 0.9289772727272727 0.4090909090909092
44 0.6633522727272727 0.5383522727272728 0.5866477272727273 0.5383522727272727 0.5866477272727273 0.5781250000000001 0.6633522727272727 0.5781250000000001
19 0.2443181818181819 0.6292613636363636 0.23011363636363644 0.6292613636363636 0.23011363636363644 0.6505681818181818 0.2443181818181819 0.6505681818181818
19 0.2556818181818182 0.0923295454545455 0.24147727272727273 0.0923295454545455 0.24147727272727273 0.11079545454545459 0.2556818181818182 0.11079545454545459
19 0.8181818181818182 0.6022727272727274 0.8011363636363636 0.6022727272727274 0.8011363636363636 0.6264204545454547 0.8181818181818182 0.6264204545454547
19 0.7727272727272727 0.0781250000000001 0.7556818181818182 0.0781250000000001 0.7556818181818182 0.09943181818181826 0.7727272727272727 0.09943181818181826