19 0.3508522727272727 0.21022727272727282 0.33238636363636365 0.21022727272727282 0.33238636363636365 0.2642045454545455 0.3508522727272727 0.2642045454545455
19 0.36221590909090917 0.7045454545454546 0.34517045454545464 0.7045454545454546 0.34517045454545464 0.7542613636363636 0.36221590909090917 0.7542613636363636
19 0.6150568181818182 0.2357954545454546 0.5980113636363636 0.2357954545454546 0.5980113636363636 0.2713068181818183 0.6150568181818182 0.2713068181818183
19 0.6576704545454547 0.6747159090909091 0.6406250000000001 0.6747159090909091 0.6406250000000001 0.7244318181818182 0.6576704545454547 0.7244318181818182
43 0.08096590909090912 0.20170454545454544 0.052556818181818205 0.20170454545454544 0.05255681818181821 0.2571022727272727 0.08096590909090913 0.2571022727272727
37 0.21448863636363635 0.19744318181818182 0.14346590909090914 0.19744318181818182 0.14346590909090914 0.24857954545454544 0.21448863636363635 0.24857954545454544
37 0.3551136363636364 0.3210227272727273 0.32386363636363635 0.3210227272727273 0.3238636363636364 0.47301136363636365 0.35511363636363646 0.47301136363636365
37 0.4758522727272727 0.20170454545454553 0.4005681818181818 0.20170454545454553 0.4005681818181818 0.2642045454545455 0.4758522727272727 0.2642045454545455
37 0.48579545454545453 0.47017045454545453 0.4318181818181818 0.47017045454545453 0.4318181818181818 0.5980113636363636 0.48579545454545453 0.5980113636363636
37 0.7258522727272727 0.21448863636363644 0.6647727272727273 0.21448863636363644 0.6647727272727273 0.2698863636363637 0.7258522727272727 0.2698863636363637
37 0.6278409090909091 0.3323863636363637 0.6022727272727273 0.3323863636363637 0.6022727272727273 0.46448863636363635 0.6278409090909091 0.46448863636363635
37 0.8366477272727273 0.340909090909091 0.8025568181818182 0.340909090909091 0.8025568181818182 0.4417613636363638 0.8366477272727273 0.4417613636363638
37 0.7443181818181818 0.34659090909090917 0.6789772727272727 0.34659090909090917 0.6789772727272727 0.4644886363636365 0.7443181818181818 0.4644886363636365
37 0.7769886363636364 0.6491477272727274 0.7073863636363636 0.6491477272727274 0.7073863636363638 0.7173295454545456 0.7769886363636364 0.7173295454545456
37 0.5468750000000001 0.6747159090909091 0.4715909090909092 0.6747159090909091 0.4715909090909092 0.7443181818181818 0.5468750000000001 0.7443181818181818
43 0.04119318181818191 0.7798295454545454 0.009943181818181913 0.7798295454545454 0.009943181818181919 0.8465909090909091 0.04119318181818192 0.8465909090909091
44 0.32954545454545464 0.4460227272727273 0.26704545454545464 0.4460227272727273 0.26704545454545464 0.5269886363636364 0.32954545454545464 0.5269886363636364
44 0.22869318181818182 0.07528409090909093 0.16051136363636365 0.07528409090909093 0.16051136363636365 0.12784090909090912 0.22869318181818182 0.12784090909090914
44 0.484375 0.1363636363636364 0.421875 0.1363636363636364 0.421875 0.18607954545454553 0.484375 0.18607954545454553
44 0.46732954545454547 0.43607954545454547 0.4133522727272727 0.43607954545454547 0.4133522727272727 0.5071022727272727 0.46732954545454547 0.5071022727272727
44 0.556818181818182 0.8096590909090909 0.478693181818182 0.8096590909090909 0.478693181818182 0.9034090909090909 0.556818181818182 0.9034090909090909
44 0.7443181818181818 0.11363636363636372 0.671875 0.11363636363636372 0.671875 0.169034090909091 0.7443181818181818 0.169034090909091
44 0.8039772727272727 0.38778409090909105 0.75 0.38778409090909105 0.75 0.4545454545454547 0.8039772727272727 0.4545454545454547
44 0.9346590909090909 0.356534090909091 0.875 0.356534090909091 0.875 0.42045454545454564 0.9346590909090909 0.42045454545454564
44 0.6207386363636364 0.47301136363636365 0.5696022727272727 0.47301136363636365 0.5696022727272727 0.5355113636363636 0.6207386363636364 0.5355113636363636
44 0.8210227272727273 0.7698863636363636 0.7514204545454546 0.7698863636363636 0.7514204545454546 0.8508522727272727 0.8210227272727273 0.8508522727272727
19 0.875 0.6619318181818183 0.8607954545454546 0.6619318181818183 0.8607954545454546 0.7017045454545456 0.875 0.7017045454545456
19 0.8082386363636364 0.22727272727272735 0.7940340909090909 0.22727272727272735 0.7940340909090909 0.26704545454545464 0.8082386363636364 0.26704545454545464