37 0.2755681818181818 0.1079545454545455 0.22017045454545456 0.1079545454545455 0.22017045454545456 0.13068181818181823 0.2755681818181818 0.13068181818181823
37 0.5 0.10085227272727279 0.45738636363636365 0.10085227272727276 0.45738636363636365 0.12215909090909097 0.5 0.122159090909091
37 0.4161931818181818 0.16051136363636367 0.38920454545454547 0.16051136363636367 0.38920454545454547 0.22585227272727282 0.4161931818181818 0.22585227272727282
37 0.5255681818181818 0.24289772727272735 0.46732954545454547 0.24289772727272735 0.46732954545454547 0.309659090909091 0.5255681818181818 0.309659090909091
37 0.5553977272727273 0.3536931818181819 0.5042613636363636 0.3536931818181819 0.5042613636363636 0.37926136363636365 0.5553977272727273 0.37926136363636365
37 0.6477272727272727 0.18323863636363644 0.6178977272727273 0.18323863636363644 0.6178977272727273 0.2599431818181819 0.6477272727272727 0.2599431818181819
37 0.7514204545454546 0.17187500000000008 0.6974431818181818 0.17187500000000008 0.6974431818181818 0.22585227272727282 0.7514204545454546 0.22585227272727282
37 0.7670454545454546 0.35227272727272735 0.71875 0.35227272727272735 0.71875 0.3792613636363638 0.7670454545454546 0.3792613636363638
37 0.7670454545454546 0.09375000000000008 0.7173295454545454 0.09375000000000008 0.7173295454545454 0.11789772727272735 0.7670454545454546 0.11789772727272735
37 0.8963068181818182 0.16051136363636376 0.875 0.16051136363636376 0.875 0.24289772727272735 0.8963068181818182 0.24289772727272735
43 0.15767045454545456 0.11363636363636363 0.1278409090909091 0.11363636363636363 0.1278409090909091 0.14772727272727273 0.15767045454545456 0.14772727272727273
19 0.4133522727272727 0.3664772727272727 0.3963068181818182 0.3664772727272727 0.3963068181818182 0.390625 0.4133522727272727 0.390625
19 0.4119318181818182 0.10511363636363641 0.39488636363636365 0.10511363636363641 0.39488636363636365 0.12500000000000003 0.4119318181818182 0.12500000000000003
19 0.6363636363636364 0.106534090909091 0.6193181818181818 0.106534090909091 0.6193181818181818 0.13068181818181826 0.6363636363636364 0.13068181818181826
19 0.6477272727272727 0.35227272727272735 0.6292613636363636 0.35227272727272735 0.6292613636363636 0.3821022727272727 0.6477272727272727 0.3821022727272727
43 0.15767045454545459 0.3721590909090909 0.12642045454545459 0.3721590909090909 0.12642045454545459 0.40767045454545453 0.15767045454545459 0.40767045454545453
44 0.1235795454545455 0.2159090909090909 0.01420454545454548 0.2159090909090909 0.01420454545454549 0.3508522727272727 0.1235795454545455 0.3508522727272727
44 0.2727272727272727 0.038352272727272756 0.19744318181818182 0.03835227272727275 0.19744318181818182 0.08096590909090912 0.2727272727272727 0.08096590909090913
44 0.5298295454545454 0.04545454545454552 0.4602272727272727 0.04545454545454552 0.4602272727272727 0.08806818181818188 0.5298295454545454 0.08806818181818188
44 0.3522727272727273 0.20028409090909094 0.3039772727272727 0.2002840909090909 0.3039772727272727 0.24289772727272732 0.3522727272727273 0.24289772727272735
44 0.5071022727272727 0.19460227272727282 0.44886363636363635 0.19460227272727282 0.44886363636363635 0.23863636363636373 0.5071022727272727 0.23863636363636373
44 0.8096590909090909 0.03267045454545464 0.7215909090909091 0.032670454545454634 0.7215909090909091 0.0724431818181819 0.8096590909090909 0.07244318181818192
44 1 0.1647727272727274 0.9261363636363636 0.1647727272727274 0.9261363636363636 0.20880681818181832 1 0.20880681818181834
44 0.8039772727272727 0.3863636363636365 0.7230113636363636 0.3863636363636365 0.7230113636363636 0.4261363636363638 0.8039772727272727 0.4261363636363638
44 0.5553977272727273 0.4034090909090909 0.484375 0.4034090909090909 0.484375 0.44176136363636365 0.5553977272727273 0.44176136363636365
44 0.6349431818181818 0.2599431818181819 0.5894886363636364 0.2599431818181819 0.5894886363636364 0.29829545454545464 0.6349431818181818 0.29829545454545464
44 0.7585227272727273 0.231534090909091 0.6889204545454546 0.231534090909091 0.6889204545454546 0.2755681818181819 0.7585227272727273 0.2755681818181819
19 0.9005681818181818 0.3579545454545455 0.8849431818181818 0.3579545454545455 0.8849431818181818 0.37500000000000017 0.9005681818181818 0.37500000000000017
19 0.8934659090909091 0.10085227272727285 0.8806818181818182 0.10085227272727285 0.8806818181818182 0.11931818181818193 0.8934659090909091 0.11931818181818193