46 0.29687500000000006 0.1676136363636364 0.17329545454545459 0.1676136363636364 0.17329545454545459 0.4133522727272727 0.29687500000000006 0.4133522727272727
43 0.8110795454545454 0.06676136363636374 0.7926136363636364 0.06676136363636374 0.7926136363636364 0.09801136363636372 0.8110795454545454 0.09801136363636372
4 0.6178977272727273 0.23721590909090917 0.5482954545454546 0.23721590909090917 0.5482954545454546 0.2883522727272728 0.6178977272727273 0.2883522727272728
37 0.7102272727272727 0.16051136363636373 0.6761363636363636 0.16051136363636373 0.6761363636363636 0.30823863636363646 0.7102272727272727 0.30823863636363646
8 0.43607954545454547 0.07528409090909095 0.3991477272727273 0.07528409090909095 0.3991477272727273 0.13210227272727276 0.43607954545454547 0.13210227272727276
19 0.5866477272727273 0.08948863636363644 0.5710227272727273 0.08948863636363642 0.5710227272727273 0.11221590909090917 0.5866477272727273 0.11221590909090917
19 0.59375 0.47017045454545453 0.5767045454545454 0.47017045454545453 0.5767045454545454 0.4928977272727273 0.59375 0.4928977272727273
19 0.7230113636363636 0.46875000000000017 0.7002840909090909 0.46875000000000017 0.7002840909090909 0.49289772727272746 0.7230113636363636 0.49289772727272746
19 0.703125 0.075284090909091 0.6860795454545454 0.075284090909091 0.6860795454545454 0.09943181818181826 0.703125 0.09943181818181826
19 0.37073863636363635 0.08948863636363641 0.34517045454545453 0.08948863636363641 0.34517045454545453 0.12215909090909095 0.37073863636363635 0.12215909090909095
19 0.5170454545454546 0.09232954545454554 0.49857954545454547 0.09232954545454554 0.49857954545454547 0.1164772727272728 0.5170454545454546 0.1164772727272728
43 0.8252840909090909 0.463068181818182 0.8011363636363636 0.463068181818182 0.8011363636363636 0.4957386363636365 0.8252840909090909 0.4957386363636365
44 0.13778409090909094 0.2315340909090909 0.004261363636363664 0.2315340909090909 0.004261363636363673 0.37073863636363635 0.13778409090909094 0.37073863636363635
44 0.5241477272727273 0.26846590909090917 0.5014204545454546 0.26846590909090917 0.5014204545454546 0.3011363636363637 0.5241477272727273 0.3011363636363637
44 0.9417613636363636 0.25142045454545464 0.8352272727272727 0.25142045454545464 0.8352272727272727 0.3110795454545455 0.9417613636363636 0.3110795454545455
44 0.6889204545454546 0.2855113636363637 0.6647727272727273 0.2855113636363637 0.6647727272727273 0.32812500000000006 0.6889204545454546 0.32812500000000006
19 0.3025568181818183 0.48579545454545453 0.28409090909090917 0.48579545454545453 0.28409090909090917 0.5071022727272727 0.3025568181818183 0.5071022727272727
19 0.2684659090909091 0.09943181818181822 0.25426136363636365 0.09943181818181822 0.25426136363636365 0.11931818181818186 0.2684659090909091 0.11931818181818186
43 0.10369318181818186 0.18607954545454544 0.09090909090909095 0.18607954545454544 0.09090909090909095 0.20454545454545456 0.10369318181818186 0.20454545454545456
43 0.11363636363636367 0.3963068181818182 0.09801136363636367 0.3963068181818182 0.09801136363636367 0.4147727272727273 0.11363636363636367 0.4147727272727273
19 0.37357954545454547 0.4786931818181818 0.356534090909091 0.4786931818181818 0.356534090909091 0.5028409090909091 0.37357954545454547 0.5028409090909091
19 0.4588068181818182 0.4786931818181818 0.4403409090909091 0.4786931818181818 0.4403409090909091 0.5014204545454546 0.4588068181818182 0.5014204545454546
14 0.22017045454545459 0.19602272727272727 0.17613636363636367 0.19602272727272727 0.17613636363636367 0.3678977272727273 0.2201704545454546 0.3678977272727273
14 0.29403409090909094 0.16903409090909094 0.2315340909090909 0.16903409090909094 0.23153409090909094 0.4090909090909091 0.294034090909091 0.4090909090909091