19 0.7116477272727273 0.11505681818181826 0.6903409090909091 0.11505681818181826 0.6903409090909091 0.14488636363636373 0.7116477272727273 0.14488636363636373
19 0.41051136363636365 0.4303977272727273 0.38636363636363635 0.4303977272727273 0.38636363636363635 0.4630681818181818 0.41051136363636365 0.4630681818181818
19 0.24857954545454553 0.5923295454545454 0.21448863636363644 0.5923295454545454 0.21448863636363644 0.6434659090909091 0.24857954545454553 0.6434659090909091
19 0.2443181818181819 0.4275568181818182 0.21875000000000008 0.4275568181818182 0.21875000000000008 0.45170454545454547 0.2443181818181819 0.45170454545454547
19 0.42329545454545453 0.5980113636363636 0.40198863636363635 0.5980113636363636 0.40198863636363635 0.6321022727272727 0.42329545454545453 0.6321022727272727
19 0.8167613636363636 0.231534090909091 0.7911931818181818 0.231534090909091 0.7911931818181818 0.26704545454545464 0.8167613636363636 0.26704545454545464
19 0.8678977272727273 0.23295454545454553 0.8494318181818182 0.23295454545454553 0.8494318181818182 0.2542613636363637 0.8678977272727273 0.2542613636363637
19 0.828125 0.33664772727272735 0.8082386363636364 0.33664772727272735 0.8082386363636364 0.3664772727272729 0.828125 0.3664772727272729
19 0.8863636363636364 0.33096590909090917 0.8579545454545454 0.33096590909090917 0.8579545454545454 0.36789772727272746 0.8863636363636364 0.36789772727272746
19 0.84375 0.478693181818182 0.8252840909090909 0.478693181818182 0.8252840909090909 0.5056818181818183 0.84375 0.5056818181818183
19 0.9076704545454546 0.48153409090909105 0.8849431818181818 0.48153409090909105 0.8849431818181818 0.512784090909091 0.9076704545454546 0.512784090909091
19 0.8636363636363636 0.6548295454545456 0.84375 0.6548295454545456 0.84375 0.681818181818182 0.8636363636363636 0.681818181818182
19 0.9303977272727273 0.6491477272727274 0.9133522727272727 0.6491477272727274 0.9133522727272727 0.6718750000000001 0.9303977272727273 0.6718750000000001
19 0.8778409090909091 0.8721590909090909 0.8522727272727273 0.8721590909090909 0.8522727272727273 0.9034090909090909 0.8778409090909091 0.9034090909090909
19 0.6093750000000001 0.9147727272727273 0.5795454545454547 0.9147727272727273 0.5795454545454547 0.9474431818181818 0.6093750000000001 0.9474431818181818
5 0.24289772727272735 0.46875 0.20738636363636373 0.46875 0.20738636363636373 0.5255681818181818 0.24289772727272735 0.5255681818181818
5 0.4914772727272727 0.0795454545454546 0.46875 0.0795454545454546 0.46875 0.1392045454545455 0.4914772727272727 0.1392045454545455
37 0.33948863636363646 0.42329545454545453 0.2755681818181819 0.42329545454545453 0.2755681818181819 0.45170454545454547 0.33948863636363646 0.45170454545454547
37 0.32102272727272735 0.6079545454545454 0.2599431818181819 0.6079545454545454 0.2599431818181819 0.6349431818181818 0.32102272727272735 0.6349431818181818
37 0.640625 0.1008522727272728 0.5681818181818182 0.1008522727272728 0.5681818181818182 0.13352272727272735 0.640625 0.13352272727272735
37 0.8053977272727273 0.17187500000000008 0.7826704545454546 0.17187500000000008 0.7826704545454546 0.22301136363636373 0.8053977272727273 0.22301136363636373
37 0.8196022727272727 0.26704545454545464 0.7982954545454546 0.26704545454545464 0.7982954545454546 0.32386363636363646 0.8196022727272727 0.32386363636363646
37 0.8338068181818182 0.37357954545454564 0.8082386363636364 0.37357954545454564 0.8082386363636364 0.45028409090909105 0.8338068181818182 0.45028409090909105
37 0.8551136363636364 0.5525568181818183 0.828125 0.5525568181818183 0.828125 0.622159090909091 0.8551136363636364 0.622159090909091
37 0.8664772727272727 0.6988636363636366 0.8338068181818182 0.6988636363636366 0.8338068181818182 0.7727272727272727 0.8664772727272727 0.7727272727272727
38 0.5724431818181818 0.231534090909091 0.5340909090909091 0.231534090909091 0.5340909090909091 0.32102272727272735 0.5724431818181818 0.32102272727272735
54 0.25426136363636365 0.15056818181818185 0.20880681818181818 0.15056818181818185 0.20880681818181818 0.24005681818181818 0.25426136363636365 0.24005681818181818
54 0.2727272727272728 0.7059659090909091 0.17045454545454553 0.7059659090909091 0.17045454545454555 0.8678977272727273 0.2727272727272728 0.8678977272727273
28 0.6477272727272728 0.38636363636363635 0.47301136363636365 0.38636363636363635 0.4730113636363637 0.6619318181818182 0.6477272727272729 0.6619318181818182
9 0.8948863636363636 0.1491477272727274 0.8295454545454546 0.1491477272727274 0.8295454545454546 0.21448863636363644 0.8948863636363636 0.21448863636363644
9 0.9133522727272727 0.2642045454545455 0.8394886363636364 0.2642045454545455 0.8394886363636364 0.33096590909090917 0.9133522727272727 0.33096590909090917
9 0.9247159090909091 0.3664772727272729 0.8536931818181818 0.3664772727272729 0.8536931818181818 0.4332386363636365 0.9247159090909091 0.4332386363636365
9 0.9616477272727273 0.5482954545454547 0.8821022727272727 0.5482954545454547 0.8821022727272727 0.6178977272727274 0.9616477272727273 0.6178977272727274
9 0.9801136363636364 0.6832386363636366 0.90625 0.6832386363636366 0.90625 0.7642045454545454 0.9801136363636364 0.7642045454545454
49 0.1448863636363637 0.43607954545454547 0.001420454545454599 0.43607954545454547 0.0014204545454546092 0.6022727272727273 0.14488636363636373 0.6022727272727273
43 0.08806818181818186 0.31676136363636365 0.06818181818181822 0.31676136363636365 0.06818181818181822 0.3465909090909091 0.08806818181818186 0.3465909090909091
19 0.08664772727272735 0.6036931818181818 0.06392045454545463 0.6036931818181818 0.06392045454545463 0.640625 0.08664772727272735 0.640625
19 0.421875 0.4914772727272727 0.40198863636363635 0.4914772727272727 0.40198863636363635 0.5241477272727273 0.421875 0.5241477272727273
19 0.2471590909090909 0.02272727272727276 0.23011363636363635 0.02272727272727276 0.23011363636363635 0.05113636363636365 0.2471590909090909 0.05113636363636365
19 0.42045454545454547 0.09943181818181822 0.40198863636363635 0.09943181818181822 0.40198863636363635 0.12642045454545459 0.42045454545454547 0.12642045454545459
19 0.48863636363636365 0.04971590909090915 0.4715909090909091 0.04971590909090915 0.4715909090909091 0.07386363636363642 0.48863636363636365 0.07386363636363642
19 0.5653409090909091 0.20312500000000008 0.5525568181818182 0.20312500000000008 0.5525568181818182 0.22159090909090917 0.5653409090909091 0.22159090909090917
19 0.6221590909090909 0.20596590909090917 0.6065340909090909 0.20596590909090917 0.6065340909090909 0.22585227272727282 0.6221590909090909 0.22585227272727282
19 0.24573863636363644 0.9545454545454546 0.22301136363636373 0.9545454545454546 0.22301136363636373 0.984375 0.24573863636363644 0.984375
19 0.953125 0.8565340909090909 0.9375 0.8565340909090909 0.9375 0.8806818181818182 0.953125 0.8806818181818182
19 0.7471590909090909 0.5298295454545456 0.7315340909090909 0.5298295454545456 0.7315340909090909 0.5553977272727274 0.7471590909090909 0.5553977272727274
19 0.796875 0.12784090909090917 0.7840909090909091 0.12784090909090917 0.7840909090909091 0.14488636363636373 0.796875 0.14488636363636373
19 0.8494318181818182 0.13068181818181832 0.8366477272727273 0.13068181818181832 0.8366477272727273 0.14772727272727285 0.8494318181818182 0.14772727272727285
44 0.48011363636363635 0.5795454545454546 0.4602272727272727 0.5795454545454546 0.4602272727272727 0.6107954545454546 0.48011363636363635 0.6107954545454546
44 0.5213068181818182 0.5965909090909091 0.49857954545454547 0.5965909090909091 0.49857954545454547 0.6292613636363636 0.5213068181818182 0.6292613636363636
44 0.5724431818181818 0.5539772727272727 0.5539772727272727 0.5539772727272727 0.5539772727272727 0.5866477272727273 0.5724431818181818 0.5866477272727273
44 0.6519886363636364 0.5625 0.6335227272727273 0.5625 0.6335227272727273 0.5894886363636364 0.6519886363636364 0.5894886363636364
44 0.6264204545454546 0.4758522727272727 0.6079545454545454 0.4758522727272727 0.6079545454545454 0.5014204545454546 0.6264204545454546 0.5014204545454546
44 0.5710227272727273 0.4403409090909091 0.5497159090909091 0.4403409090909091 0.5497159090909091 0.47017045454545453 0.5710227272727273 0.47017045454545453
44 0.5255681818181818 0.3991477272727273 0.5099431818181818 0.3991477272727273 0.5099431818181818 0.4289772727272727 0.5255681818181818 0.4289772727272727
44 0.5170454545454546 0.45738636363636365 0.4943181818181818 0.45738636363636365 0.4943181818181818 0.47017045454545453 0.5170454545454546 0.47017045454545453
44 0.47017045454545453 0.4190340909090909 0.45738636363636365 0.4190340909090909 0.45738636363636365 0.4403409090909091 0.47017045454545453 0.4403409090909091
19 0.5113636363636364 0.25852272727272735 0.484375 0.25852272727272735 0.484375 0.294034090909091 0.5113636363636364 0.294034090909091