19 0.6704545454545454 0.403409090909091 0.65625 0.4034090909090909 0.65625 0.42187500000000006 0.6704545454545454 0.42187500000000017
19 0.18181818181818182 0.2840909090909091 0.16477272727272732 0.2840909090909091 0.16477272727272732 0.30823863636363635 0.18181818181818182 0.30823863636363635
19 0.25142045454545464 0.3835227272727273 0.23721590909090917 0.3835227272727273 0.23721590909090917 0.40198863636363635 0.25142045454545464 0.40198863636363635
19 0.37926136363636365 0.3110795454545455 0.36363636363636365 0.3110795454545455 0.36363636363636365 0.32812500000000006 0.37926136363636365 0.32812500000000006
19 0.4289772727272727 0.4090909090909091 0.4147727272727273 0.4090909090909091 0.4147727272727273 0.4303977272727273 0.4289772727272727 0.4303977272727273
19 0.39488636363636365 0.1178977272727273 0.3778409090909091 0.1178977272727273 0.3778409090909091 0.1392045454545455 0.39488636363636365 0.1392045454545455
19 0.19460227272727273 0.11505681818181822 0.18039772727272727 0.11505681818181822 0.18039772727272727 0.13352272727272732 0.19460227272727273 0.13352272727272732
19 0.06250000000000006 0.3977272727272727 0.04971590909090913 0.3977272727272727 0.049715909090909144 0.42045454545454547 0.06250000000000006 0.42045454545454547
19 0.035511363636363716 0.6363636363636364 0.021306818181818257 0.6363636363636364 0.02130681818181826 0.6576704545454546 0.035511363636363716 0.6576704545454546
19 0.4247159090909091 0.6221590909090909 0.4147727272727273 0.6221590909090909 0.4147727272727273 0.6377840909090909 0.4247159090909091 0.6377840909090909
19 0.6647727272727273 0.6093750000000001 0.6505681818181818 0.609375 0.6505681818181818 0.6292613636363638 0.6647727272727273 0.6292613636363638
19 0.24857954545454544 0.2883522727272727 0.23863636363636365 0.2883522727272727 0.23863636363636365 0.30823863636363635 0.24857954545454544 0.30823863636363635
19 0.5596590909090909 0.29687500000000006 0.5440340909090909 0.29687500000000006 0.5440340909090909 0.3167613636363637 0.5596590909090909 0.3167613636363637
19 0.7982954545454546 0.28125000000000006 0.78125 0.28125000000000006 0.78125 0.30539772727272735 0.7982954545454546 0.30539772727272735
19 0.5724431818181818 0.12073863636363645 0.5539772727272727 0.12073863636363645 0.5539772727272727 0.14630681818181826 0.5724431818181818 0.14630681818181826
48 0.17613636363636367 0.36363636363636365 0.07244318181818186 0.36363636363636365 0.07244318181818186 0.4602272727272727 0.17613636363636367 0.4602272727272727
48 0.3778409090909091 0.3622159090909091 0.28267045454545464 0.3622159090909091 0.28267045454545464 0.45454545454545453 0.3778409090909091 0.45454545454545453
48 0.5625 0.3678977272727273 0.46732954545454547 0.3678977272727273 0.46732954545454547 0.47017045454545453 0.5625 0.47017045454545453
48 0.8153409090909091 0.36789772727272746 0.7329545454545454 0.36789772727272746 0.7329545454545454 0.4602272727272729 0.8153409090909091 0.4602272727272729
37 0.1974431818181819 0.6065340909090909 0.1164772727272728 0.6065340909090909 0.1164772727272728 0.6661931818181818 0.1974431818181819 0.6661931818181818
37 0.5298295454545454 0.5965909090909091 0.45454545454545453 0.5965909090909091 0.45454545454545453 0.6477272727272727 0.5298295454545454 0.6477272727272727
37 0.5724431818181818 0.18750000000000008 0.5440340909090909 0.18750000000000008 0.5440340909090909 0.2869318181818183 0.5724431818181818 0.2869318181818183
37 0.39488636363636365 0.19176136363636373 0.3622159090909091 0.19176136363636373 0.3622159090909091 0.28409090909090917 0.39488636363636365 0.28409090909090917
37 0.19176136363636365 0.19318181818181818 0.16335227272727276 0.19318181818181818 0.16335227272727276 0.2755681818181818 0.19176136363636365 0.2755681818181818
37 0.7940340909090909 0.18607954545454553 0.7627840909090909 0.18607954545454553 0.7627840909090909 0.2642045454545455 0.7940340909090909 0.2642045454545455
4 0.4474431818181818 0.53125 0.38920454545454547 0.53125 0.38920454545454547 0.5752840909090909 0.4474431818181818 0.5752840909090909
44 0.4275568181818182 0.05681818181818187 0.38636363636363635 0.05681818181818186 0.38636363636363635 0.10937500000000004 0.4275568181818182 0.10937500000000004
44 0.9375 0.309659090909091 0.8636363636363636 0.309659090909091 0.8636363636363636 0.37500000000000017 0.9375 0.37500000000000017
44 0.8309659090909091 0.12073863636363646 0.7926136363636364 0.12073863636363645 0.7926136363636364 0.1619318181818183 0.8309659090909091 0.16193181818181832
43 0.8622159090909091 0.2798295454545455 0.84375 0.2798295454545455 0.84375 0.3025568181818183 0.8622159090909091 0.3025568181818183
43 0.7855113636363636 0.14062500000000008 0.7698863636363636 0.14062500000000008 0.7698863636363636 0.16193181818181826 0.7855113636363636 0.16193181818181826
13 0.8352272727272727 0.4886363636363638 0.7911931818181818 0.4886363636363638 0.7911931818181818 0.5454545454545456 0.8352272727272727 0.5454545454545456
13 0.5639204545454546 0.5028409090909091 0.5227272727272727 0.5028409090909091 0.5227272727272727 0.5482954545454546 0.5639204545454546 0.5482954545454546
13 0.18039772727272732 0.48863636363636365 0.14346590909090914 0.48863636363636365 0.14346590909090914 0.5298295454545454 0.18039772727272735 0.5298295454545454
13 0.37926136363636365 0.4928977272727273 0.33664772727272735 0.4928977272727273 0.33664772727272735 0.5397727272727273 0.37926136363636365 0.5397727272727273
19 0.4303977272727273 0.31534090909090917 0.4119318181818182 0.31534090909090917 0.4119318181818182 0.33948863636363646 0.4303977272727273 0.33948863636363646
19 0.6704545454545454 0.30539772727272735 0.6548295454545454 0.30539772727272735 0.6548295454545454 0.325284090909091 0.6704545454545454 0.325284090909091