9 0.8920454545454546 0.6306818181818183 0.8267045454545454 0.6306818181818183 0.8267045454545454 0.7173295454545456 0.8920454545454546 0.7173295454545456
8 0.8153409090909091 0.4403409090909092 0.7670454545454546 0.4403409090909092 0.7670454545454546 0.48295454545454564 0.8153409090909091 0.48295454545454564
37 0.6931818181818182 0.4829545454545455 0.6448863636363636 0.48295454545454547 0.6448863636363636 0.5099431818181819 0.6931818181818182 0.509943181818182
44 0.703125 0.4431818181818183 0.65625 0.4431818181818182 0.65625 0.47159090909090917 0.703125 0.4715909090909092
11 0.3877840909090909 0.26704545454545464 0.34232954545454547 0.26704545454545464 0.34232954545454547 0.3267045454545455 0.3877840909090909 0.3267045454545455
4 0.3125 0.22585227272727273 0.27698863636363635 0.22585227272727273 0.27698863636363635 0.2528409090909091 0.3125 0.2528409090909091
13 0.46732954545454564 0.7485795454545454 0.4332386363636365 0.7485795454545454 0.4332386363636365 0.7869318181818182 0.46732954545454564 0.7869318181818182
28 0.6590909090909091 0.33948863636363646 0.5752840909090909 0.33948863636363646 0.5752840909090909 0.45738636363636365 0.6590909090909091 0.45738636363636365
43 0.37073863636363635 0.14630681818181823 0.3465909090909091 0.14630681818181823 0.3465909090909091 0.16193181818181823 0.37073863636363635 0.16193181818181823
40 0.11505681818181818 0.042613636363636374 0.06960227272727272 0.042613636363636374 0.06960227272727273 0.14630681818181818 0.11505681818181818 0.14630681818181818
4 0.13494318181818185 0.20738636363636365 0.09943181818181822 0.20738636363636365 0.09943181818181822 0.24573863636363635 0.13494318181818185 0.24573863636363635
37 0.46448863636363646 0.6434659090909091 0.43892045454545453 0.6434659090909091 0.43892045454545464 0.7173295454545454 0.4644886363636365 0.7173295454545454
37 0.7002840909090909 0.5738636363636365 0.6548295454545454 0.5738636363636364 0.6548295454545454 0.6051136363636365 0.7002840909090909 0.6051136363636366
37 0.8622159090909091 0.43465909090909105 0.8423295454545454 0.43465909090909105 0.8423295454545454 0.5000000000000001 0.8622159090909091 0.5000000000000001
37 0.7073863636363636 0.26704545454545464 0.6619318181818182 0.26704545454545464 0.6619318181818182 0.28977272727272735 0.7073863636363636 0.28977272727272735
37 0.4630681818181818 0.23863636363636373 0.44176136363636365 0.23863636363636373 0.44176136363636365 0.3039772727272728 0.4630681818181818 0.3039772727272728
4 0.1875 0.052556818181818205 0.171875 0.052556818181818205 0.171875 0.08948863636363638 0.1875 0.08948863636363638
5 0.1519886363636364 0.30113636363636365 0.14204545454545459 0.30113636363636365 0.14204545454545459 0.3153409090909091 0.1519886363636364 0.3153409090909091
19 0.2585227272727273 0.17755681818181823 0.24573863636363635 0.17755681818181823 0.24573863636363635 0.19460227272727273 0.2585227272727273 0.19460227272727273
19 0.30113636363636365 0.17897727272727276 0.2883522727272727 0.17897727272727276 0.2883522727272727 0.19602272727272727 0.30113636363636365 0.19602272727272727
19 0.3650568181818182 0.17755681818181823 0.3494318181818182 0.17755681818181823 0.3494318181818182 0.1974431818181819 0.3650568181818182 0.1974431818181819
19 0.21306818181818182 0.29545454545454547 0.2002840909090909 0.29545454545454547 0.2002840909090909 0.31107954545454547 0.21306818181818182 0.31107954545454547
19 0.11931818181818186 0.3053977272727273 0.1079545454545455 0.3053977272727273 0.1079545454545455 0.3181818181818182 0.11931818181818186 0.3181818181818182
19 0.12926136363636365 0.11505681818181818 0.11931818181818182 0.11505681818181818 0.11931818181818182 0.1278409090909091 0.12926136363636365 0.1278409090909091
19 0.21164772727272727 0.06107954545454548 0.20170454545454544 0.06107954545454548 0.20170454545454544 0.07244318181818184 0.21164772727272727 0.07244318181818184
19 0.21448863636363635 0.12215909090909095 0.203125 0.12215909090909095 0.203125 0.13778409090909094 0.21448863636363635 0.13778409090909094
19 0.16477272727272732 0.18607954545454544 0.15625000000000003 0.18607954545454544 0.15625000000000003 0.19886363636363635 0.16477272727272732 0.19886363636363635
19 0.20738636363636365 0.24005681818181818 0.19744318181818182 0.24005681818181818 0.19744318181818182 0.25426136363636365 0.20738636363636365 0.25426136363636365
19 0.4588068181818182 0.17613636363636367 0.4446022727272727 0.17613636363636367 0.4446022727272727 0.19318181818181826 0.4588068181818182 0.19318181818181826
19 0.6306818181818182 0.17187500000000008 0.6221590909090909 0.17187500000000008 0.6221590909090909 0.18607954545454553 0.6306818181818182 0.18607954545454553
19 0.5255681818181818 0.28409090909090917 0.515625 0.28409090909090917 0.515625 0.2954545454545455 0.5255681818181818 0.2954545454545455
19 0.5284090909090909 0.3650568181818182 0.5142045454545454 0.3650568181818182 0.5142045454545454 0.3849431818181818 0.5284090909090909 0.3849431818181818
19 0.4616477272727273 0.37073863636363635 0.4474431818181818 0.37073863636363635 0.4474431818181818 0.3877840909090909 0.4616477272727273 0.3877840909090909
19 0.5284090909090909 0.42613636363636365 0.5184659090909091 0.42613636363636365 0.5184659090909091 0.43892045454545453 0.5284090909090909 0.43892045454545453
19 0.5298295454545454 0.4971590909090909 0.5170454545454546 0.4971590909090909 0.5170454545454546 0.5127840909090909 0.5298295454545454 0.5127840909090909
19 0.5298295454545454 0.59375 0.515625 0.59375 0.515625 0.609375 0.5298295454545454 0.609375
19 0.8011363636363636 0.572443181818182 0.7911931818181818 0.572443181818182 0.7911931818181818 0.588068181818182 0.8011363636363636 0.588068181818182
19 0.7428977272727273 0.49005681818181834 0.7301136363636364 0.49005681818181834 0.7301136363636364 0.5028409090909093 0.7428977272727273 0.5028409090909093
19 0.7443181818181818 0.38920454545454564 0.7286931818181818 0.38920454545454564 0.7286931818181818 0.40482954545454564 0.7443181818181818 0.40482954545454564
19 0.7897727272727273 0.38068181818181834 0.7755681818181818 0.38068181818181834 0.7755681818181818 0.39630681818181834 0.7897727272727273 0.39630681818181834
5 0.6306818181818182 0.4928977272727273 0.6178977272727273 0.4928977272727273 0.6178977272727273 0.5071022727272727 0.6306818181818182 0.5071022727272727
5 0.640625 0.5880681818181818 0.625 0.5880681818181818 0.625 0.6036931818181818 0.640625 0.6036931818181818
19 0.8579545454545454 0.37500000000000017 0.8451704545454546 0.37500000000000017 0.8451704545454546 0.38920454545454564 0.8579545454545454 0.38920454545454564
19 0.7400568181818182 0.28125000000000006 0.7286931818181818 0.28125000000000006 0.7286931818181818 0.29261363636363646 0.7400568181818182 0.29261363636363646
5 0.6335227272727273 0.27414772727272735 0.6164772727272727 0.27414772727272735 0.6164772727272727 0.2883522727272728 0.6335227272727273 0.2883522727272728
13 0.8650568181818182 0.7286931818181818 0.8295454545454546 0.7286931818181818 0.8295454545454546 0.7670454545454546 0.8650568181818182 0.7670454545454546
13 0.6619318181818183 0.7315340909090909 0.622159090909091 0.7315340909090909 0.622159090909091 0.78125 0.6619318181818183 0.78125
13 0.544034090909091 0.7428977272727273 0.5056818181818183 0.7428977272727273 0.5056818181818183 0.7911931818181818 0.544034090909091 0.7911931818181818
4 0.5482954545454547 0.6647727272727273 0.5028409090909093 0.6647727272727273 0.5028409090909093 0.7002840909090909 0.5482954545454547 0.7002840909090909
44 0.6008522727272728 0.6590909090909091 0.5553977272727273 0.6590909090909091 0.5553977272727274 0.7357954545454546 0.6008522727272729 0.7357954545454546
44 0.43607954545454564 0.6661931818181818 0.384943181818182 0.6661931818181818 0.384943181818182 0.703125 0.43607954545454564 0.703125
44 0.7315340909090909 0.6008522727272729 0.6860795454545454 0.6008522727272729 0.6860795454545454 0.634943181818182 0.7315340909090909 0.634943181818182
44 0.8295454545454546 0.4090909090909092 0.7897727272727273 0.4090909090909092 0.7897727272727273 0.43750000000000017 0.8295454545454546 0.43750000000000017
44 0.9190340909090909 0.44602272727272746 0.8693181818181818 0.44602272727272746 0.8693181818181818 0.4801136363636365 0.9190340909090909 0.4801136363636365
44 0.9659090909090909 0.6420454545454547 0.8934659090909091 0.6420454545454547 0.8934659090909091 0.6718750000000001 0.9659090909090909 0.6718750000000001
44 0.9588068181818182 0.6832386363636366 0.90625 0.6832386363636366 0.90625 0.7116477272727274 0.9588068181818182 0.7116477272727274
44 0.7301136363636364 0.22727272727272735 0.6747159090909091 0.22727272727272735 0.6747159090909091 0.25852272727272735 0.7301136363636364 0.25852272727272735
44 0.5127840909090909 0.23863636363636373 0.46732954545454547 0.23863636363636373 0.46732954545454547 0.26704545454545464 0.5127840909090909 0.26704545454545464
44 0.4119318181818182 0.24147727272727282 0.3664772727272727 0.24147727272727282 0.3664772727272727 0.2698863636363637 0.4119318181818182 0.2698863636363637
44 0.4034090909090909 0.09517045454545459 0.3536931818181818 0.09517045454545459 0.3536931818181818 0.13068181818181823 0.4034090909090909 0.13068181818181823
44 0.2869318181818182 0.2556818181818182 0.2471590909090909 0.2556818181818182 0.2471590909090909 0.2869318181818182 0.2869318181818182 0.2869318181818182
13 0.309659090909091 0.35795454545454547 0.27414772727272735 0.35795454545454547 0.27414772727272735 0.39204545454545453 0.309659090909091 0.39204545454545453
13 0.3721590909090909 0.36221590909090917 0.33948863636363646 0.36221590909090917 0.33948863636363646 0.390625 0.3721590909090909 0.390625
13 0.16477272727272732 0.3565340909090909 0.13210227272727276 0.3565340909090909 0.13210227272727276 0.3934659090909091 0.16477272727272732 0.3934659090909091
44 0.09659090909090912 0.15056818181818182 0.03409090909090911 0.15056818181818182 0.03409090909090911 0.18039772727272727 0.09659090909090913 0.18039772727272727
44 0.2315340909090909 0.009943181818181842 0.16335227272727273 0.009943181818181839 0.16335227272727273 0.04687500000000002 0.2315340909090909 0.04687500000000002
44 0.29261363636363635 0.07670454545454548 0.22727272727272727 0.07670454545454547 0.22727272727272727 0.10937500000000004 0.29261363636363635 0.10937500000000004
44 0.28125 0.11221590909090913 0.24289772727272727 0.11221590909090913 0.24289772727272727 0.13778409090909094 0.28125 0.13778409090909094
8 0.19460227272727273 0.14346590909090914 0.16619318181818182 0.14346590909090914 0.16619318181818185 0.18323863636363635 0.19460227272727273 0.18323863636363635
8 0.18892045454545456 0.2002840909090909 0.16051136363636367 0.2002840909090909 0.16051136363636367 0.24005681818181818 0.18892045454545456 0.24005681818181818
8 0.2372159090909091 0.203125 0.21022727272727273 0.203125 0.21022727272727273 0.24147727272727273 0.2372159090909091 0.24147727272727273
8 0.24147727272727273 0.12926136363636367 0.21448863636363635 0.12926136363636367 0.21448863636363635 0.17187500000000003 0.24147727272727273 0.17187500000000003
44 0.6278409090909091 0.3835227272727273 0.5838068181818182 0.3835227272727273 0.5838068181818182 0.4247159090909091 0.6278409090909091 0.4247159090909091
19 0.1548295454545455 0.18892045454545456 0.14346590909090914 0.18892045454545456 0.14346590909090914 0.20170454545454544 0.1548295454545455 0.20170454545454544
43 0.039772727272727286 0.0625 0.024147727272727283 0.0625 0.024147727272727283 0.078125 0.039772727272727286 0.078125
43 0.039772727272727286 0.11363636363636363 0.025568181818181827 0.11363636363636363 0.025568181818181834 0.12926136363636365 0.03977272727272729 0.12926136363636365