54 0.15625000000000003 0.22301136363636365 0.0397727272727273 0.22301136363636365 0.039772727272727314 0.3977272727272727 0.15625000000000003 0.3977272727272727
43 0.6974431818181818 0.13352272727272735 0.6605113636363636 0.13352272727272735 0.6605113636363636 0.16051136363636373 0.6974431818181818 0.16051136363636373
43 0.6960227272727273 0.48011363636363646 0.6590909090909091 0.48011363636363635 0.6590909090909091 0.5085227272727274 0.6960227272727273 0.5085227272727274
54 0.6193181818181818 0.32812500000000006 0.5752840909090909 0.32812500000000006 0.5752840909090909 0.3778409090909091 0.6193181818181818 0.3778409090909091
28 0.453125 0.2556818181818183 0.3536931818181818 0.2556818181818183 0.3536931818181819 0.4090909090909091 0.453125 0.4090909090909091
9 0.515625 0.2713068181818183 0.4659090909090909 0.2713068181818183 0.4659090909090909 0.3650568181818182 0.515625 0.3650568181818182
11 0.27698863636363646 0.5269886363636364 0.231534090909091 0.5269886363636364 0.231534090909091 0.5994318181818182 0.27698863636363646 0.5994318181818182
37 0.24289772727272735 0.3508522727272727 0.22301136363636373 0.3508522727272727 0.22301136363636373 0.4161931818181818 0.24289772727272735 0.4161931818181818
37 0.24857954545454544 0.16619318181818185 0.22727272727272727 0.16619318181818185 0.22727272727272727 0.234375 0.24857954545454544 0.234375
37 0.30539772727272735 0.3963068181818182 0.28977272727272735 0.3963068181818182 0.28977272727272735 0.4744318181818182 0.30539772727272735 0.4744318181818182
37 0.28409090909090917 0.4758522727272727 0.23721590909090917 0.4758522727272727 0.23721590909090917 0.5028409090909091 0.28409090909090917 0.5028409090909091
37 0.49573863636363635 0.16619318181818188 0.4744318181818182 0.16619318181818185 0.4744318181818182 0.247159090909091 0.49573863636363635 0.247159090909091
5 0.421875 0.48295454545454547 0.4090909090909091 0.48295454545454547 0.4090909090909091 0.49857954545454547 0.421875 0.49857954545454547
19 0.42471590909090917 0.6491477272727273 0.4119318181818182 0.6491477272727273 0.4119318181818183 0.6647727272727273 0.4247159090909092 0.6647727272727273
19 0.23437500000000008 0.6491477272727273 0.22301136363636373 0.6491477272727273 0.22301136363636373 0.6633522727272727 0.23437500000000008 0.6633522727272727
19 0.23721590909090917 0.4786931818181818 0.22301136363636373 0.4786931818181818 0.22301136363636373 0.4971590909090909 0.23721590909090917 0.4971590909090909
19 0.2357954545454546 0.5525568181818182 0.22159090909090917 0.5525568181818182 0.22159090909090917 0.5738636363636364 0.2357954545454546 0.5738636363636364
19 0.29971590909090917 0.5568181818181818 0.2855113636363637 0.5568181818181818 0.2855113636363637 0.5724431818181818 0.29971590909090917 0.5724431818181818
19 0.3039772727272728 0.484375 0.2869318181818183 0.484375 0.2869318181818183 0.5028409090909091 0.3039772727272728 0.5028409090909091
19 0.3068181818181819 0.3693181818181818 0.294034090909091 0.3693181818181818 0.294034090909091 0.3877840909090909 0.3068181818181819 0.3877840909090909
19 0.24573863636363635 0.28267045454545453 0.22727272727272727 0.28267045454545453 0.22727272727272727 0.3025568181818182 0.24573863636363635 0.3025568181818182
19 0.1860795454545455 0.31676136363636365 0.17187500000000003 0.31676136363636365 0.17187500000000003 0.3338068181818182 0.18607954545454553 0.3338068181818182
19 0.1818181818181819 0.48011363636363635 0.1704545454545455 0.48011363636363635 0.17045454545454553 0.49573863636363635 0.1818181818181819 0.49573863636363635
19 0.6065340909090909 0.4815340909090909 0.5880681818181818 0.4815340909090909 0.5880681818181818 0.5056818181818182 0.6065340909090909 0.5056818181818182
19 0.609375 0.137784090909091 0.5923295454545454 0.137784090909091 0.5923295454545454 0.16051136363636373 0.609375 0.16051136363636373
19 0.4928977272727273 0.1363636363636364 0.4758522727272727 0.1363636363636364 0.4758522727272727 0.15767045454545459 0.4928977272727273 0.15767045454545459
19 0.4190340909090909 0.1363636363636364 0.4034090909090909 0.1363636363636364 0.4034090909090909 0.15625000000000003 0.4190340909090909 0.15625000000000003
19 0.25142045454545453 0.12642045454545459 0.23011363636363635 0.12642045454545459 0.23011363636363635 0.1519886363636364 0.25142045454545453 0.1519886363636364
19 0.1903409090909091 0.13352272727272732 0.17755681818181818 0.13352272727272732 0.17755681818181818 0.14914772727272732 0.1903409090909091 0.14914772727272732
19 0.1875 0.2727272727272727 0.17187500000000003 0.2727272727272727 0.17187500000000003 0.2911931818181818 0.1875 0.2911931818181818
44 0.6605113636363636 0.3338068181818183 0.6207386363636364 0.3338068181818183 0.6207386363636364 0.36221590909090917 0.6605113636363636 0.36221590909090917
44 0.7755681818181818 0.11363636363636372 0.6960227272727273 0.11363636363636372 0.6960227272727273 0.14914772727272735 0.7755681818181818 0.14914772727272735
44 0.765625 0.44602272727272746 0.6889204545454546 0.44602272727272746 0.6889204545454546 0.4801136363636365 0.765625 0.4801136363636365
44 0.546875 0.2869318181818183 0.5127840909090909 0.2869318181818183 0.5127840909090909 0.3167613636363637 0.546875 0.3167613636363637
44 0.5298295454545454 0.19034090909090917 0.49857954545454547 0.19034090909090917 0.49857954545454547 0.215909090909091 0.5298295454545454 0.215909090909091
44 0.34659090909090917 0.4133522727272727 0.3110795454545455 0.4133522727272727 0.3110795454545455 0.4375 0.34659090909090917 0.4375
44 0.2855113636363637 0.35795454545454547 0.24573863636363644 0.35795454545454547 0.24573863636363644 0.390625 0.2855113636363637 0.390625
44 0.27982954545454547 0.17471590909090914 0.25142045454545453 0.17471590909090914 0.25142045454545453 0.20170454545454544 0.27982954545454547 0.20170454545454544
44 0.09659090909090913 0.17755681818181818 0.011363636363636383 0.17755681818181818 0.011363636363636387 0.21164772727272727 0.09659090909090913 0.21164772727272727
44 0.31250000000000006 0.6022727272727273 0.24573863636363644 0.6022727272727273 0.24573863636363644 0.6321022727272727 0.31250000000000006 0.6321022727272727
44 0.2755681818181819 0.4446022727272727 0.24289772727272735 0.4446022727272727 0.24289772727272735 0.4744318181818182 0.2755681818181819 0.4744318181818182
44 0.14772727272727276 0.20454545454545456 0.0681818181818182 0.20454545454545456 0.0681818181818182 0.23011363636363635 0.14772727272727276 0.23011363636363635
44 0.42613636363636365 0.32386363636363646 0.359375 0.32386363636363646 0.35937500000000006 0.3494318181818183 0.42613636363636365 0.3494318181818183
19 0.4900568181818182 0.3323863636363637 0.48011363636363635 0.3323863636363637 0.48011363636363635 0.3480113636363637 0.4900568181818182 0.3480113636363637