55 0.25284090909090917 0.3465909090909091 0.12642045454545459 0.3465909090909091 0.1264204545454546 0.5113636363636364 0.25284090909090917 0.5113636363636364
37 0.40625 0.37073863636363635 0.356534090909091 0.37073863636363635 0.356534090909091 0.4943181818181818 0.40625 0.4943181818181818
37 0.6079545454545454 0.3821022727272727 0.5553977272727273 0.3821022727272727 0.5553977272727273 0.5127840909090909 0.6079545454545454 0.5127840909090909
37 0.7883522727272727 0.3508522727272728 0.734375 0.3508522727272728 0.734375 0.48437500000000017 0.7883522727272727 0.48437500000000017
44 0.10937500000000004 0.3934659090909091 0.038352272727272776 0.3934659090909091 0.03835227272727278 0.46732954545454547 0.10937500000000004 0.46732954545454547
44 0.53125 0.4161931818181818 0.4147727272727273 0.4161931818181818 0.4147727272727273 0.484375 0.53125 0.484375
44 0.7386363636363636 0.42329545454545464 0.6036931818181818 0.42329545454545453 0.6036931818181818 0.4829545454545455 0.7386363636363636 0.48295454545454564
44 0.96875 0.3977272727272729 0.8096590909090909 0.3977272727272729 0.8096590909090909 0.45880681818181834 0.96875 0.45880681818181834
19 0.2002840909090909 0.22443181818181818 0.17471590909090914 0.22443181818181818 0.17471590909090914 0.2556818181818182 0.2002840909090909 0.2556818181818182
19 0.4119318181818182 0.231534090909091 0.390625 0.231534090909091 0.390625 0.2698863636363637 0.4119318181818182 0.2698863636363637
19 0.5965909090909091 0.25000000000000006 0.5738636363636364 0.25000000000000006 0.5738636363636364 0.2755681818181819 0.5965909090909091 0.2755681818181819
19 0.7741477272727273 0.2542613636363637 0.7528409090909091 0.2542613636363637 0.7528409090909091 0.28267045454545464 0.7741477272727273 0.28267045454545464
19 0.7869318181818182 0.6392045454545456 0.7670454545454546 0.6392045454545456 0.7670454545454546 0.666193181818182 0.7869318181818182 0.666193181818182
19 0.6164772727272728 0.6534090909090909 0.5880681818181818 0.6534090909090909 0.5880681818181819 0.6875 0.6164772727272729 0.6875
19 0.4090909090909092 0.6633522727272727 0.384943181818182 0.6633522727272727 0.384943181818182 0.6931818181818182 0.4090909090909092 0.6931818181818182
19 0.19034090909090917 0.6590909090909091 0.17045454545454553 0.6590909090909091 0.17045454545454553 0.6946022727272727 0.19034090909090917 0.6946022727272727