55 0.5312500000000001 0.6747159090909091 0.40625000000000017 0.6747159090909091 0.40625000000000017 0.8053977272727273 0.5312500000000001 0.8053977272727273
37 0.5284090909090909 0.5241477272727273 0.4275568181818182 0.5241477272727273 0.4275568181818182 0.5724431818181818 0.5284090909090909 0.5724431818181818
37 0.5227272727272727 0.32954545454545464 0.42613636363636365 0.32954545454545464 0.42613636363636365 0.37926136363636365 0.5227272727272727 0.37926136363636365
37 0.5539772727272727 0.16477272727272732 0.45738636363636365 0.16477272727272732 0.45738636363636365 0.22159090909090917 0.5539772727272727 0.22159090909090917
19 0.3522727272727273 0.15625000000000003 0.32386363636363635 0.15625000000000003 0.32386363636363635 0.1860795454545455 0.3522727272727273 0.18607954545454553
19 0.32812500000000006 0.3096590909090909 0.3025568181818182 0.3096590909090909 0.30255681818181823 0.3380681818181818 0.32812500000000006 0.3380681818181818
19 0.30823863636363646 0.5071022727272727 0.2798295454545455 0.5071022727272727 0.2798295454545455 0.5369318181818182 0.30823863636363646 0.5369318181818182
19 0.2911931818181819 0.7201704545454546 0.26846590909090917 0.7201704545454546 0.26846590909090917 0.7457386363636364 0.2911931818181819 0.7457386363636364
19 0.6321022727272729 0.7428977272727273 0.606534090909091 0.7428977272727273 0.606534090909091 0.7670454545454546 0.6321022727272729 0.7670454545454546
19 0.6321022727272727 0.5198863636363636 0.6065340909090909 0.5198863636363636 0.6065340909090909 0.5454545454545454 0.6321022727272727 0.5454545454545454
19 0.6264204545454546 0.34517045454545464 0.5951704545454546 0.34517045454545464 0.5951704545454546 0.3721590909090909 0.6264204545454546 0.3721590909090909
19 0.6235795454545454 0.18323863636363644 0.5951704545454546 0.18323863636363644 0.5951704545454546 0.21022727272727282 0.6235795454545454 0.21022727272727282
44 0.49857954545454564 0.8252840909090909 0.4289772727272729 0.8252840909090909 0.4289772727272729 0.9105113636363636 0.49857954545454564 0.9105113636363636
44 0.4872159090909091 0.4034090909090909 0.44176136363636365 0.4034090909090909 0.44176136363636365 0.5142045454545454 0.4872159090909091 0.5142045454545454
44 0.4971590909090909 0.21732954545454553 0.453125 0.21732954545454553 0.453125 0.32812500000000006 0.4971590909090909 0.32812500000000006
44 0.5269886363636364 0.014204545454545518 0.4786931818181818 0.014204545454545515 0.4786931818181818 0.15198863636363644 0.5269886363636364 0.15198863636363644