20 0.8693181818181818 0.12926136363636373 0.8196022727272727 0.12926136363636373 0.8196022727272727 0.19176136363636373 0.8693181818181818 0.19176136363636373
4 0.796875 0.3110795454545455 0.7414772727272727 0.3110795454545455 0.7414772727272727 0.36789772727272746 0.796875 0.36789772727272746
19 0.6903409090909091 0.35937500000000006 0.6761363636363636 0.35937500000000006 0.6761363636363636 0.3778409090909092 0.6903409090909091 0.3778409090909092
19 0.7088068181818182 0.5553977272727274 0.6931818181818182 0.5553977272727274 0.6931818181818182 0.575284090909091 0.7088068181818182 0.575284090909091
19 0.796875 0.541193181818182 0.7784090909090909 0.541193181818182 0.7784090909090909 0.5653409090909093 0.796875 0.5653409090909093
43 0.8977272727272727 0.528409090909091 0.8735795454545454 0.528409090909091 0.8735795454545454 0.5639204545454547 0.8977272727272727 0.5639204545454547
8 0.6178977272727273 0.40625 0.5738636363636364 0.40625 0.5738636363636364 0.46732954545454547 0.6178977272727273 0.46732954545454547
44 0.6051136363636364 0.32812500000000006 0.5056818181818182 0.32812500000000006 0.5056818181818182 0.3877840909090909 0.6051136363636364 0.3877840909090909
5 0.5369318181818182 0.19602272727272735 0.5198863636363636 0.19602272727272735 0.5198863636363636 0.21875000000000008 0.5369318181818182 0.21875000000000008
45 0.3977272727272727 0.278409090909091 0.3465909090909091 0.278409090909091 0.3465909090909091 0.3579545454545455 0.3977272727272727 0.3579545454545455
47 0.19460227272727276 0.2883522727272727 0.16477272727272732 0.2883522727272727 0.16477272727272732 0.33948863636363635 0.19460227272727282 0.33948863636363635
47 0.1178977272727273 0.24289772727272727 0.08096590909090912 0.24289772727272727 0.08096590909090912 0.3153409090909091 0.1178977272727273 0.3153409090909091
43 0.9261363636363636 0.1406250000000001 0.8991477272727273 0.1406250000000001 0.8991477272727273 0.17045454545454558 0.9261363636363636 0.17045454545454558
44 0.9857954545454546 0.1747159090909092 0.9161931818181818 0.1747159090909092 0.9161931818181818 0.23011363636363644 0.9857954545454546 0.23011363636363644
44 0.875 0.3025568181818183 0.8039772727272727 0.3025568181818183 0.8039772727272727 0.3579545454545455 0.875 0.3579545454545455
44 0.8892045454545454 0.07670454545454555 0.8011363636363636 0.07670454545454555 0.8011363636363636 0.1278409090909092 0.8892045454545454 0.1278409090909092
44 0.9914772727272727 0.07954545454545466 0.9048295454545454 0.07954545454545464 0.9048295454545454 0.1406250000000001 0.9914772727272727 0.1406250000000001
44 0.9715909090909091 0.494318181818182 0.9048295454545454 0.494318181818182 0.9048295454545454 0.5653409090909093 0.9715909090909091 0.5653409090909093
44 0.7599431818181818 0.447443181818182 0.7059659090909091 0.447443181818182 0.7059659090909091 0.49289772727272746 0.7599431818181818 0.49289772727272746
44 0.35937500000000006 0.421875 0.3167613636363637 0.421875 0.3167613636363637 0.4588068181818182 0.35937500000000006 0.4588068181818182
44 0.24573863636363644 0.43892045454545453 0.19034090909090917 0.43892045454545453 0.19034090909090917 0.4914772727272727 0.24573863636363644 0.4914772727272727
44 0.19318181818181826 0.34375 0.12642045454545459 0.34375 0.12642045454545459 0.38636363636363635 0.19318181818181826 0.38636363636363635
44 0.1846590909090909 0.1903409090909091 0.0923295454545455 0.1903409090909091 0.0923295454545455 0.2372159090909091 0.1846590909090909 0.2372159090909091
44 0.19460227272727273 0.07386363636363638 0.14488636363636365 0.07386363636363638 0.14488636363636365 0.12642045454545456 0.19460227272727273 0.12642045454545459
44 0.3125 0.1903409090909091 0.25 0.1903409090909091 0.25 0.24289772727272727 0.3125 0.24289772727272727
44 0.33522727272727276 0.27840909090909094 0.2684659090909091 0.2784090909090909 0.2684659090909091 0.34090909090909094 0.3352272727272728 0.340909090909091
44 0.0809659090909091 0.07244318181818182 0.0340909090909091 0.07244318181818182 0.03409090909090911 0.1278409090909091 0.08096590909090912 0.1278409090909091
37 0.27698863636363646 0.4247159090909091 0.24005681818181826 0.4247159090909091 0.24005681818181826 0.5 0.27698863636363646 0.5
37 0.3224431818181819 0.4133522727272727 0.2883522727272728 0.4133522727272727 0.2883522727272728 0.4914772727272727 0.3224431818181819 0.4914772727272727
37 0.25426136363636365 0.18039772727272732 0.22301136363636365 0.18039772727272732 0.22301136363636365 0.25426136363636365 0.25426136363636365 0.25426136363636365
37 0.20170454545454544 0.12357954545454547 0.13352272727272727 0.12357954545454546 0.1335227272727273 0.16619318181818185 0.20170454545454544 0.16619318181818185
38 0.11931818181818184 0.10511363636363637 0.052556818181818205 0.10511363636363637 0.052556818181818205 0.20170454545454544 0.11931818181818186 0.20170454545454544
19 0.19744318181818182 0.26136363636363635 0.17755681818181823 0.26136363636363635 0.17755681818181823 0.2840909090909091 0.19744318181818182 0.2840909090909091
19 0.061079545454545484 0.24005681818181818 0.042613636363636395 0.24005681818181818 0.042613636363636395 0.26420454545454547 0.0610795454545455 0.26420454545454547
19 0.052556818181818205 0.1875 0.03835227272727275 0.1875 0.038352272727272756 0.20738636363636365 0.052556818181818205 0.20738636363636365
19 0.05113636363636365 0.15625 0.03551136363636365 0.15625 0.03551136363636365 0.1747159090909091 0.05113636363636365 0.1747159090909091
19 0.24289772727272727 0.13068181818181823 0.22443181818181818 0.13068181818181823 0.22443181818181818 0.15625000000000003 0.24289772727272727 0.15625000000000003
19 0.2528409090909091 0.2599431818181818 0.2372159090909091 0.2599431818181818 0.2372159090909091 0.27698863636363635 0.2528409090909091 0.27698863636363635
5 0.262784090909091 0.3494318181818182 0.24147727272727282 0.3494318181818182 0.24147727272727282 0.37073863636363635 0.262784090909091 0.37073863636363635
19 0.200284090909091 0.3565340909090909 0.1889204545454546 0.3565340909090909 0.1889204545454546 0.37357954545454547 0.200284090909091 0.37357954545454547
19 0.30539772727272735 0.3409090909090909 0.2869318181818183 0.3409090909090909 0.2869318181818183 0.3678977272727273 0.30539772727272735 0.3678977272727273
19 0.3693181818181818 0.14062500000000003 0.3522727272727273 0.14062500000000003 0.3522727272727273 0.16335227272727276 0.3693181818181818 0.16335227272727276
19 0.5340909090909091 0.13636363636363644 0.515625 0.13636363636363644 0.515625 0.1576704545454546 0.5340909090909091 0.1576704545454546
19 0.5397727272727273 0.24147727272727282 0.5198863636363636 0.24147727272727282 0.5198863636363636 0.26562500000000006 0.5397727272727273 0.26562500000000006
19 0.4431818181818182 0.3536931818181819 0.4318181818181818 0.3536931818181819 0.4318181818181818 0.37357954545454547 0.4431818181818182 0.37357954545454547
19 0.46875 0.34517045454545464 0.453125 0.34517045454545464 0.453125 0.3721590909090909 0.46875 0.3721590909090909
19 0.4474431818181818 0.215909090909091 0.4303977272727273 0.215909090909091 0.4303977272727273 0.2357954545454546 0.4474431818181818 0.2357954545454546
19 0.7840909090909091 0.16051136363636373 0.7642045454545454 0.16051136363636373 0.7642045454545454 0.18323863636363644 0.7840909090909091 0.18323863636363644
19 0.6534090909090909 0.36079545454545464 0.6278409090909091 0.36079545454545464 0.6278409090909091 0.390625 0.6534090909090909 0.390625
8 0.5284090909090909 0.390625 0.4772727272727273 0.390625 0.4772727272727273 0.453125 0.5284090909090909 0.453125
8 0.5184659090909091 0.26846590909090917 0.4744318181818182 0.26846590909090917 0.4744318181818182 0.3267045454545455 0.5184659090909091 0.3267045454545455
8 0.6036931818181818 0.26562500000000006 0.5553977272727273 0.26562500000000006 0.5553977272727273 0.325284090909091 0.6036931818181818 0.325284090909091
19 0.5667613636363636 0.4715909090909091 0.5440340909090909 0.4715909090909091 0.5440340909090909 0.49573863636363635 0.5667613636363636 0.49573863636363635
19 0.5696022727272727 0.5596590909090909 0.5511363636363636 0.5596590909090909 0.5511363636363636 0.5880681818181818 0.5696022727272727 0.5880681818181818
19 0.4147727272727273 0.5667613636363636 0.38920454545454547 0.5667613636363636 0.38920454545454547 0.6008522727272727 0.4147727272727273 0.6008522727272727
19 0.3338068181818183 0.5738636363636364 0.31392045454545464 0.5738636363636364 0.31392045454545464 0.5994318181818182 0.3338068181818183 0.5994318181818182
19 0.2883522727272728 0.5823863636363636 0.26704545454545464 0.5823863636363636 0.26704545454545464 0.6065340909090909 0.2883522727272728 0.6065340909090909
19 0.09659090909090917 0.5809659090909091 0.07812500000000008 0.5809659090909091 0.07812500000000008 0.6051136363636364 0.09659090909090917 0.6051136363636364
19 0.09801136363636367 0.3224431818181818 0.08380681818181822 0.3224431818181818 0.08380681818181822 0.33948863636363635 0.09801136363636367 0.33948863636363635
14 0.7116477272727273 0.4417613636363638 0.6747159090909091 0.4417613636363638 0.6747159090909091 0.512784090909091 0.7116477272727273 0.512784090909091