48 0.5667613636363636 0.39488636363636365 0.484375 0.39488636363636365 0.484375 0.4460227272727273 0.5667613636363636 0.4460227272727273
19 0.47301136363636365 0.43607954545454547 0.45454545454545453 0.43607954545454547 0.45454545454545453 0.4474431818181818 0.47301136363636365 0.4474431818181818
19 0.6107954545454546 0.4303977272727273 0.5923295454545454 0.4303977272727273 0.5923295454545454 0.4431818181818182 0.6107954545454546 0.4431818181818182
19 0.6193181818181818 0.5284090909090909 0.5965909090909091 0.5284090909090909 0.5965909090909091 0.5454545454545454 0.6193181818181818 0.5454545454545454
19 0.4900568181818182 0.5355113636363636 0.4715909090909091 0.5355113636363636 0.4715909090909091 0.5497159090909091 0.4900568181818182 0.5497159090909091
19 0.43323863636363635 0.5369318181818182 0.41761363636363635 0.5369318181818182 0.41761363636363635 0.5482954545454546 0.43323863636363635 0.5482954545454546
19 0.4346590909090909 0.6349431818181818 0.41761363636363635 0.6349431818181818 0.41761363636363635 0.6463068181818182 0.4346590909090909 0.6463068181818182
19 0.5326704545454546 0.3352272727272728 0.5014204545454546 0.3352272727272728 0.5014204545454546 0.35511363636363646 0.5326704545454546 0.35511363636363646
19 0.25284090909090917 0.35795454545454547 0.22727272727272735 0.35795454545454547 0.22727272727272735 0.3721590909090909 0.25284090909090917 0.3721590909090909
19 0.25142045454545464 0.4715909090909091 0.2357954545454546 0.4715909090909091 0.2357954545454546 0.48295454545454547 0.25142045454545464 0.48295454545454547
19 0.25284090909090917 0.5369318181818182 0.2357954545454546 0.5369318181818182 0.2357954545454546 0.5497159090909091 0.25284090909090917 0.5497159090909091
19 0.247159090909091 0.6321022727272727 0.2286931818181819 0.6321022727272727 0.2286931818181819 0.6448863636363636 0.247159090909091 0.6448863636363636
43 0.26846590909090917 0.7926136363636364 0.23011363636363644 0.7926136363636364 0.23011363636363644 0.8153409090909091 0.26846590909090917 0.8153409090909091
43 0.6420454545454547 0.8039772727272727 0.6022727272727274 0.8039772727272727 0.6022727272727274 0.828125 0.6420454545454547 0.828125
4 0.666193181818182 0.6718750000000001 0.5781250000000001 0.671875 0.5781250000000001 0.7059659090909092 0.666193181818182 0.7059659090909093
56 0.9105113636363636 0.416193181818182 0.8551136363636364 0.416193181818182 0.8551136363636364 0.46164772727272746 0.9105113636363636 0.46164772727272746
13 0.21875000000000008 0.46448863636363635 0.17329545454545459 0.46448863636363635 0.1732954545454546 0.5071022727272727 0.21875000000000008 0.5071022727272727
43 0.2627840909090909 0.21164772727272727 0.22585227272727273 0.21164772727272727 0.22585227272727273 0.23579545454545456 0.2627840909090909 0.23579545454545456
43 0.5213068181818182 0.1974431818181819 0.484375 0.1974431818181819 0.484375 0.22159090909090917 0.5213068181818182 0.22159090909090917
4 0.5454545454545454 0.23437500000000008 0.4758522727272727 0.23437500000000008 0.4758522727272727 0.26846590909090917 0.5454545454545454 0.26846590909090917
37 0.7613636363636364 0.309659090909091 0.6988636363636364 0.309659090909091 0.6988636363636364 0.3423295454545455 0.7613636363636364 0.3423295454545455
37 0.7769886363636364 0.5184659090909093 0.7002840909090909 0.5184659090909093 0.7002840909090909 0.5482954545454547 0.7769886363636364 0.5482954545454547
37 0.40198863636363635 0.5326704545454546 0.3338068181818183 0.5326704545454546 0.3338068181818183 0.5582386363636364 0.40198863636363635 0.5582386363636364
37 0.42329545454545453 0.33948863636363646 0.3536931818181819 0.33948863636363646 0.3536931818181819 0.37073863636363635 0.42329545454545453 0.37073863636363635
4 0.38920454545454547 0.6235795454545454 0.35511363636363646 0.6235795454545454 0.35511363636363646 0.65625 0.38920454545454547 0.65625
44 0.21448863636363644 0.515625 0.16477272727272735 0.515625 0.16477272727272735 0.5852272727272727 0.21448863636363644 0.5852272727272727
44 0.3963068181818183 0.6590909090909091 0.3423295454545455 0.6590909090909091 0.3423295454545455 0.6960227272727273 0.39630681818181834 0.6960227272727273
44 0.3849431818181818 0.5625 0.33096590909090917 0.5625 0.33096590909090917 0.6079545454545454 0.3849431818181818 0.6079545454545454
44 0.29261363636363646 0.8338068181818182 0.23721590909090917 0.8338068181818182 0.23721590909090917 0.8849431818181818 0.29261363636363646 0.8849431818181818
44 0.6619318181818183 0.8380681818181818 0.5994318181818183 0.8380681818181818 0.5994318181818183 0.9105113636363636 0.6619318181818183 0.9105113636363636
44 0.7230113636363638 0.6832386363636366 0.6704545454545456 0.6832386363636366 0.6704545454545456 0.7258522727272729 0.7230113636363638 0.7258522727272729
44 0.7727272727272727 0.5610795454545456 0.7073863636363636 0.5610795454545456 0.7073863636363636 0.6178977272727274 0.7727272727272727 0.6178977272727274
44 0.7542613636363636 0.34517045454545464 0.6988636363636364 0.34517045454545464 0.6988636363636364 0.4019886363636365 0.7542613636363636 0.4019886363636365
44 0.609375 0.23295454545454553 0.5497159090909091 0.23295454545454553 0.5497159090909091 0.27698863636363646 0.609375 0.27698863636363646
44 0.5667613636363636 0.3821022727272727 0.5326704545454546 0.3821022727272727 0.5326704545454546 0.3963068181818182 0.5667613636363636 0.3963068181818182
44 0.5795454545454546 0.44176136363636365 0.5454545454545454 0.44176136363636365 0.5454545454545454 0.4616477272727273 0.5795454545454546 0.4616477272727273
44 0.5269886363636364 0.4502840909090909 0.4900568181818182 0.4502840909090909 0.4900568181818182 0.46448863636363635 0.5269886363636364 0.46448863636363635
44 0.5340909090909091 0.1264204545454546 0.4715909090909091 0.12642045454545459 0.4715909090909091 0.18323863636363644 0.5340909090909091 0.18323863636363644
44 0.41761363636363635 0.3721590909090909 0.3579545454545455 0.3721590909090909 0.3579545454545455 0.421875 0.41761363636363635 0.421875
44 0.2684659090909091 0.14346590909090914 0.22301136363636365 0.14346590909090914 0.22301136363636365 0.19176136363636365 0.2684659090909091 0.19176136363636365
44 0.9431818181818182 0.46875000000000017 0.8693181818181818 0.46875000000000017 0.8693181818181818 0.525568181818182 0.9431818181818182 0.525568181818182
19 0.8082386363636364 0.5184659090909093 0.7869318181818182 0.5184659090909093 0.7869318181818182 0.5355113636363638 0.8082386363636364 0.5355113636363638
19 0.8125 0.4403409090909092 0.7940340909090909 0.4403409090909092 0.7940340909090909 0.45170454545454564 0.8125 0.45170454545454564
19 0.8139204545454546 0.31534090909090917 0.7954545454545454 0.31534090909090917 0.7954545454545454 0.32812500000000006 0.8139204545454546 0.32812500000000006