44 0.16296296306818187 0.18353909517045455 0.09444444460227276 0.18353909517045455 0.09444444460227276 0.2353909474431818 0.16296296306818187 0.2353909474431818
44 0.2416666661931819 0.5753086420454546 0.19722222159090919 0.5753086420454546 0.19722222159090919 0.6592592599431818 0.2416666661931819 0.6592592599431818
44 0.06944444460227282 0.6925925923295455 0.01388888920454554 0.6925925923295455 0.013888889204545542 0.745679012784091 0.06944444460227282 0.745679012784091
44 0.384259259943182 0.6864197528409091 0.3462962968750001 0.6864197528409091 0.3462962968750001 0.745679012784091 0.384259259943182 0.745679012784091
44 0.7055555553977274 0.6691358025568183 0.6638888892045456 0.6691358025568183 0.6638888892045456 0.7296296292613637 0.7055555553977274 0.7296296292613637
44 0.625 0.5456790127840909 0.5268518522727272 0.5456790127840909 0.5268518522727272 0.5901234573863636 0.625 0.5901234573863636
44 0.7083333338068182 0.4888888892045456 0.6796296292613636 0.4888888892045456 0.6796296292613636 0.5518518522727275 0.7083333338068182 0.5518518522727275
44 0.6851851846590908 0.38271604971590917 0.6546296292613637 0.38271604971590906 0.6546296292613637 0.4308641974431819 0.6851851846590908 0.430864197443182
44 0.8620370369318181 0.5283950610795456 0.7962962968749999 0.5283950610795456 0.7962962968749999 0.5617283948863638 0.8620370369318181 0.5617283948863638
44 0.9888888892045454 0.36790123437500016 0.8787037031249999 0.36790123437500016 0.8787037031249999 0.40740740767045475 0.9888888892045454 0.40740740767045475
44 0.25925925994318183 0.32962962926136363 0.22592592613636364 0.32962962926136363 0.22592592613636367 0.3913580241477273 0.2592592599431819 0.3913580241477273
44 0.360185184659091 0.5333333338068181 0.29259259232954554 0.5333333338068181 0.29259259232954554 0.5654320994318182 0.360185184659091 0.5654320994318182
47 0.375 0.4518518522727273 0.32685185227272734 0.4518518522727273 0.32685185227272734 0.5283950610795455 0.375 0.5283950610795455
47 0.5138888892045455 0.47654321022727275 0.45462962926136363 0.47654321022727275 0.45462962926136363 0.5629629630681818 0.5138888892045455 0.5629629630681818
42 0.9277777784090909 0.6234567897727274 0.8666666661931818 0.6234567897727274 0.8666666661931818 0.7160493821022729 0.9277777784090909 0.7160493821022729
45 0.8138888892045454 0.5691358025568184 0.764814815340909 0.5691358025568184 0.764814815340909 0.6506172840909092 0.8138888892045454 0.6506172840909092
19 0.8731481477272727 0.4814814815340911 0.8546296292613637 0.4814814815340911 0.8546296292613637 0.5086419758522729 0.8731481477272727 0.5086419758522729
19 0.7953703707386364 0.47160493892045474 0.7768518522727272 0.47160493892045474 0.7768518522727272 0.4975308636363638 0.7953703707386364 0.4975308636363638
19 0.7851851846590908 0.37777777840909105 0.7731481477272727 0.37777777840909105 0.7731481477272727 0.3962962968750002 0.7851851846590908 0.3962962968750002
19 0.7879629630681818 0.41234567897727287 0.775 0.41234567897727287 0.775 0.430864197443182 0.7879629630681818 0.430864197443182
19 0.8527777784090909 0.32592592613636373 0.8416666661931818 0.32592592613636373 0.8416666661931818 0.3444444446022728 0.8527777784090909 0.3444444446022728
19 0.7851851846590908 0.3160493821022728 0.7703703707386363 0.3160493821022728 0.7703703707386363 0.3358024687500001 0.7851851846590908 0.3358024687500001
20 0.7629629630681819 0.3691358025568183 0.7111111107954545 0.3691358025568183 0.7111111107954545 0.45185185227272745 0.7629629630681819 0.45185185227272745
8 0.8777777784090909 0.36419753125000015 0.831481481534091 0.36419753125000015 0.831481481534091 0.41851851846590926 0.8777777784090909 0.41851851846590926
37 0.653703703125 0.37160493892045454 0.6268518522727272 0.37160493892045454 0.6268518522727272 0.43086419744318183 0.653703703125 0.43086419744318183
38 0.6759259261363636 0.47283950568181826 0.6212982698863636 0.47283950568181815 0.6212982698863636 0.554371002840909 0.6759259261363636 0.5543710028409091
5 0.475 0.43209876562500005 0.45833333380681823 0.43209876562500005 0.45833333380681823 0.4518518522727273 0.475 0.4518518522727273
19 0.42222222159090905 0.5851851846590909 0.40277777840909096 0.5851851846590909 0.40277777840909096 0.6086419758522728 0.42222222159090905 0.6086419758522728
19 0.46666666619318187 0.5925925923295454 0.4481481477272727 0.5925925923295454 0.4481481477272727 0.6172839502840909 0.46666666619318187 0.6172839502840909
19 0.37222222159090906 0.5753086420454546 0.35833333380681825 0.5753086420454546 0.35833333380681825 0.5925925923295454 0.37222222159090906 0.5925925923295454
19 0.28888888920454553 0.47283950568181815 0.27129629687500006 0.47283950568181815 0.27129629687500006 0.4987654318181818 0.28888888920454553 0.4987654318181818
19 0.32129629687500005 0.47654321022727275 0.3018518522727274 0.47654321022727275 0.3018518522727274 0.5024691363636363 0.32129629687500005 0.5024691363636363
19 0.327777778409091 0.38024691335227273 0.3166666661931819 0.38024691335227273 0.3166666661931819 0.3975308636363637 0.327777778409091 0.3975308636363637
19 0.3796296292613636 0.42469135795454543 0.3675925923295455 0.42469135795454543 0.3675925923295455 0.4407407400568182 0.3796296292613636 0.4407407400568182
37 0.4268518522727275 0.6740740738636364 0.38796296306818195 0.6740740738636364 0.38796296306818195 0.7555555553977272 0.4268518522727275 0.7555555553977272
37 0.2842592599431819 0.5728395056818182 0.24537037073863646 0.5728395056818182 0.24537037073863646 0.6469135795454546 0.2842592599431819 0.6469135795454546
43 0.106481481534091 0.7185185184659091 0.08148148153409099 0.7185185184659091 0.081481481534091 0.754320987215909 0.106481481534091 0.754320987215909
43 0.17500000000000004 0.19547325000000002 0.14598765482954548 0.19547325000000002 0.14598765482954548 0.23456790056818183 0.17500000000000004 0.23456790056818183
19 0.7990740738636363 0.83580246875 0.7824074076704545 0.83580246875 0.7824074076704545 0.8654320994318181 0.7990740738636363 0.8654320994318181
19 0.8972222215909091 0.8481481477272728 0.8814814815340909 0.8481481477272728 0.8814814815340909 0.8703703707386363 0.8972222215909091 0.8703703707386363
19 0.6546296292613637 0.28765432102272737 0.6388888892045455 0.28765432102272737 0.6388888892045455 0.3123456789772728 0.6546296292613637 0.3123456789772728
19 0.475 0.38271604971590906 0.45833333380681823 0.38271604971590906 0.45833333380681823 0.40617283948863636 0.475 0.40617283948863636
19 0.29259259232954543 0.23209876562499998 0.2777777784090909 0.23209876562499998 0.2777777784090909 0.2493827159090909 0.29259259232954543 0.2493827159090909
37 0.2972222215909091 0.32098765482954544 0.2685185184659091 0.32098765482954544 0.26851851846590913 0.3925925923295454 0.29722222159090916 0.3925925923295454
19 0.5518518522727273 0.514814815340909 0.5314814815340909 0.514814815340909 0.5314814815340909 0.5395061732954546 0.5518518522727273 0.5395061732954546
19 0.5509259261363636 0.4370370369318182 0.5351851846590909 0.4370370369318182 0.5351851846590909 0.45679012357954546 0.5509259261363636 0.45679012357954546
5 0.6620370369318181 0.6160493821022728 0.6388888892045455 0.6160493821022727 0.6388888892045455 0.6382716051136365 0.6620370369318181 0.6382716051136366
37 0.6648148153409091 0.6467901235795456 0.6259259261363637 0.6467901235795455 0.6259259261363638 0.7296296292613637 0.6648148153409092 0.7296296292613637
19 0.6509259261363638 0.8111111107954546 0.6324074076704547 0.8111111107954546 0.6324074076704547 0.8407407400568182 0.6509259261363638 0.8407407400568182
19 0.40925925994318196 0.7839506178977274 0.3944444446022729 0.7839506178977274 0.3944444446022729 0.8024691363636364 0.40925925994318196 0.8024691363636364
19 0.2546296292613637 0.7518518522727273 0.23981481534090918 0.7518518522727273 0.23981481534090918 0.7703703707386363 0.2546296292613637 0.7703703707386363