28 0.7826704545454546 0.2556818181818183 0.578125 0.2556818181818183 0.578125 0.4275568181818183 0.7826704545454546 0.42755681818181834
43 0.7201704545454546 0.13210227272727282 0.6889204545454546 0.13210227272727282 0.6889204545454546 0.15482954545454553 0.7201704545454546 0.15482954545454553
44 0.7869318181818182 0.09801136363636372 0.7272727272727273 0.09801136363636372 0.7272727272727273 0.16761363636363644 0.7869318181818182 0.16761363636363644
4 0.4943181818181818 0.34659090909090917 0.43892045454545453 0.34659090909090917 0.43892045454545453 0.37357954545454547 0.4943181818181818 0.37357954545454547
37 0.5553977272727273 0.3181818181818183 0.5085227272727273 0.3181818181818183 0.5085227272727273 0.3849431818181818 0.5553977272727273 0.3849431818181818
44 0.6732954545454547 0.8252840909090909 0.6136363636363638 0.8252840909090909 0.6136363636363638 0.8806818181818182 0.6732954545454547 0.8806818181818182
44 0.4247159090909092 0.8125 0.3707386363636365 0.8125 0.3707386363636365 0.8636363636363636 0.4247159090909092 0.8636363636363636
44 0.609375 0.5596590909090909 0.5610795454545454 0.5596590909090909 0.5610795454545454 0.6051136363636364 0.609375 0.6051136363636364
44 0.4588068181818182 0.309659090909091 0.4247159090909091 0.309659090909091 0.4247159090909091 0.340909090909091 0.4588068181818182 0.340909090909091
44 0.5880681818181818 0.2911931818181819 0.5482954545454546 0.2911931818181819 0.5482954545454546 0.325284090909091 0.5880681818181818 0.325284090909091
44 0.4602272727272727 0.06676136363636369 0.4034090909090909 0.06676136363636367 0.4034090909090909 0.11221590909090913 0.4602272727272727 0.11221590909090913
43 0.43323863636363635 0.13778409090909094 0.3963068181818182 0.13778409090909094 0.3963068181818182 0.16051136363636367 0.43323863636363635 0.16051136363636367
43 0.6548295454545456 0.7627840909090909 0.6235795454545456 0.7627840909090909 0.6235795454545456 0.7911931818181818 0.6548295454545456 0.7911931818181818
43 0.41193181818181834 0.7514204545454546 0.3778409090909092 0.7514204545454546 0.3778409090909092 0.7826704545454546 0.41193181818181834 0.7826704545454546
19 0.5667613636363636 0.19886363636363644 0.5411931818181818 0.19886363636363644 0.5411931818181818 0.21448863636363644 0.5667613636363636 0.21448863636363644
19 0.7088068181818182 0.20880681818181826 0.6889204545454546 0.20880681818181826 0.6889204545454546 0.22727272727272735 0.7088068181818182 0.22727272727272735
19 0.4928977272727273 0.19460227272727282 0.4758522727272727 0.19460227272727282 0.4758522727272727 0.20738636363636373 0.4928977272727273 0.20738636363636373
19 0.4616477272727273 0.47017045454545453 0.43892045454545453 0.47017045454545453 0.43892045454545453 0.48579545454545453 0.4616477272727273 0.48579545454545453
19 0.5383522727272727 0.484375 0.515625 0.484375 0.515625 0.5014204545454546 0.5383522727272727 0.5014204545454546
19 0.6420454545454546 0.4943181818181818 0.6193181818181818 0.4943181818181818 0.6193181818181818 0.5127840909090909 0.6420454545454546 0.5127840909090909
19 0.7187500000000001 0.6732954545454547 0.7017045454545456 0.6732954545454547 0.7017045454545456 0.6875000000000001 0.7187500000000001 0.6875000000000001
19 0.4076704545454547 0.6676136363636364 0.3821022727272729 0.6676136363636364 0.3821022727272729 0.6860795454545454 0.4076704545454547 0.6860795454545454
5 0.6463068181818183 0.6732954545454546 0.6250000000000001 0.6732954545454546 0.6250000000000001 0.6889204545454546 0.6463068181818183 0.6889204545454546
37 0.6534090909090909 0.546875 0.6079545454545454 0.546875 0.6079545454545454 0.6193181818181818 0.6534090909090909 0.6193181818181818