42 0.6036931818181818 0.5056818181818182 0.5710227272727273 0.5056818181818182 0.5710227272727273 0.5625 0.6036931818181818 0.5625
42 0.19602272727272735 0.5852272727272727 0.137784090909091 0.5852272727272727 0.137784090909091 0.6463068181818182 0.19602272727272735 0.6463068181818182
17 0.465909090909091 0.39488636363636365 0.325284090909091 0.39488636363636365 0.325284090909091 0.6676136363636364 0.46590909090909105 0.6676136363636364
4 0.5071022727272727 0.5014204545454546 0.4772727272727273 0.5014204545454546 0.4772727272727273 0.5269886363636364 0.5071022727272727 0.5269886363636364
37 0.4303977272727273 0.247159090909091 0.40198863636363635 0.247159090909091 0.40198863636363635 0.34517045454545464 0.4303977272727273 0.34517045454545464
37 0.15340909090909094 0.26704545454545453 0.11647727272727276 0.26704545454545453 0.11647727272727276 0.359375 0.15340909090909094 0.359375
44 0.2215909090909091 0.27982954545454547 0.15340909090909094 0.27982954545454547 0.15340909090909094 0.3252840909090909 0.2215909090909091 0.3252840909090909
44 0.6434659090909093 0.6974431818181818 0.6079545454545456 0.6974431818181818 0.6079545454545456 0.7372159090909091 0.6434659090909093 0.7372159090909091
44 0.5525568181818182 0.4715909090909091 0.5 0.4715909090909091 0.5 0.5042613636363636 0.5525568181818182 0.5042613636363636
44 0.5127840909090909 0.2698863636363637 0.4275568181818182 0.2698863636363637 0.4275568181818182 0.3196022727272728 0.5127840909090909 0.3196022727272728
44 0.6278409090909091 0.06392045454545463 0.5965909090909091 0.06392045454545463 0.5965909090909091 0.11221590909090917 0.6278409090909091 0.11221590909090917
43 0.5951704545454546 0.08806818181818189 0.5838068181818182 0.08806818181818189 0.5838068181818182 0.10369318181818189 0.5951704545454546 0.10369318181818189
43 0.6207386363636366 0.7357954545454546 0.6079545454545456 0.7357954545454546 0.6079545454545456 0.75 0.6207386363636366 0.75
19 0.5781250000000001 0.7315340909090909 0.5653409090909093 0.7315340909090909 0.5653409090909093 0.7485795454545454 0.5781250000000001 0.7485795454545454
19 0.4914772727272729 0.7414772727272727 0.47727272727272746 0.7414772727272727 0.47727272727272746 0.7571022727272727 0.4914772727272729 0.7571022727272727
19 0.384943181818182 0.75 0.37357954545454564 0.75 0.37357954545454564 0.7642045454545454 0.384943181818182 0.7642045454545454
19 0.4389204545454547 0.7485795454545454 0.4247159090909092 0.7485795454545454 0.4247159090909092 0.765625 0.4389204545454547 0.765625
19 0.21164772727272735 0.7642045454545454 0.19886363636363644 0.7642045454545454 0.19886363636363644 0.7826704545454546 0.21164772727272735 0.7826704545454546
19 0.20880681818181826 0.5198863636363636 0.19460227272727282 0.5198863636363636 0.19460227272727282 0.5369318181818182 0.20880681818181826 0.5369318181818182
19 0.17045454545454553 0.5213068181818182 0.15909090909090917 0.5213068181818182 0.15909090909090917 0.5355113636363636 0.17045454545454553 0.5355113636363636
19 0.13352272727272732 0.1747159090909091 0.12215909090909095 0.1747159090909091 0.12215909090909095 0.18892045454545456 0.13352272727272732 0.18892045454545456
19 0.3664772727272727 0.13210227272727276 0.3522727272727273 0.13210227272727276 0.3522727272727273 0.1519886363636364 0.3664772727272727 0.1519886363636364
19 0.4247159090909091 0.1235795454545455 0.4090909090909091 0.1235795454545455 0.4090909090909091 0.1392045454545455 0.4247159090909091 0.1392045454545455
19 0.4914772727272727 0.35511363636363646 0.4786931818181818 0.35511363636363646 0.4786931818181818 0.3721590909090909 0.4914772727272727 0.3721590909090909
19 0.42329545454545453 0.36221590909090917 0.41051136363636365 0.36221590909090917 0.41051136363636365 0.37642045454545453 0.42329545454545453 0.37642045454545453
19 0.6022727272727273 0.3480113636363637 0.5866477272727273 0.3480113636363637 0.5866477272727273 0.3664772727272727 0.6022727272727273 0.3664772727272727
44 0.4119318181818182 0.47017045454545453 0.3664772727272727 0.47017045454545453 0.3664772727272727 0.53125 0.4119318181818182 0.53125
44 0.3664772727272727 0.5056818181818182 0.34517045454545464 0.5056818181818182 0.34517045454545464 0.5440340909090909 0.3664772727272727 0.5440340909090909
44 0.37642045454545453 0.4190340909090909 0.3579545454545455 0.4190340909090909 0.3579545454545455 0.45454545454545453 0.37642045454545453 0.45454545454545453
44 0.4247159090909091 0.41761363636363635 0.4090909090909091 0.41761363636363635 0.4090909090909091 0.4559659090909091 0.4247159090909091 0.4559659090909091
44 0.43607954545454547 0.6065340909090909 0.42045454545454547 0.6065340909090909 0.42045454545454547 0.6420454545454546 0.43607954545454547 0.6420454545454546
44 0.3835227272727273 0.6136363636363636 0.3678977272727273 0.6136363636363636 0.3678977272727273 0.6505681818181818 0.3835227272727273 0.6505681818181818
19 0.20596590909090917 0.6022727272727273 0.200284090909091 0.6022727272727273 0.200284090909091 0.6122159090909091 0.20596590909090917 0.6122159090909091
19 0.20596590909090917 0.6150568181818182 0.19886363636363644 0.6150568181818182 0.19886363636363644 0.6235795454545454 0.20596590909090917 0.6235795454545454