19 0.4900568181818182 0.3579545454545455 0.4786931818181818 0.3579545454545455 0.4786931818181818 0.37073863636363635 0.4900568181818182 0.37073863636363635
19 0.5625 0.3536931818181819 0.5525568181818182 0.3536931818181819 0.5525568181818182 0.3664772727272727 0.5625 0.3664772727272727
4 0.5767045454545454 0.4786931818181818 0.546875 0.4786931818181818 0.546875 0.5028409090909091 0.5767045454545454 0.5028409090909091
44 0.6306818181818182 0.453125 0.5724431818181818 0.453125 0.5724431818181818 0.4815340909090909 0.6306818181818182 0.4815340909090909
44 0.5909090909090909 0.278409090909091 0.4971590909090909 0.278409090909091 0.4971590909090909 0.32102272727272735 0.5909090909090909 0.32102272727272735
37 0.5028409090909091 0.2571022727272728 0.47017045454545453 0.2571022727272728 0.47017045454545453 0.3423295454545455 0.5028409090909091 0.3423295454545455
37 0.16619318181818185 0.2627840909090909 0.12926136363636367 0.2627840909090909 0.12926136363636367 0.34801136363636365 0.16619318181818185 0.34801136363636365
44 0.2599431818181818 0.27698863636363635 0.16903409090909094 0.27698863636363635 0.16903409090909094 0.31676136363636365 0.2599431818181818 0.31676136363636365
44 0.7684659090909091 0.6477272727272729 0.7244318181818182 0.6477272727272729 0.7244318181818182 0.6832386363636366 0.7684659090909091 0.6832386363636366
42 0.7045454545454546 0.48295454545454564 0.6647727272727273 0.48295454545454564 0.6647727272727273 0.5326704545454547 0.7045454545454546 0.5326704545454547
42 0.17897727272727282 0.5653409090909091 0.1008522727272728 0.5653409090909091 0.1008522727272728 0.6278409090909091 0.17897727272727282 0.6278409090909091
19 0.20170454545454553 0.5809659090909091 0.19034090909090917 0.5809659090909091 0.19034090909090917 0.5909090909090909 0.20170454545454553 0.5909090909090909
19 0.19460227272727282 0.5923295454545454 0.18750000000000008 0.5923295454545454 0.18750000000000008 0.6022727272727273 0.19460227272727282 0.6022727272727273
19 0.20312500000000008 0.5014204545454546 0.19460227272727282 0.5014204545454546 0.19460227272727282 0.515625 0.20312500000000008 0.515625
19 0.15482954545454553 0.5056818181818182 0.1420454545454546 0.5056818181818182 0.1420454545454546 0.5184659090909091 0.15482954545454553 0.5184659090909091
19 0.15767045454545459 0.18039772727272727 0.14914772727272732 0.18039772727272727 0.14914772727272732 0.19176136363636365 0.15767045454545459 0.19176136363636365
19 0.43607954545454547 0.16051136363636367 0.42329545454545453 0.16051136363636367 0.42329545454545453 0.17471590909090914 0.43607954545454547 0.17471590909090914
19 0.4971590909090909 0.15482954545454553 0.4872159090909091 0.1548295454545455 0.4872159090909091 0.16903409090909097 0.4971590909090909 0.169034090909091
44 0.7315340909090909 0.11931818181818189 0.6988636363636364 0.11931818181818189 0.6988636363636364 0.1576704545454546 0.7315340909090909 0.1576704545454546
44 0.4758522727272727 0.453125 0.41761363636363635 0.453125 0.41761363636363635 0.5071022727272727 0.4758522727272727 0.5071022727272727
44 0.41051136363636365 0.484375 0.3877840909090909 0.484375 0.3877840909090909 0.5184659090909091 0.41051136363636365 0.5184659090909091
44 0.4346590909090909 0.4090909090909091 0.4161931818181818 0.4090909090909091 0.4161931818181818 0.43892045454545453 0.4346590909090909 0.43892045454545453
44 0.4900568181818182 0.40625 0.4715909090909091 0.40625 0.4715909090909091 0.43892045454545453 0.4900568181818182 0.43892045454545453
44 0.4900568181818182 0.5752840909090909 0.47301136363636365 0.5752840909090909 0.47301136363636365 0.6107954545454546 0.4900568181818182 0.6107954545454546
44 0.42329545454545453 0.5852272727272727 0.4090909090909091 0.5852272727272727 0.4090909090909091 0.6178977272727273 0.42329545454545453 0.6178977272727273
17 0.5255681818181818 0.38636363636363635 0.3778409090909091 0.38636363636363635 0.3778409090909091 0.6321022727272727 0.5255681818181818 0.6321022727272727
19 0.6875 0.34659090909090917 0.6732954545454546 0.34659090909090917 0.6732954545454546 0.3664772727272729 0.6875 0.3664772727272729
19 0.6832386363636366 0.681818181818182 0.6704545454545456 0.681818181818182 0.6704545454545456 0.6946022727272729 0.6832386363636366 0.6946022727272729
19 0.5653409090909093 0.6960227272727273 0.5539772727272729 0.6960227272727273 0.5539772727272729 0.7088068181818182 0.5653409090909093 0.7088068181818182
19 0.4232954545454547 0.7102272727272727 0.41193181818181834 0.7102272727272727 0.41193181818181834 0.7230113636363636 0.4232954545454547 0.7230113636363636
19 0.4914772727272729 0.7059659090909091 0.478693181818182 0.7059659090909091 0.478693181818182 0.7215909090909091 0.4914772727272729 0.7215909090909091
43 0.7400568181818182 0.6803977272727274 0.7286931818181818 0.6803977272727274 0.7286931818181818 0.6960227272727274 0.7400568181818182 0.6960227272727274
43 0.6960227272727273 0.1349431818181819 0.6846590909090909 0.1349431818181819 0.6846590909090909 0.14630681818181826 0.6960227272727273 0.14630681818181826
19 0.19318181818181826 0.734375 0.17613636363636373 0.734375 0.17613636363636373 0.7556818181818182 0.19318181818181826 0.7556818181818182