17 0.372159090909091 0.5625 0.26562500000000006 0.5625 0.26562500000000006 0.8167613636363636 0.37215909090909105 0.8167613636363636
44 0.9204545454545454 0.666193181818182 0.8806818181818182 0.666193181818182 0.8806818181818182 0.6917613636363638 0.9204545454545454 0.6917613636363638
44 0.9275568181818182 0.5823863636363638 0.8991477272727273 0.5823863636363638 0.8991477272727273 0.603693181818182 0.9275568181818182 0.603693181818182
44 0.7102272727272729 0.7017045454545456 0.6747159090909093 0.7017045454545456 0.6747159090909093 0.7201704545454547 0.7102272727272729 0.7201704545454547
44 0.697443181818182 0.8465909090909091 0.684659090909091 0.8465909090909091 0.684659090909091 0.8664772727272727 0.697443181818182 0.8664772727272727
44 0.7372159090909091 0.8480113636363636 0.7258522727272729 0.8480113636363636 0.7258522727272729 0.8693181818181818 0.7372159090909091 0.8693181818181818
44 0.6562500000000001 0.8451704545454546 0.6434659090909093 0.8451704545454546 0.6434659090909093 0.8707386363636364 0.6562500000000001 0.8707386363636364
44 0.6136363636363638 0.8465909090909091 0.6008522727272729 0.8465909090909091 0.6008522727272729 0.8650568181818182 0.6136363636363638 0.8650568181818182
44 0.5681818181818183 0.8806818181818182 0.5426136363636366 0.8806818181818182 0.5426136363636366 0.8948863636363636 0.5681818181818183 0.8948863636363636
44 0.5781250000000001 0.921875 0.5610795454545456 0.921875 0.5610795454545456 0.9474431818181818 0.5781250000000001 0.9474431818181818
44 0.559659090909091 0.9375 0.5042613636363638 0.9375 0.5042613636363638 0.9602272727272727 0.559659090909091 0.9602272727272727
44 0.4957386363636365 0.9147727272727273 0.4701704545454547 0.9147727272727273 0.4701704545454547 0.9375 0.4957386363636365 0.9375
44 0.5028409090909093 0.8650568181818182 0.47443181818181834 0.8650568181818182 0.47443181818181834 0.8821022727272727 0.5028409090909093 0.8821022727272727
44 0.44602272727272746 0.78125 0.40625000000000017 0.78125 0.40625000000000017 0.8011363636363636 0.44602272727272746 0.8011363636363636
44 0.4488636363636365 0.7357954545454546 0.41193181818181834 0.7357954545454546 0.41193181818181834 0.7556818181818182 0.4488636363636365 0.7556818181818182
44 0.4559659090909092 0.6960227272727273 0.41903409090909105 0.6960227272727273 0.41903409090909105 0.7173295454545454 0.4559659090909092 0.7173295454545454
44 0.4588068181818183 0.6463068181818182 0.421875 0.6463068181818182 0.42187500000000006 0.6661931818181818 0.45880681818181834 0.6661931818181818
37 0.4389204545454547 0.7585227272727273 0.4019886363636365 0.7585227272727273 0.4019886363636365 0.78125 0.4389204545454547 0.78125
37 0.4446022727272729 0.71875 0.4076704545454547 0.71875 0.4076704545454547 0.7386363636363636 0.4446022727272729 0.7386363636363636
37 0.45028409090909105 0.6775568181818182 0.416193181818182 0.6775568181818182 0.416193181818182 0.7002840909090909 0.45028409090909105 0.7002840909090909
37 0.45454545454545453 0.6292613636363636 0.42045454545454547 0.6292613636363636 0.42045454545454547 0.6491477272727273 0.45454545454545453 0.6491477272727273
19 0.4076704545454547 0.6761363636363636 0.39630681818181834 0.6761363636363636 0.39630681818181834 0.6903409090909091 0.4076704545454547 0.6903409090909091
19 0.39204545454545453 0.6321022727272727 0.3806818181818182 0.6321022727272727 0.3806818181818182 0.6463068181818182 0.39204545454545453 0.6463068181818182
5 0.4161931818181818 0.6349431818181818 0.40625 0.6349431818181818 0.40625 0.6463068181818182 0.4161931818181818 0.6463068181818182
5 0.5653409090909091 0.6448863636363636 0.5553977272727273 0.6448863636363636 0.5553977272727273 0.65625 0.5653409090909091 0.65625
5 0.559659090909091 0.6903409090909091 0.5511363636363638 0.6903409090909091 0.5511363636363638 0.7017045454545454 0.559659090909091 0.7017045454545454
5 0.556818181818182 0.7329545454545454 0.544034090909091 0.7329545454545454 0.544034090909091 0.7443181818181818 0.556818181818182 0.7443181818181818
5 0.6292613636363638 0.7400568181818182 0.619318181818182 0.7400568181818182 0.619318181818182 0.75 0.6292613636363638 0.75
5 0.634943181818182 0.6974431818181818 0.6235795454545456 0.6974431818181818 0.6235795454545456 0.7088068181818182 0.634943181818182 0.7088068181818182
5 0.6732954545454547 0.7428977272727273 0.6647727272727274 0.7428977272727273 0.6647727272727274 0.7528409090909091 0.6732954545454547 0.7528409090909091
5 0.6250000000000001 0.7769886363636364 0.6136363636363638 0.7769886363636364 0.6136363636363638 0.7883522727272727 0.6250000000000001 0.7883522727272727
5 0.5525568181818183 0.7727272727272727 0.541193181818182 0.7727272727272727 0.541193181818182 0.7840909090909091 0.5525568181818183 0.7840909090909091
5 0.6676136363636366 0.78125 0.6576704545454547 0.78125 0.6576704545454547 0.7911931818181818 0.6676136363636366 0.7911931818181818
5 0.7102272727272729 0.7826704545454546 0.697443181818182 0.7826704545454546 0.697443181818182 0.7940340909090909 0.7102272727272729 0.7940340909090909
47 0.715909090909091 0.7301136363636364 0.6960227272727274 0.7301136363636364 0.6960227272727274 0.7670454545454546 0.715909090909091 0.7670454545454546
47 0.6434659090909092 0.6377840909090909 0.6221590909090909 0.6377840909090909 0.6221590909090909 0.6747159090909091 0.6434659090909093 0.6747159090909091
47 0.681818181818182 0.6889204545454547 0.6619318181818183 0.6889204545454547 0.6619318181818183 0.7230113636363638 0.681818181818182 0.7230113636363638
47 0.75 0.7684659090909091 0.7301136363636364 0.7684659090909091 0.7301136363636364 0.8082386363636364 0.75 0.8082386363636364
43 0.7386363636363636 0.8352272727272727 0.7301136363636364 0.8352272727272727 0.7301136363636364 0.8465909090909091 0.7386363636363636 0.8465909090909091
43 0.700284090909091 0.8295454545454546 0.6903409090909093 0.8295454545454546 0.6903409090909093 0.8465909090909091 0.700284090909091 0.8465909090909091
43 0.6590909090909093 0.8323863636363636 0.6491477272727274 0.8323863636363636 0.6491477272727274 0.8465909090909091 0.6590909090909093 0.8465909090909091
43 0.6164772727272729 0.8323863636363636 0.6051136363636366 0.8323863636363636 0.6051136363636366 0.8465909090909091 0.6164772727272729 0.8465909090909091
18 0.5625000000000001 0.8963068181818182 0.5000000000000001 0.8963068181818182 0.5000000000000001 0.9303977272727273 0.5625000000000001 0.9303977272727273
4 0.47443181818181834 0.8678977272727273 0.4545454545454547 0.8678977272727273 0.4545454545454547 0.8863636363636364 0.47443181818181834 0.8863636363636364
13 0.4758522727272729 0.8366477272727273 0.4602272727272729 0.8366477272727273 0.4602272727272729 0.8565340909090909 0.4758522727272729 0.8565340909090909
19 0.46590909090909105 0.9034090909090909 0.4573863636363638 0.9034090909090909 0.4573863636363638 0.9133522727272727 0.46590909090909105 0.9133522727272727
19 0.8963068181818182 0.9133522727272727 0.8877840909090909 0.9133522727272727 0.8877840909090909 0.9232954545454546 0.8963068181818182 0.9232954545454546
19 0.9616477272727273 0.4758522727272729 0.9559659090909091 0.4758522727272729 0.9559659090909091 0.4857954545454547 0.9616477272727273 0.4857954545454547
19 0.7982954545454546 0.44318181818181834 0.7911931818181818 0.44318181818181834 0.7911931818181818 0.4545454545454547 0.7982954545454546 0.4545454545454547
19 0.7173295454545454 0.4289772727272729 0.7116477272727273 0.4289772727272729 0.7116477272727273 0.4389204545454547 0.7173295454545454 0.4389204545454547
19 0.7613636363636364 0.43607954545454564 0.7528409090909091 0.43607954545454564 0.7528409090909091 0.44602272727272746 0.7613636363636364 0.44602272727272746
19 0.6761363636363636 0.41903409090909105 0.6676136363636364 0.41903409090909105 0.6676136363636364 0.4289772727272729 0.6761363636363636 0.4289772727272729
19 0.59375 0.40198863636363635 0.5838068181818182 0.40198863636363635 0.5838068181818182 0.4133522727272727 0.59375 0.4133522727272727
19 0.2755681818181819 0.421875 0.26846590909090917 0.421875 0.26846590909090917 0.43323863636363635 0.2755681818181819 0.43323863636363635
19 0.25284090909090917 0.33948863636363635 0.24289772727272735 0.33948863636363635 0.24289772727272735 0.3536931818181818 0.25284090909090917 0.3536931818181818
19 0.4346590909090909 0.4502840909090909 0.42613636363636365 0.4502840909090909 0.42613636363636365 0.4616477272727273 0.4346590909090909 0.4616477272727273
19 0.20454545454545459 0.32954545454545453 0.19176136363636365 0.32954545454545453 0.19176136363636367 0.3465909090909091 0.2045454545454546 0.3465909090909091
19 0.18750000000000008 0.4943181818181818 0.17613636363636367 0.4943181818181818 0.1761363636363637 0.5113636363636364 0.18750000000000008 0.5113636363636364
19 0.23295454545454553 0.5042613636363636 0.22727272727272735 0.5042613636363636 0.22727272727272735 0.515625 0.23295454545454553 0.515625
19 0.27414772727272735 0.484375 0.26136363636363646 0.484375 0.26136363636363646 0.5014204545454546 0.27414772727272735 0.5014204545454546
19 0.23863636363636373 0.5823863636363636 0.231534090909091 0.5823863636363636 0.231534090909091 0.5923295454545454 0.23863636363636373 0.5923295454545454
19 0.231534090909091 0.6164772727272727 0.22301136363636373 0.6164772727272727 0.22301136363636373 0.6278409090909091 0.231534090909091 0.6278409090909091
44 0.21448863636363644 0.5809659090909091 0.19034090909090917 0.5809659090909091 0.19034090909090917 0.6036931818181818 0.21448863636363644 0.6036931818181818
4 0.184659090909091 0.5752840909090909 0.16477272727272735 0.5752840909090909 0.16477272727272735 0.6008522727272727 0.184659090909091 0.6008522727272727
19 0.17897727272727282 0.6434659090909091 0.16477272727272735 0.6434659090909091 0.16477272727272735 0.6576704545454546 0.17897727272727282 0.6576704545454546
37 0.24147727272727282 0.6392045454545454 0.19460227272727282 0.6392045454545454 0.19460227272727282 0.6690340909090909 0.24147727272727282 0.6690340909090909
44 0.25000000000000006 0.6661931818181818 0.19886363636363644 0.6661931818181818 0.19886363636363644 0.7002840909090909 0.25000000000000006 0.7002840909090909
38 0.1889204545454546 0.8068181818181818 0.15198863636363644 0.8068181818181818 0.15198863636363646 0.8565340909090909 0.1889204545454546 0.8565340909090909
19 0.19034090909090917 0.8565340909090909 0.1818181818181819 0.8565340909090909 0.1818181818181819 0.8664772727272727 0.19034090909090917 0.8664772727272727
19 0.1676136363636365 0.8565340909090909 0.1562500000000001 0.8565340909090909 0.1562500000000001 0.8735795454545454 0.1676136363636365 0.8735795454545454
19 0.16193181818181832 0.9005681818181818 0.1519886363636365 0.9005681818181818 0.1519886363636365 0.9119318181818182 0.16193181818181832 0.9119318181818182
19 0.3039772727272728 0.9005681818181818 0.2954545454545455 0.9005681818181818 0.2954545454545455 0.9119318181818182 0.3039772727272728 0.9119318181818182
37 0.2599431818181819 0.3778409090909091 0.231534090909091 0.3778409090909091 0.231534090909091 0.4318181818181818 0.2599431818181819 0.4318181818181818
44 0.231534090909091 0.3806818181818182 0.19460227272727282 0.3806818181818182 0.19460227272727282 0.4119318181818182 0.231534090909091 0.4119318181818182
37 0.33948863636363646 0.421875 0.29687500000000006 0.421875 0.29687500000000006 0.453125 0.33948863636363646 0.453125
37 0.3380681818181819 0.48295454545454547 0.29261363636363646 0.48295454545454547 0.29261363636363646 0.5099431818181818 0.3380681818181819 0.5099431818181818
44 0.3323863636363637 0.5085227272727273 0.2954545454545455 0.5085227272727273 0.2954545454545455 0.5340909090909091 0.3323863636363637 0.5340909090909091
44 0.33948863636363646 0.45170454545454547 0.3025568181818183 0.45170454545454547 0.3025568181818183 0.4772727272727273 0.33948863636363646 0.4772727272727273
42 0.3991477272727273 0.43892045454545453 0.35937500000000006 0.43892045454545453 0.35937500000000006 0.47301136363636365 0.3991477272727273 0.47301136363636365
42 0.3977272727272727 0.4928977272727273 0.35511363636363646 0.4928977272727273 0.35511363636363646 0.5227272727272727 0.3977272727272727 0.5227272727272727
42 0.9417613636363636 0.6519886363636366 0.9232954545454546 0.6519886363636366 0.9232954545454546 0.6860795454545456 0.9417613636363636 0.6860795454545456
43 0.9403409090909091 0.6051136363636366 0.9303977272727273 0.6051136363636366 0.9303977272727273 0.619318181818182 0.9403409090909091 0.619318181818182
43 0.9488636363636364 0.5738636363636366 0.9375 0.5738636363636366 0.9375 0.588068181818182 0.9488636363636364 0.588068181818182
19 0.2698863636363637 0.5809659090909091 0.25852272727272735 0.5809659090909091 0.25852272727272735 0.5980113636363636 0.2698863636363637 0.5980113636363636
19 0.40625 0.5071022727272727 0.3991477272727273 0.5071022727272727 0.3991477272727273 0.5184659090909091 0.40625 0.5184659090909091
44 0.33096590909090917 0.7045454545454546 0.28267045454545464 0.7045454545454546 0.28267045454545464 0.7670454545454546 0.33096590909090917 0.7670454545454546
44 0.2911931818181819 0.6548295454545454 0.2798295454545455 0.6548295454545454 0.2798295454545455 0.6803977272727273 0.2911931818181819 0.6803977272727273
44 0.2954545454545455 0.6150568181818182 0.28125000000000006 0.6150568181818182 0.28125000000000006 0.640625 0.2954545454545455 0.640625
44 0.3011363636363637 0.578125 0.2869318181818183 0.578125 0.2869318181818183 0.6065340909090909 0.3011363636363637 0.6065340909090909
44 0.35511363636363646 0.6676136363636364 0.340909090909091 0.6676136363636364 0.340909090909091 0.6988636363636364 0.35511363636363646 0.6988636363636364
44 0.36079545454545464 0.6292613636363636 0.34375000000000006 0.6292613636363636 0.34375000000000006 0.65625 0.36079545454545464 0.65625
44 0.35511363636363646 0.7144886363636364 0.3380681818181819 0.7144886363636364 0.3380681818181819 0.7414772727272727 0.35511363636363646 0.7414772727272727
44 0.3494318181818183 0.7542613636363636 0.33664772727272735 0.7542613636363636 0.33664772727272735 0.7798295454545454 0.3494318181818183 0.7798295454545454
44 0.3110795454545455 0.7869318181818182 0.29687500000000006 0.7869318181818182 0.29687500000000006 0.8096590909090909 0.3110795454545455 0.8096590909090909
44 0.1505681818181819 0.8181818181818182 0.11079545454545463 0.8181818181818182 0.11079545454545464 0.8579545454545454 0.15056818181818193 0.8579545454545454