17 0.34659090909090917 0.41051136363636365 0.2556818181818183 0.41051136363636365 0.2556818181818183 0.5809659090909091 0.34659090909090917 0.5809659090909091
17 0.6448863636363636 0.40482954545454547 0.5610795454545454 0.40482954545454547 0.5610795454545454 0.5681818181818182 0.6448863636363636 0.5681818181818182
44 0.5355113636363636 0.4900568181818182 0.5014204545454546 0.4900568181818182 0.5014204545454546 0.5099431818181818 0.5355113636363636 0.5099431818181818
44 0.4446022727272727 0.4460227272727273 0.4190340909090909 0.4460227272727273 0.4190340909090909 0.48579545454545453 0.4446022727272727 0.48579545454545453
44 0.4474431818181818 0.4147727272727273 0.4133522727272727 0.4147727272727273 0.4133522727272727 0.44176136363636365 0.4474431818181818 0.44176136363636365
3 0.5170454545454546 0.6335227272727273 0.47301136363636365 0.6335227272727273 0.47301136363636365 0.65625 0.5170454545454546 0.65625
3 0.19602272727272735 0.6235795454545454 0.16761363636363644 0.6235795454545454 0.16761363636363644 0.6519886363636364 0.19602272727272735 0.6519886363636364
19 0.6704545454545456 0.6832386363636365 0.6590909090909093 0.6832386363636364 0.6590909090909093 0.6974431818181819 0.6704545454545456 0.697443181818182
19 0.6022727272727274 0.6846590909090909 0.5923295454545456 0.6846590909090909 0.5923295454545456 0.6974431818181818 0.6022727272727274 0.6974431818181818
19 0.494318181818182 0.6846590909090909 0.48295454545454564 0.6846590909090909 0.48295454545454564 0.6988636363636364 0.494318181818182 0.6988636363636364
19 0.3110795454545455 0.6860795454545454 0.29971590909090917 0.6860795454545454 0.29971590909090917 0.7002840909090909 0.3110795454545455 0.7002840909090909
19 0.1889204545454546 0.6889204545454546 0.18039772727272735 0.6889204545454546 0.18039772727272735 0.7017045454545454 0.1889204545454546 0.7017045454545454
19 0.19176136363636373 0.5397727272727273 0.1818181818181819 0.5397727272727273 0.1818181818181819 0.5511363636363636 0.19176136363636373 0.5511363636363636
19 0.24857954545454553 0.5369318181818182 0.23721590909090917 0.5369318181818182 0.23721590909090917 0.5525568181818182 0.24857954545454553 0.5525568181818182
19 0.24857954545454553 0.5042613636363636 0.24005681818181826 0.5042613636363636 0.24005681818181826 0.515625 0.24857954545454553 0.515625
19 0.19460227272727273 0.3053977272727273 0.18607954545454544 0.3053977272727273 0.18607954545454544 0.31676136363636365 0.19460227272727273 0.31676136363636365
19 0.294034090909091 0.3849431818181818 0.28267045454545464 0.3849431818181818 0.28267045454545464 0.40198863636363635 0.294034090909091 0.40198863636363635
19 0.3224431818181819 0.3849431818181818 0.3110795454545455 0.3849431818181818 0.3110795454545455 0.3977272727272727 0.3224431818181819 0.3977272727272727
19 0.37926136363636365 0.3039772727272728 0.3678977272727273 0.3039772727272728 0.3678977272727273 0.3196022727272728 0.37926136363636365 0.3196022727272728
19 0.2940340909090909 0.26704545454545453 0.28267045454545453 0.26704545454545453 0.28267045454545453 0.27982954545454547 0.2940340909090909 0.27982954545454547
19 0.4161931818181818 0.26136363636363646 0.40625 0.26136363636363646 0.40625 0.2755681818181819 0.4161931818181818 0.2755681818181819
19 0.5113636363636364 0.28977272727272735 0.5028409090909091 0.28977272727272735 0.5028409090909091 0.3011363636363637 0.5113636363636364 0.3011363636363637
19 0.5681818181818182 0.25852272727272735 0.5553977272727273 0.25852272727272735 0.5553977272727273 0.2713068181818183 0.5681818181818182 0.2713068181818183
19 0.5610795454545454 0.3338068181818183 0.5525568181818182 0.3338068181818183 0.5525568181818182 0.34517045454545464 0.5610795454545454 0.34517045454545464
19 0.53125 0.3338068181818183 0.5227272727272727 0.3338068181818183 0.5227272727272727 0.34375000000000006 0.53125 0.34375000000000006
19 0.5326704545454546 0.4559659090909091 0.5241477272727273 0.4559659090909091 0.5241477272727273 0.46875 0.5326704545454546 0.46875
19 0.4971590909090909 0.5426136363636364 0.48579545454545453 0.5426136363636364 0.48579545454545453 0.5553977272727273 0.4971590909090909 0.5553977272727273
19 0.5426136363636364 0.5411931818181818 0.53125 0.5411931818181818 0.53125 0.5525568181818182 0.5426136363636364 0.5525568181818182
19 0.5411931818181818 0.5142045454545454 0.5326704545454546 0.5142045454545454 0.5326704545454546 0.5284090909090909 0.5411931818181818 0.5284090909090909
19 0.5454545454545454 0.4928977272727273 0.5369318181818182 0.4928977272727273 0.5369318181818182 0.5042613636363636 0.5454545454545454 0.5042613636363636
19 0.37357954545454547 0.5113636363636364 0.36363636363636365 0.5113636363636364 0.36363636363636365 0.5255681818181818 0.37357954545454547 0.5255681818181818
19 0.4090909090909091 0.5113636363636364 0.3977272727272727 0.5113636363636364 0.3977272727272727 0.5255681818181818 0.4090909090909091 0.5255681818181818
19 0.6761363636363636 0.4758522727272729 0.6661931818181818 0.4758522727272729 0.6661931818181818 0.4914772727272729 0.6761363636363636 0.4914772727272729
19 0.6846590909090909 0.29261363636363646 0.6747159090909091 0.29261363636363646 0.6747159090909091 0.30539772727272735 0.6846590909090909 0.30539772727272735
19 0.6349431818181818 0.2571022727272728 0.625 0.2571022727272728 0.625 0.26846590909090917 0.6349431818181818 0.26846590909090917
19 0.6022727272727273 0.3068181818181819 0.59375 0.3068181818181819 0.59375 0.3181818181818183 0.6022727272727273 0.3181818181818183
5 0.29261363636363635 0.3053977272727273 0.28267045454545453 0.3053977272727273 0.28267045454545453 0.3181818181818182 0.29261363636363635 0.3181818181818182
5 0.41761363636363635 0.3039772727272728 0.40625 0.3039772727272728 0.40625 0.3167613636363637 0.41761363636363635 0.3167613636363637
5 0.5127840909090909 0.30539772727272735 0.5028409090909091 0.30539772727272735 0.5028409090909091 0.31534090909090917 0.5127840909090909 0.31534090909090917
5 0.5625 0.3068181818181819 0.5539772727272727 0.3068181818181819 0.5539772727272727 0.3167613636363637 0.5625 0.3167613636363637
5 0.6335227272727273 0.2883522727272728 0.6235795454545454 0.2883522727272728 0.6235795454545454 0.3011363636363637 0.6335227272727273 0.3011363636363637
43 0.7755681818181818 0.6803977272727274 0.765625 0.6803977272727274 0.765625 0.6917613636363638 0.7755681818181818 0.6917613636363638
43 0.8068181818181818 0.25284090909090917 0.796875 0.25284090909090917 0.796875 0.26562500000000006 0.8068181818181818 0.26562500000000006
5 0.5653409090909091 0.2883522727272728 0.5539772727272727 0.2883522727272728 0.5539772727272727 0.29971590909090917 0.5653409090909091 0.29971590909090917
37 0.5014204545454546 0.4786931818181818 0.48579545454545453 0.4786931818181818 0.48579545454545453 0.5213068181818182 0.5014204545454546 0.5213068181818182
37 0.4133522727272727 0.4090909090909091 0.3977272727272727 0.4090909090909091 0.3977272727272727 0.453125 0.4133522727272727 0.453125
37 0.5340909090909091 0.36363636363636365 0.5198863636363636 0.36363636363636365 0.5198863636363636 0.3977272727272727 0.5340909090909091 0.3977272727272727
44 0.5681818181818182 0.3721590909090909 0.5340909090909091 0.3721590909090909 0.5340909090909091 0.3877840909090909 0.5681818181818182 0.3877840909090909
44 0.5213068181818182 0.37357954545454547 0.5042613636363636 0.37357954545454547 0.5042613636363636 0.45738636363636365 0.5213068181818182 0.45738636363636365
9 0.5454545454545454 0.421875 0.5198863636363636 0.421875 0.5198863636363636 0.4431818181818182 0.5454545454545454 0.4431818181818182
9 0.4275568181818182 0.4659090909090909 0.39488636363636365 0.4659090909090909 0.39488636363636365 0.49573863636363635 0.4275568181818182 0.49573863636363635
9 0.6946022727272727 0.5639204545454547 0.6605113636363636 0.5639204545454547 0.6605113636363636 0.5852272727272729 0.6946022727272727 0.5852272727272729
44 0.7372159090909091 0.559659090909091 0.6974431818181818 0.559659090909091 0.6974431818181818 0.6022727272727274 0.7372159090909091 0.6022727272727274
44 0.7272727272727273 0.5085227272727274 0.6803977272727273 0.5085227272727274 0.6803977272727273 0.528409090909091 0.7272727272727273 0.528409090909091
37 0.6789772727272727 0.5014204545454547 0.6605113636363636 0.5014204545454547 0.6605113636363636 0.5426136363636366 0.6789772727272727 0.5426136363636366
44 0.7840909090909091 0.6647727272727274 0.7556818181818182 0.6647727272727274 0.7556818181818182 0.681818181818182 0.7840909090909091 0.681818181818182
44 0.828125 0.2286931818181819 0.7840909090909091 0.2286931818181819 0.7840909090909091 0.25142045454545464 0.828125 0.25142045454545464
37 0.19602272727272735 0.4318181818181818 0.17471590909090914 0.4318181818181818 0.17471590909090914 0.4786931818181818 0.19602272727272735 0.4786931818181818
44 0.17329545454545459 0.4318181818181818 0.11647727272727276 0.4318181818181818 0.11647727272727276 0.46875 0.17329545454545459 0.46875
44 0.2911931818181819 0.4190340909090909 0.28125000000000006 0.4190340909090909 0.28125000000000006 0.4403409090909091 0.2911931818181819 0.4403409090909091
44 0.32102272727272735 0.41761363636363635 0.3110795454545455 0.41761363636363635 0.3110795454545455 0.4403409090909091 0.32102272727272735 0.4403409090909091
44 0.30823863636363646 0.45170454545454547 0.27414772727272735 0.45170454545454547 0.27414772727272735 0.4928977272727273 0.30823863636363646 0.4928977272727273
44 0.3380681818181819 0.5014204545454546 0.3267045454545455 0.5014204545454546 0.3267045454545455 0.5269886363636364 0.3380681818181819 0.5269886363636364
44 0.2698863636363637 0.5 0.26136363636363646 0.5 0.26136363636363646 0.5198863636363636 0.2698863636363637 0.5198863636363636
44 0.27698863636363646 0.5355113636363636 0.262784090909091 0.5355113636363636 0.262784090909091 0.5568181818181818 0.27698863636363646 0.5568181818181818
44 0.3068181818181819 0.5525568181818182 0.29687500000000006 0.5525568181818182 0.29687500000000006 0.5710227272727273 0.3068181818181819 0.5710227272727273
44 0.153409090909091 0.6306818181818182 0.09375000000000008 0.6306818181818182 0.09375000000000008 0.65625 0.153409090909091 0.65625
44 0.5639204545454546 0.6292613636363636 0.5170454545454546 0.6292613636363636 0.5170454545454546 0.6519886363636364 0.5639204545454546 0.6519886363636364
44 0.6051136363636364 0.546875 0.5951704545454546 0.546875 0.5951704545454546 0.5639204545454546 0.6051136363636364 0.5639204545454546
44 0.578125 0.5184659090909091 0.5667613636363636 0.5184659090909091 0.5667613636363636 0.5355113636363636 0.578125 0.5355113636363636
44 0.578125 0.4914772727272727 0.5667613636363636 0.4914772727272727 0.5667613636363636 0.5113636363636364 0.578125 0.5113636363636364
44 0.6136363636363636 0.4446022727272727 0.5866477272727273 0.4446022727272727 0.5866477272727273 0.4815340909090909 0.6136363636363636 0.4815340909090909
44 0.6363636363636364 0.4744318181818182 0.625 0.4744318181818182 0.625 0.4971590909090909 0.6363636363636364 0.4971590909090909
44 0.5823863636363636 0.4588068181818182 0.5710227272727273 0.4588068181818182 0.5710227272727273 0.4786931818181818 0.5823863636363636 0.4786931818181818
44 0.6036931818181818 0.4090909090909091 0.5894886363636364 0.4090909090909091 0.5894886363636364 0.43607954545454547 0.6036931818181818 0.43607954545454547
44 0.6264204545454546 0.4133522727272727 0.6136363636363636 0.4133522727272727 0.6136363636363636 0.43323863636363635 0.6264204545454546 0.43323863636363635