36 0.6988636363636364 0.15198863636363644 0.6150568181818182 0.15198863636363644 0.6150568181818182 0.231534090909091 0.6988636363636364 0.231534090909091
8 0.5951704545454546 0.2883522727272728 0.5767045454545454 0.2883522727272728 0.5767045454545454 0.32386363636363646 0.5951704545454546 0.32386363636363646
44 0.6676136363636364 0.28409090909090917 0.5980113636363636 0.28409090909090917 0.5980113636363636 0.309659090909091 0.6676136363636364 0.309659090909091
20 0.8096590909090909 0.41477272727272746 0.7457386363636364 0.41477272727272746 0.7457386363636364 0.4957386363636365 0.8096590909090909 0.4957386363636365
19 0.6079545454545454 0.421875 0.5980113636363636 0.421875 0.5980113636363636 0.43607954545454547 0.6079545454545454 0.43607954545454547
5 0.6022727272727273 0.47301136363636365 0.5923295454545454 0.47301136363636365 0.5923295454545454 0.4872159090909091 0.6022727272727273 0.4872159090909091
47 0.7230113636363636 0.48295454545454564 0.6974431818181818 0.48295454545454564 0.6974431818181818 0.5227272727272729 0.7230113636363636 0.5227272727272729
37 0.5795454545454546 0.5255681818181818 0.5582386363636364 0.5255681818181818 0.5582386363636364 0.5752840909090909 0.5795454545454546 0.5752840909090909
4 0.6107954545454546 0.5340909090909091 0.5923295454545454 0.5340909090909091 0.5923295454545454 0.5553977272727273 0.6107954545454546 0.5553977272727273
3 0.26846590909090917 0.4659090909090909 0.25000000000000006 0.4659090909090909 0.25000000000000006 0.49857954545454547 0.26846590909090917 0.49857954545454547
17 0.3877840909090909 0.34090909090909094 0.29829545454545464 0.3409090909090909 0.29829545454545464 0.5028409090909091 0.3877840909090909 0.5028409090909091
42 0.6661931818181818 0.24147727272727282 0.6178977272727273 0.24147727272727282 0.6178977272727273 0.2798295454545455 0.6661931818181818 0.2798295454545455
44 0.7258522727272727 0.38352272727272746 0.6960227272727273 0.38352272727272746 0.6960227272727273 0.46590909090909105 0.7258522727272727 0.46590909090909105
44 0.6860795454545454 0.465909090909091 0.6534090909090909 0.4659090909090909 0.6534090909090909 0.48721590909090917 0.6860795454545454 0.4872159090909092
44 0.6392045454545454 0.5127840909090909 0.6107954545454546 0.5127840909090909 0.6107954545454546 0.5653409090909091 0.6392045454545454 0.5653409090909091
44 0.5582386363636364 0.515625 0.5397727272727273 0.515625 0.5397727272727273 0.5667613636363636 0.5582386363636364 0.5667613636363636
44 0.24005681818181818 0.0838068181818182 0.2059659090909091 0.0838068181818182 0.2059659090909091 0.1022727272727273 0.24005681818181818 0.1022727272727273
44 0.13920454545454553 0.5511363636363636 0.11505681818181826 0.5511363636363636 0.11505681818181826 0.5738636363636364 0.13920454545454553 0.5738636363636364
44 0.27982954545454547 0.3068181818181818 0.26136363636363635 0.3068181818181818 0.2613636363636364 0.3536931818181818 0.2798295454545455 0.3536931818181818
44 0.2883522727272728 0.49573863636363635 0.26136363636363646 0.49573863636363635 0.26136363636363646 0.5198863636363636 0.2883522727272728 0.5198863636363636
44 0.34517045454545464 0.4147727272727273 0.3224431818181819 0.4147727272727273 0.3224431818181819 0.453125 0.34517045454545464 0.453125
44 0.3721590909090909 0.39204545454545453 0.3579545454545455 0.39204545454545453 0.3579545454545455 0.4190340909090909 0.3721590909090909 0.4190340909090909
44 0.325284090909091 0.3806818181818182 0.3167613636363637 0.3806818181818182 0.3167613636363637 0.4005681818181818 0.325284090909091 0.4005681818181818
44 0.33664772727272735 0.35085227272727276 0.3267045454545455 0.3508522727272727 0.3267045454545455 0.37357954545454547 0.33664772727272735 0.37357954545454547
44 0.3196022727272728 0.421875 0.309659090909091 0.421875 0.309659090909091 0.4431818181818182 0.3196022727272728 0.4431818181818182
44 0.31534090909090917 0.453125 0.3025568181818183 0.453125 0.3025568181818183 0.47301136363636365 0.31534090909090917 0.47301136363636365
44 0.32954545454545464 0.47301136363636365 0.3181818181818183 0.47301136363636365 0.3181818181818183 0.4872159090909091 0.32954545454545464 0.4872159090909091
44 0.36363636363636365 0.43607954545454547 0.3494318181818183 0.43607954545454547 0.3494318181818183 0.4616477272727273 0.36363636363636365 0.4616477272727273
37 0.6860795454545454 0.48721590909090917 0.6548295454545454 0.4872159090909091 0.6548295454545454 0.5142045454545455 0.6860795454545454 0.5142045454545456
37 0.28125000000000006 0.3963068181818182 0.26562500000000006 0.3963068181818182 0.26562500000000006 0.4289772727272727 0.28125000000000006 0.4289772727272727
37 0.29545454545454547 0.3252840909090909 0.27698863636363635 0.3252840909090909 0.2769886363636364 0.3622159090909091 0.2954545454545455 0.3622159090909091
20 0.22585227272727282 0.33948863636363635 0.18607954545454553 0.33948863636363635 0.18607954545454553 0.3977272727272727 0.22585227272727282 0.3977272727272727
43 0.13068181818181826 0.5340909090909091 0.11789772727272735 0.5340909090909091 0.11789772727272735 0.5482954545454546 0.13068181818181826 0.5482954545454546
43 0.20738636363636365 0.09659090909090913 0.19886363636363635 0.09659090909090913 0.19886363636363635 0.1079545454545455 0.20738636363636365 0.1079545454545455
19 0.7642045454545454 0.6718750000000001 0.7556818181818182 0.6718750000000001 0.7556818181818182 0.6832386363636366 0.7642045454545454 0.6832386363636366
19 0.7116477272727274 0.6562500000000001 0.7002840909090909 0.6562500000000001 0.7002840909090909 0.6732954545454547 0.7116477272727274 0.6732954545454547
19 0.5951704545454546 0.6335227272727273 0.5838068181818182 0.6335227272727273 0.5838068181818182 0.6491477272727273 0.5951704545454546 0.6491477272727273
19 0.5639204545454546 0.6306818181818182 0.5525568181818182 0.6306818181818182 0.5525568181818182 0.6463068181818182 0.5639204545454546 0.6463068181818182
19 0.31534090909090917 0.5639204545454546 0.30539772727272735 0.5639204545454546 0.30539772727272735 0.5767045454545454 0.31534090909090917 0.5767045454545454
19 0.2556818181818183 0.5539772727272727 0.24573863636363644 0.5539772727272727 0.24573863636363644 0.5667613636363636 0.2556818181818183 0.5667613636363636
19 0.18607954545454553 0.5383522727272727 0.17613636363636373 0.5383522727272727 0.17613636363636373 0.5525568181818182 0.18607954545454553 0.5525568181818182
19 0.22727272727272727 0.2755681818181818 0.22017045454545456 0.2755681818181818 0.22017045454545456 0.2840909090909091 0.22727272727272727 0.2840909090909091
19 0.34375 0.31250000000000006 0.3338068181818182 0.31250000000000006 0.3338068181818182 0.325284090909091 0.34375 0.325284090909091
19 0.29545454545454547 0.3096590909090909 0.2897727272727273 0.3096590909090909 0.2897727272727273 0.3196022727272727 0.29545454545454547 0.3196022727272727
19 0.28267045454545464 0.37926136363636365 0.2755681818181819 0.37926136363636365 0.2755681818181819 0.38920454545454547 0.28267045454545464 0.38920454545454547
19 0.2713068181818183 0.4431818181818182 0.2642045454545455 0.4431818181818182 0.2642045454545455 0.4588068181818182 0.2713068181818183 0.4588068181818182
19 0.2954545454545455 0.45454545454545453 0.2883522727272728 0.45454545454545453 0.2883522727272728 0.46448863636363635 0.2954545454545455 0.46448863636363635
19 0.29829545454545464 0.42613636363636365 0.294034090909091 0.42613636363636365 0.294034090909091 0.4346590909090909 0.29829545454545464 0.4346590909090909
19 0.5795454545454546 0.5014204545454546 0.5724431818181818 0.5014204545454546 0.5724431818181818 0.5113636363636364 0.5795454545454546 0.5113636363636364
19 0.5965909090909091 0.5028409090909091 0.5909090909090909 0.5028409090909091 0.5909090909090909 0.5142045454545454 0.5965909090909091 0.5142045454545454
19 0.6107954545454546 0.5071022727272727 0.6036931818181818 0.5071022727272727 0.6036931818181818 0.515625 0.6107954545454546 0.515625
19 0.8053977272727273 0.2798295454545455 0.796875 0.2798295454545455 0.796875 0.2911931818181819 0.8053977272727273 0.2911931818181819
5 0.7400568181818182 0.2755681818181819 0.7301136363636364 0.2755681818181819 0.7301136363636364 0.2869318181818183 0.7400568181818182 0.2869318181818183
19 0.7144886363636364 0.30539772727272735 0.7059659090909091 0.30539772727272735 0.7059659090909091 0.3181818181818183 0.7144886363636364 0.3181818181818183
19 0.7159090909090909 0.2713068181818183 0.703125 0.2713068181818183 0.703125 0.2855113636363637 0.7159090909090909 0.2855113636363637
8 0.6946022727272727 0.29261363636363646 0.671875 0.29261363636363646 0.671875 0.32812500000000006 0.6946022727272727 0.32812500000000006
19 0.5752840909090909 0.262784090909091 0.5653409090909091 0.262784090909091 0.5653409090909091 0.278409090909091 0.5752840909090909 0.278409090909091
19 0.6235795454545454 0.30539772727272735 0.6136363636363636 0.30539772727272735 0.6136363636363636 0.3167613636363637 0.6235795454545454 0.3167613636363637
19 0.3821022727272727 0.10511363636363641 0.37357954545454547 0.10511363636363641 0.37357954545454547 0.11931818181818186 0.3821022727272727 0.11931818181818186
5 0.3536931818181818 0.2727272727272728 0.34232954545454547 0.2727272727272728 0.34232954545454547 0.2855113636363637 0.3536931818181818 0.2855113636363637
19 0.7414772727272727 0.2201704545454546 0.7329545454545454 0.2201704545454546 0.7329545454545454 0.23295454545454553 0.7414772727272727 0.23295454545454553
19 0.7045454545454546 0.11505681818181826 0.6946022727272727 0.11505681818181826 0.6946022727272727 0.1264204545454546 0.7045454545454546 0.1264204545454546
19 0.6434659090909091 0.11221590909090917 0.6335227272727273 0.11221590909090917 0.6335227272727273 0.12357954545454554 0.6434659090909091 0.12357954545454554
19 0.5681818181818182 0.3025568181818183 0.5596590909090909 0.3025568181818183 0.5596590909090909 0.31392045454545464 0.5681818181818182 0.31392045454545464
42 0.6576704545454546 0.153409090909091 0.6264204545454546 0.153409090909091 0.6264204545454546 0.2201704545454546 0.6576704545454546 0.2201704545454546
14 0.6946022727272727 0.15482954545454553 0.671875 0.15482954545454553 0.671875 0.22727272727272735 0.6946022727272727 0.22727272727272735
21 0.6761363636363636 0.15625000000000008 0.6576704545454546 0.15625000000000008 0.6576704545454546 0.22727272727272735 0.6761363636363636 0.22727272727272735