20 0.19602272727272735 0.5184659090909091 0.13210227272727282 0.5184659090909091 0.13210227272727282 0.5994318181818182 0.19602272727272735 0.5994318181818182
20 0.9829545454545454 0.653409090909091 0.8920454545454546 0.653409090909091 0.8920454545454546 0.7613636363636364 0.9829545454545454 0.7613636363636364
47 0.8110795454545454 0.5994318181818183 0.765625 0.5994318181818183 0.765625 0.6761363636363638 0.8110795454545454 0.6761363636363638
3 0.7485795454545454 0.7258522727272729 0.7059659090909093 0.7258522727272729 0.7059659090909093 0.7713068181818182 0.7485795454545454 0.7713068181818182
3 0.3011363636363637 0.6477272727272727 0.2727272727272728 0.6477272727272727 0.2727272727272728 0.6903409090909091 0.3011363636363637 0.6903409090909091
37 0.31392045454545464 0.5411931818181818 0.2883522727272728 0.5411931818181818 0.2883522727272728 0.5965909090909091 0.31392045454545464 0.5965909090909091
37 0.32954545454545464 0.38636363636363635 0.3039772727272728 0.38636363636363635 0.3039772727272728 0.4431818181818182 0.32954545454545464 0.4431818181818182
37 0.5497159090909091 0.5795454545454546 0.5042613636363636 0.5795454545454546 0.5042613636363636 0.6136363636363636 0.5497159090909091 0.6136363636363636
37 0.6747159090909093 0.6974431818181819 0.6434659090909093 0.6974431818181818 0.6434659090909093 0.7727272727272727 0.6747159090909093 0.7727272727272727
36 0.84375 0.22585227272727282 0.7428977272727273 0.22585227272727282 0.7428977272727273 0.3508522727272728 0.84375 0.3508522727272728
42 0.7954545454545454 0.36789772727272746 0.7230113636363636 0.36789772727272746 0.7230113636363636 0.42187500000000017 0.7954545454545454 0.42187500000000017
8 0.8295454545454546 0.43750000000000017 0.7954545454545454 0.43750000000000017 0.7954545454545454 0.49005681818181834 0.8295454545454546 0.49005681818181834
8 0.6960227272727273 0.41903409090909105 0.6690340909090909 0.41903409090909105 0.6690340909090909 0.46590909090909105 0.6960227272727273 0.46590909090909105
44 0.09801136363636372 0.7258522727272727 0.06534090909090917 0.7258522727272727 0.06534090909090919 0.7571022727272727 0.09801136363636372 0.7571022727272727
43 0.07102272727272735 0.6960227272727273 0.058238636363636444 0.6960227272727273 0.058238636363636444 0.7116477272727273 0.07102272727272735 0.7116477272727273
43 0.16051136363636365 0.09375 0.15198863636363635 0.09375 0.15198863636363635 0.10653409090909091 0.16051136363636365 0.10653409090909091
44 0.22017045454545456 0.06534090909090912 0.16477272727272727 0.06534090909090912 0.16477272727272727 0.09801136363636366 0.22017045454545456 0.09801136363636367
44 0.4090909090909091 0.4460227272727273 0.39204545454545453 0.4460227272727273 0.39204545454545453 0.48579545454545453 0.4090909090909091 0.48579545454545453
44 0.39204545454545453 0.5014204545454546 0.375 0.5014204545454546 0.375 0.5340909090909091 0.39204545454545453 0.5340909090909091
44 0.421875 0.5383522727272727 0.375 0.5383522727272727 0.375 0.59375 0.421875 0.59375
44 0.46448863636363635 0.46732954545454547 0.4446022727272727 0.46732954545454547 0.4446022727272727 0.5014204545454546 0.46448863636363635 0.5014204545454546
44 0.4659090909090909 0.5596590909090909 0.4474431818181818 0.5596590909090909 0.4474431818181818 0.5980113636363636 0.4659090909090909 0.5980113636363636
44 0.38352272727272735 0.6534090909090909 0.3678977272727273 0.6534090909090909 0.36789772727272735 0.6789772727272727 0.38352272727272746 0.6789772727272727
44 0.36789772727272735 0.6335227272727273 0.3508522727272728 0.6335227272727273 0.3508522727272728 0.6619318181818182 0.36789772727272746 0.6619318181818182
44 0.37642045454545453 0.5965909090909091 0.36079545454545464 0.5965909090909091 0.36079545454545464 0.6221590909090909 0.37642045454545453 0.6221590909090909
44 0.2713068181818183 0.6534090909090909 0.24147727272727282 0.6534090909090909 0.24147727272727282 0.7088068181818182 0.2713068181818183 0.7088068181818182
44 0.8096590909090909 0.5426136363636366 0.734375 0.5426136363636366 0.734375 0.606534090909091 0.8096590909090909 0.606534090909091
44 0.7840909090909091 0.7471590909090909 0.7272727272727273 0.7471590909090909 0.7272727272727273 0.8068181818181818 0.7840909090909091 0.8068181818181818
44 0.796875 0.41903409090909105 0.7002840909090909 0.41903409090909105 0.7002840909090909 0.45170454545454564 0.796875 0.45170454545454564
44 0.309659090909091 0.36363636363636365 0.278409090909091 0.36363636363636365 0.278409090909091 0.4318181818181818 0.309659090909091 0.4318181818181818
44 0.5568181818181818 0.5539772727272727 0.5071022727272727 0.5539772727272727 0.5071022727272727 0.5838068181818182 0.5568181818181818 0.5838068181818182
44 0.6477272727272729 0.6846590909090909 0.6164772727272729 0.6846590909090909 0.6164772727272729 0.7642045454545454 0.6477272727272729 0.7642045454545454
19 0.7713068181818182 0.1505681818181819 0.7571022727272727 0.1505681818181819 0.7571022727272727 0.1661931818181819 0.7713068181818182 0.1661931818181819
19 0.8494318181818182 0.16335227272727285 0.8380681818181818 0.16335227272727285 0.8380681818181818 0.17755681818181832 0.8494318181818182 0.17755681818181832
19 0.9005681818181818 0.340909090909091 0.8877840909090909 0.340909090909091 0.8877840909090909 0.35511363636363646 0.9005681818181818 0.35511363636363646
19 0.8650568181818182 0.41193181818181834 0.8522727272727273 0.41193181818181834 0.8522727272727273 0.431818181818182 0.8650568181818182 0.431818181818182
19 0.8607954545454546 0.4573863636363638 0.8494318181818182 0.4573863636363638 0.8494318181818182 0.4730113636363638 0.8607954545454546 0.4730113636363638
19 0.9673295454545454 0.41903409090909105 0.9545454545454546 0.41903409090909105 0.9545454545454546 0.43607954545454564 0.9673295454545454 0.43607954545454564
5 0.8977272727272727 0.4176136363636365 0.8835227272727273 0.4176136363636365 0.8835227272727273 0.431818181818182 0.8977272727272727 0.431818181818182
19 0.8892045454545454 0.556818181818182 0.8764204545454546 0.556818181818182 0.8764204545454546 0.5738636363636366 0.8892045454545454 0.5738636363636366
19 0.7954545454545454 0.8508522727272727 0.7798295454545454 0.8508522727272727 0.7798295454545454 0.8721590909090909 0.7954545454545454 0.8721590909090909
19 0.9431818181818182 0.8835227272727273 0.9261363636363636 0.8835227272727273 0.9261363636363636 0.9090909090909091 0.9431818181818182 0.9090909090909091
19 0.7230113636363638 0.8338068181818182 0.7045454545454547 0.8338068181818182 0.7045454545454547 0.8579545454545454 0.7230113636363638 0.8579545454545454
19 0.6562500000000001 0.8252840909090909 0.6392045454545456 0.8252840909090909 0.6392045454545456 0.8451704545454546 0.6562500000000001 0.8451704545454546
19 0.36789772727272746 0.7627840909090909 0.3536931818181819 0.7627840909090909 0.3536931818181819 0.7826704545454546 0.36789772727272746 0.7826704545454546
19 0.28125000000000006 0.7372159090909091 0.26846590909090917 0.7372159090909091 0.26846590909090917 0.7556818181818182 0.28125000000000006 0.7556818181818182
19 0.14914772727272735 0.7059659090909091 0.13352272727272735 0.7059659090909091 0.13352272727272735 0.7244318181818182 0.14914772727272735 0.7244318181818182
19 0.29971590909090917 0.6221590909090909 0.28977272727272735 0.6221590909090909 0.28977272727272735 0.6420454545454546 0.29971590909090917 0.6420454545454546
19 0.33664772727272735 0.6321022727272727 0.325284090909091 0.6321022727272727 0.325284090909091 0.6519886363636364 0.33664772727272735 0.6519886363636364
19 0.34375000000000006 0.59375 0.3352272727272728 0.59375 0.3352272727272728 0.6065340909090909 0.34375000000000006 0.6065340909090909
19 0.31534090909090917 0.49573863636363635 0.3011363636363637 0.49573863636363635 0.3011363636363637 0.515625 0.31534090909090917 0.515625
19 0.3338068181818183 0.3465909090909091 0.3224431818181819 0.3465909090909091 0.3224431818181819 0.3607954545454546 0.3338068181818183 0.36079545454545464
19 0.20170454545454544 0.2869318181818182 0.1903409090909091 0.2869318181818182 0.1903409090909091 0.30113636363636365 0.20170454545454544 0.30113636363636365
19 0.4190340909090909 0.3579545454545455 0.4034090909090909 0.3579545454545455 0.4034090909090909 0.37642045454545453 0.4190340909090909 0.37642045454545453
19 0.4744318181818182 0.40482954545454547 0.46448863636363635 0.40482954545454547 0.46448863636363635 0.41761363636363635 0.4744318181818182 0.41761363636363635
19 0.6349431818181818 0.4303977272727273 0.6221590909090909 0.4303977272727273 0.6221590909090909 0.4460227272727273 0.6349431818181818 0.4460227272727273
19 0.6235795454545454 0.5113636363636364 0.6107954545454546 0.5113636363636364 0.6107954545454546 0.5255681818181818 0.6235795454545454 0.5255681818181818
5 0.4247159090909091 0.309659090909091 0.4119318181818182 0.309659090909091 0.4119318181818182 0.32386363636363646 0.4247159090909091 0.32386363636363646
5 0.7102272727272727 0.6122159090909093 0.6946022727272727 0.6122159090909093 0.6946022727272727 0.6292613636363638 0.7102272727272727 0.6292613636363638
19 0.7173295454545454 0.5184659090909093 0.703125 0.5184659090909093 0.703125 0.541193181818182 0.7173295454545454 0.541193181818182
19 0.6718750000000001 0.6519886363636366 0.6605113636363636 0.6519886363636366 0.6605113636363638 0.6647727272727274 0.6718750000000001 0.6647727272727274
19 0.7045454545454546 0.6548295454545456 0.6917613636363636 0.6548295454545456 0.6917613636363638 0.6761363636363638 0.7045454545454547 0.6761363636363638
19 0.7357954545454546 0.6590909090909093 0.7244318181818182 0.6590909090909093 0.7244318181818182 0.6761363636363638 0.7357954545454546 0.6761363636363638
19 0.6974431818181818 0.39630681818181834 0.6860795454545454 0.39630681818181834 0.6860795454545454 0.41193181818181834 0.6974431818181818 0.41193181818181834
19 0.7045454545454546 0.3480113636363637 0.6931818181818182 0.3480113636363637 0.6931818181818182 0.3636363636363638 0.7045454545454546 0.3636363636363638
19 0.6676136363636364 0.340909090909091 0.6519886363636364 0.340909090909091 0.6519886363636364 0.3636363636363637 0.6676136363636364 0.3636363636363638
19 0.44886363636363635 0.11079545454545459 0.43323863636363635 0.11079545454545459 0.43323863636363635 0.13068181818181823 0.44886363636363635 0.13068181818181823
17 0.5000000000000001 0.43323863636363635 0.340909090909091 0.43323863636363635 0.340909090909091 0.7116477272727273 0.5000000000000001 0.7116477272727273
19 0.8196022727272727 0.5468750000000001 0.8096590909090909 0.5468750000000001 0.8096590909090909 0.559659090909091 0.8196022727272727 0.559659090909091
19 0.6605113636363636 0.4261363636363637 0.6491477272727273 0.42613636363636365 0.6491477272727273 0.4417613636363637 0.6605113636363636 0.4417613636363638
19 0.7258522727272727 0.44602272727272746 0.7159090909090909 0.44602272727272746 0.7159090909090909 0.45880681818181834 0.7258522727272727 0.45880681818181834
14 0.8423295454545454 0.2443181818181819 0.8082386363636364 0.2443181818181819 0.8082386363636364 0.3480113636363637 0.8423295454545454 0.3480113636363637
21 0.8153409090909091 0.23295454545454553 0.7897727272727273 0.23295454545454553 0.7897727272727273 0.3423295454545455 0.8153409090909091 0.3423295454545455
42 0.7897727272727273 0.23295454545454553 0.7471590909090909 0.23295454545454553 0.7471590909090909 0.3380681818181819 0.7897727272727273 0.3380681818181819