37 0.08096590909090913 0.29829545454545453 0.055397727272727314 0.29829545454545453 0.055397727272727314 0.3693181818181818 0.08096590909090913 0.3693181818181818
37 0.21022727272727276 0.2997159090909091 0.18181818181818182 0.2997159090909091 0.18181818181818185 0.37073863636363635 0.21022727272727282 0.37073863636363635
37 0.21022727272727282 0.5298295454545454 0.18039772727272735 0.5298295454545454 0.18039772727272735 0.6008522727272727 0.21022727272727282 0.6008522727272727
37 0.3480113636363637 0.5980113636363636 0.3181818181818183 0.5980113636363636 0.3181818181818183 0.6747159090909091 0.3480113636363637 0.6747159090909091
37 0.47301136363636365 0.3380681818181819 0.4446022727272727 0.3380681818181819 0.4446022727272727 0.4090909090909091 0.47301136363636365 0.4090909090909091
47 0.3338068181818183 0.43323863636363635 0.294034090909091 0.43323863636363635 0.294034090909091 0.5127840909090909 0.3338068181818183 0.5127840909090909
17 0.6605113636363636 0.3380681818181819 0.5198863636363636 0.3380681818181819 0.5198863636363636 0.6051136363636365 0.6605113636363636 0.6051136363636366
41 0.7272727272727273 0.5298295454545456 0.6931818181818182 0.5298295454545456 0.6931818181818182 0.6150568181818183 0.7272727272727273 0.6150568181818183
23 0.08806818181818189 0.5511363636363636 0.03693181818181825 0.5511363636363636 0.03693181818181826 0.6349431818181818 0.08806818181818189 0.6349431818181818
4 0.14062500000000006 0.46732954545454547 0.12215909090909095 0.46732954545454547 0.12215909090909097 0.5 0.14062500000000008 0.5
4 0.47301136363636365 0.5085227272727273 0.44176136363636365 0.5085227272727273 0.44176136363636365 0.5355113636363636 0.47301136363636365 0.5355113636363636
43 0.90625 0.25284090909090917 0.8863636363636364 0.25284090909090917 0.8863636363636364 0.27698863636363646 0.90625 0.27698863636363646
43 0.9161931818181818 0.6590909090909093 0.8991477272727273 0.6590909090909093 0.8991477272727273 0.6875000000000001 0.9161931818181818 0.6875000000000001
5 0.6363636363636364 0.29261363636363646 0.6235795454545454 0.29261363636363646 0.6235795454545454 0.30823863636363646 0.6363636363636364 0.30823863636363646
5 0.5752840909090909 0.28977272727272735 0.5610795454545454 0.28977272727272735 0.5610795454545454 0.3068181818181819 0.5752840909090909 0.3068181818181819
5 0.46875 0.5696022727272727 0.4559659090909091 0.5696022727272727 0.4559659090909091 0.5866477272727273 0.46875 0.5866477272727273
19 0.40198863636363635 0.5752840909090909 0.3934659090909091 0.5752840909090909 0.3934659090909091 0.5880681818181818 0.40198863636363635 0.5880681818181818
19 0.33948863636363646 0.6803977272727273 0.3267045454545455 0.6803977272727273 0.3267045454545455 0.6988636363636364 0.33948863636363646 0.6988636363636364
19 0.2755681818181819 0.6818181818181818 0.2599431818181819 0.6818181818181818 0.2599431818181819 0.7002840909090909 0.2755681818181819 0.7002840909090909
19 0.2698863636363637 0.5610795454545454 0.26136363636363646 0.5610795454545454 0.26136363636363646 0.5710227272727273 0.2698863636363637 0.5710227272727273
19 0.3380681818181819 0.5596590909090909 0.325284090909091 0.5596590909090909 0.325284090909091 0.5752840909090909 0.3380681818181819 0.5752840909090909
19 0.4005681818181818 0.4289772727272727 0.39204545454545453 0.4289772727272727 0.39204545454545453 0.4446022727272727 0.4005681818181818 0.4446022727272727
19 0.46875 0.42329545454545453 0.45454545454545453 0.42329545454545453 0.45454545454545453 0.4460227272727273 0.46875 0.4460227272727273
19 0.47017045454545453 0.4758522727272727 0.45738636363636365 0.4758522727272727 0.45738636363636365 0.4914772727272727 0.47017045454545453 0.4914772727272727
19 0.46448863636363635 0.29261363636363646 0.453125 0.29261363636363646 0.453125 0.3068181818181819 0.46448863636363635 0.3068181818181819
19 0.5738636363636364 0.25000000000000006 0.5610795454545454 0.25000000000000006 0.5610795454545454 0.26846590909090917 0.5738636363636364 0.26846590909090917
19 0.6335227272727273 0.25284090909090917 0.6193181818181818 0.25284090909090917 0.6193181818181818 0.2713068181818183 0.6335227272727273 0.2713068181818183
19 0.7201704545454546 0.29261363636363646 0.7102272727272727 0.29261363636363646 0.7102272727272727 0.3068181818181819 0.7201704545454546 0.3068181818181819
19 0.7215909090909091 0.4176136363636365 0.7088068181818182 0.4176136363636365 0.7088068181818182 0.43750000000000017 0.7215909090909091 0.43750000000000017
19 0.7244318181818182 0.5042613636363638 0.7116477272727273 0.5042613636363638 0.7116477272727273 0.5198863636363638 0.7244318181818182 0.5198863636363638
19 0.7840909090909091 0.5014204545454547 0.7741477272727273 0.5014204545454547 0.7741477272727273 0.5156250000000001 0.7840909090909091 0.5156250000000001
3 0.7372159090909091 0.44318181818181834 0.6988636363636364 0.44318181818181834 0.6988636363636364 0.48437500000000017 0.7372159090909091 0.48437500000000017
3 0.8053977272727273 0.5298295454545456 0.7642045454545454 0.5298295454545456 0.7642045454545454 0.5653409090909093 0.8053977272727273 0.5653409090909093
44 0.7940340909090909 0.45312500000000017 0.734375 0.45312500000000017 0.734375 0.49715909090909105 0.7940340909090909 0.49715909090909105
44 0.8664772727272727 0.5269886363636366 0.8039772727272727 0.5269886363636366 0.8039772727272727 0.5667613636363638 0.8664772727272727 0.5667613636363638
44 0.35227272727272735 0.3650568181818182 0.28267045454545464 0.3650568181818182 0.28267045454545464 0.4318181818181818 0.35227272727272735 0.4318181818181818
44 0.17755681818181823 0.265625 0.15056818181818185 0.265625 0.15056818181818185 0.37073863636363635 0.17755681818181823 0.37073863636363635
44 0.15625000000000003 0.44176136363636365 0.10511363636363641 0.44176136363636365 0.10511363636363641 0.46732954545454547 0.15625000000000003 0.46732954545454547
44 0.0582386363636364 0.2684659090909091 0.029829545454545484 0.2684659090909091 0.02982954545454549 0.3650568181818182 0.0582386363636364 0.3650568181818182
44 0.17897727272727282 0.5099431818181818 0.153409090909091 0.5099431818181818 0.153409090909091 0.5994318181818182 0.17897727272727282 0.5994318181818182
44 0.25284090909090917 0.5681818181818182 0.22443181818181826 0.5681818181818182 0.22443181818181826 0.6477272727272727 0.25284090909090917 0.6477272727272727
44 0.31534090909090917 0.5923295454545454 0.28977272727272735 0.5923295454545454 0.28977272727272735 0.6661931818181818 0.31534090909090917 0.6661931818181818
44 0.4460227272727273 0.30539772727272735 0.42045454545454547 0.30539772727272735 0.42045454545454547 0.40198863636363635 0.4460227272727273 0.40198863636363635
44 0.6420454545454546 0.35511363636363646 0.6207386363636364 0.35511363636363646 0.6207386363636364 0.4005681818181818 0.6420454545454546 0.4005681818181818
44 0.6491477272727273 0.41051136363636365 0.6292613636363636 0.41051136363636365 0.6292613636363636 0.4460227272727273 0.6491477272727273 0.4460227272727273
44 0.6036931818181818 0.4318181818181818 0.5568181818181818 0.4318181818181818 0.5568181818181818 0.49857954545454547 0.6036931818181818 0.49857954545454547
44 0.5539772727272727 0.46732954545454547 0.5326704545454546 0.46732954545454547 0.5326704545454546 0.5 0.5539772727272727 0.5
44 0.5511363636363636 0.4161931818181818 0.5340909090909091 0.4161931818181818 0.5340909090909091 0.45170454545454547 0.5511363636363636 0.45170454545454547
44 0.578125 0.356534090909091 0.5568181818181818 0.356534090909091 0.5568181818181818 0.3977272727272727 0.578125 0.3977272727272727
44 0.953125 0.2045454545454546 0.7784090909090909 0.2045454545454546 0.7784090909090909 0.25142045454545464 0.953125 0.25142045454545464
19 0.20170454545454553 0.46875 0.18750000000000008 0.46875 0.18750000000000008 0.48863636363636365 0.20170454545454553 0.48863636363636365
19 0.20880681818181826 0.6803977272727273 0.19460227272727282 0.6803977272727273 0.19460227272727282 0.7017045454545454 0.20880681818181826 0.7017045454545454
19 0.075284090909091 0.6917613636363636 0.06250000000000008 0.6917613636363636 0.06250000000000008 0.7073863636363636 0.075284090909091 0.7073863636363636
19 0.07812500000000006 0.47301136363636365 0.06250000000000006 0.47301136363636365 0.06250000000000006 0.4943181818181818 0.07812500000000006 0.4943181818181818
19 0.20454545454545456 0.2528409090909091 0.19176136363636365 0.2528409090909091 0.19176136363636365 0.2713068181818182 0.20454545454545456 0.2713068181818182
19 0.07528409090909095 0.2585227272727273 0.06534090909090913 0.2585227272727273 0.06534090909090913 0.2727272727272727 0.07528409090909095 0.2727272727272727
19 0.46875000000000017 0.6789772727272727 0.4573863636363638 0.6789772727272727 0.4573863636363638 0.6960227272727273 0.46875000000000017 0.6960227272727273
19 0.5994318181818183 0.6747159090909091 0.588068181818182 0.6747159090909091 0.588068181818182 0.6903409090909091 0.5994318181818183 0.6903409090909091
19 0.7230113636363638 0.6718750000000001 0.7116477272727274 0.6718750000000001 0.7116477272727274 0.6860795454545456 0.7230113636363638 0.6860795454545456
19 0.7840909090909091 0.666193181818182 0.7741477272727273 0.666193181818182 0.7741477272727273 0.681818181818182 0.7840909090909091 0.681818181818182
44 0.6022727272727273 0.5625 0.5795454545454546 0.5625 0.5795454545454546 0.59375 0.6022727272727273 0.59375
44 0.5553977272727273 0.5539772727272727 0.5326704545454546 0.5539772727272727 0.5326704545454546 0.5880681818181818 0.5553977272727273 0.5880681818181818
44 0.5028409090909091 0.5170454545454546 0.4715909090909091 0.5170454545454546 0.4715909090909091 0.5497159090909091 0.5028409090909091 0.5497159090909091
3 0.2869318181818183 0.5710227272727273 0.25000000000000006 0.5710227272727273 0.25000000000000006 0.6065340909090909 0.2869318181818183 0.6065340909090909