44 0.4318181818181818 0.04403409090909095 0.35511363636363635 0.044034090909090946 0.35511363636363635 0.08096590909090914 0.4318181818181818 0.08096590909090916
44 0.5326704545454546 0.06818181818181825 0.47301136363636365 0.06818181818181825 0.47301136363636365 0.08948863636363642 0.5326704545454546 0.08948863636363642
44 0.6676136363636364 0.07244318181818189 0.5994318181818182 0.07244318181818189 0.5994318181818182 0.09517045454545463 0.6676136363636364 0.09517045454545463
44 0.07670454545454555 0.8877840909090909 0.03125000000000011 0.8877840909090909 0.03125000000000011 0.9034090909090909 0.07670454545454555 0.9034090909090909
44 0.08380681818181829 0.9048295454545454 0.024147727272727383 0.9048295454545454 0.02414772727272739 0.9573863636363636 0.0838068181818183 0.9573863636363636
44 0.5397727272727274 0.8778409090909091 0.4886363636363638 0.8778409090909091 0.4886363636363638 0.9161931818181818 0.5397727272727274 0.9161931818181818
44 0.5980113636363638 0.8792613636363636 0.5553977272727274 0.8792613636363636 0.5553977272727274 0.8991477272727273 0.5980113636363638 0.8991477272727273
44 0.8508522727272727 0.8821022727272727 0.7826704545454546 0.8821022727272727 0.7826704545454546 0.9289772727272727 0.8508522727272727 0.9289772727272727
43 0.5198863636363636 0.10511363636363642 0.4659090909090909 0.10511363636363641 0.4659090909090909 0.1448863636363637 0.5198863636363636 0.14488636363636373
43 0.6505681818181818 0.106534090909091 0.5994318181818182 0.106534090909091 0.5994318181818182 0.1420454545454546 0.6505681818181818 0.1420454545454546
43 0.07386363636363646 0.8309659090909091 0.03693181818181828 0.8309659090909091 0.03693181818181828 0.8650568181818182 0.07386363636363646 0.8650568181818182
43 0.5553977272727274 0.8309659090909091 0.5184659090909093 0.8309659090909091 0.5184659090909093 0.8721590909090909 0.5553977272727274 0.8721590909090909
43 0.8309659090909091 0.828125 0.7911931818181818 0.828125 0.7911931818181818 0.8678977272727273 0.8309659090909091 0.8678977272727273
19 0.0923295454545455 0.203125 0.04687500000000002 0.203125 0.04687500000000002 0.22301136363636365 0.0923295454545455 0.22301136363636365
19 0.09090909090909095 0.38920454545454547 0.03977272727272732 0.38920454545454547 0.03977272727272732 0.4161931818181818 0.09090909090909095 0.4161931818181818
19 0.0852272727272728 0.5909090909090909 0.03125000000000007 0.5909090909090909 0.03125000000000007 0.6178977272727273 0.0852272727272728 0.6178977272727273
19 0.08238636363636374 0.7755681818181818 0.02556818181818191 0.7755681818181818 0.025568181818181913 0.8011363636363636 0.08238636363636374 0.8011363636363636
19 0.2798295454545455 0.5909090909090909 0.24289772727272735 0.5909090909090909 0.24289772727272735 0.6107954545454546 0.2798295454545455 0.6107954545454546
19 0.3338068181818183 0.5909090909090909 0.294034090909091 0.5909090909090909 0.294034090909091 0.6107954545454546 0.3338068181818183 0.6107954545454546
19 0.4303977272727273 0.5894886363636364 0.3877840909090909 0.5894886363636364 0.3877840909090909 0.609375 0.4303977272727273 0.609375
19 0.5355113636363636 0.24147727272727282 0.49857954545454547 0.24147727272727282 0.49857954545454547 0.26136363636363646 0.5355113636363636 0.26136363636363646
19 0.5127840909090909 0.15482954545454553 0.4758522727272727 0.1548295454545455 0.4758522727272727 0.1818181818181819 0.5127840909090909 0.1818181818181819
19 0.6420454545454546 0.15909090909090917 0.5994318181818182 0.15909090909090917 0.5994318181818182 0.18607954545454553 0.6420454545454546 0.18607954545454553
19 0.5511363636363636 0.36221590909090917 0.4943181818181818 0.36221590909090917 0.4943181818181818 0.3934659090909091 0.5511363636363636 0.3934659090909091
19 0.5340909090909091 0.5866477272727273 0.4914772727272727 0.5866477272727273 0.4914772727272727 0.6122159090909091 0.5340909090909091 0.6122159090909091
19 0.38352272727272746 0.6761363636363636 0.340909090909091 0.6761363636363636 0.340909090909091 0.6988636363636364 0.38352272727272746 0.6988636363636364
19 0.5298295454545456 0.6803977272727273 0.48153409090909105 0.6803977272727273 0.48153409090909105 0.7002840909090909 0.5298295454545456 0.7002840909090909
19 0.8480113636363636 0.1661931818181819 0.8167613636363636 0.1661931818181819 0.8167613636363636 0.18607954545454553 0.8480113636363636 0.18607954545454553
19 0.8465909090909091 0.36505681818181834 0.7897727272727273 0.36505681818181834 0.7897727272727273 0.38778409090909105 0.8465909090909091 0.38778409090909105
19 0.8423295454545454 0.5894886363636366 0.7883522727272727 0.5894886363636366 0.7883522727272727 0.6150568181818183 0.8423295454545454 0.6150568181818183
19 0.8451704545454546 0.7627840909090909 0.7826704545454546 0.7627840909090909 0.7826704545454546 0.7911931818181818 0.8451704545454546 0.7911931818181818
19 0.640625 0.3650568181818182 0.5838068181818182 0.3650568181818182 0.5838068181818182 0.390625 0.640625 0.390625
19 0.6221590909090909 0.5894886363636364 0.5710227272727273 0.5894886363636364 0.5710227272727273 0.6150568181818182 0.6221590909090909 0.6150568181818182
19 0.5696022727272729 0.7741477272727273 0.5184659090909093 0.7741477272727273 0.5184659090909093 0.7954545454545454 0.5696022727272729 0.7954545454545454
37 0.27698863636363635 0.2002840909090909 0.17187500000000003 0.2002840909090909 0.17187500000000003 0.22727272727272727 0.27698863636363635 0.22727272727272727
37 0.23011363636363644 0.3963068181818182 0.14062500000000003 0.3963068181818182 0.14062500000000003 0.421875 0.23011363636363644 0.421875
37 0.2443181818181819 0.5880681818181818 0.15625000000000008 0.5880681818181818 0.15625000000000008 0.6164772727272727 0.2443181818181819 0.6164772727272727
37 0.17755681818181826 0.7755681818181818 0.09517045454545463 0.7755681818181818 0.09517045454545463 0.7997159090909091 0.17755681818181826 0.7997159090909091
37 0.7400568181818182 0.5880681818181819 0.6434659090909091 0.5880681818181818 0.6434659090909091 0.6164772727272728 0.7400568181818182 0.6164772727272729
47 0.4275568181818182 0.16619318181818185 0.3224431818181818 0.16619318181818185 0.3224431818181818 0.25710227272727276 0.4275568181818182 0.2571022727272728
47 0.4034090909090909 0.3678977272727273 0.3025568181818183 0.3678977272727273 0.3025568181818183 0.45738636363636365 0.4034090909090909 0.45738636363636365
47 0.4247159090909091 0.5298295454545454 0.29971590909090917 0.5298295454545454 0.29971590909090917 0.5809659090909091 0.4247159090909091 0.5809659090909091
47 0.4275568181818183 0.6207386363636364 0.29971590909090917 0.6207386363636364 0.29971590909090917 0.6605113636363636 0.42755681818181834 0.6605113636363636
47 0.31534090909090917 0.7272727272727273 0.19318181818181826 0.7272727272727273 0.19318181818181826 0.7784090909090909 0.31534090909090917 0.7784090909090909
47 0.6448863636363638 0.734375 0.5397727272727274 0.734375 0.5397727272727274 0.7769886363636364 0.6448863636363638 0.7769886363636364
8 0.7926136363636364 0.16051136363636373 0.7443181818181818 0.16051136363636373 0.7443181818181818 0.18750000000000008 0.7926136363636364 0.18750000000000008
8 0.7769886363636364 0.36505681818181834 0.734375 0.36505681818181834 0.734375 0.38778409090909105 0.7769886363636364 0.38778409090909105
8 0.49289772727272746 0.7713068181818182 0.45028409090909105 0.7713068181818182 0.45028409090909105 0.7982954545454546 0.49289772727272746 0.7982954545454546