47 0.4588068181818182 0.1178977272727273 0.3522727272727273 0.1178977272727273 0.3522727272727273 0.20596590909090917 0.4588068181818182 0.20596590909090917
19 0.24289772727272727 0.14914772727272732 0.21164772727272727 0.14914772727272732 0.21164772727272727 0.17613636363636367 0.24289772727272727 0.17613636363636367
19 0.6803977272727273 0.153409090909091 0.6377840909090909 0.153409090909091 0.6377840909090909 0.184659090909091 0.6803977272727273 0.184659090909091
19 0.6846590909090909 0.3167613636363637 0.6306818181818182 0.3167613636363637 0.6306818181818182 0.35937500000000006 0.6846590909090909 0.35937500000000006
19 0.24005681818181826 0.40198863636363635 0.19034090909090917 0.40198863636363635 0.19034090909090917 0.44886363636363635 0.24005681818181826 0.44886363636363635
19 0.22727272727272735 0.6505681818181818 0.1818181818181819 0.6505681818181818 0.1818181818181819 0.6818181818181818 0.22727272727272735 0.6818181818181818
19 0.22727272727272735 0.7073863636363636 0.18750000000000008 0.7073863636363636 0.18750000000000008 0.7443181818181818 0.22727272727272735 0.7443181818181818
19 0.22443181818181826 0.8323863636363636 0.19318181818181826 0.8323863636363636 0.19318181818181826 0.8551136363636364 0.22443181818181826 0.8551136363636364
19 0.08664772727272735 0.6463068181818182 0.04687500000000008 0.6463068181818182 0.04687500000000008 0.6747159090909091 0.08664772727272735 0.6747159090909091
19 0.4147727272727273 0.3196022727272728 0.375 0.3196022727272728 0.375 0.35511363636363646 0.4147727272727273 0.35511363636363646
19 0.41761363636363635 0.4133522727272727 0.3664772727272727 0.4133522727272727 0.3664772727272727 0.44886363636363635 0.41761363636363635 0.44886363636363635
19 0.41051136363636365 0.47301136363636365 0.37073863636363635 0.47301136363636365 0.37073863636363635 0.5042613636363636 0.41051136363636365 0.5042613636363636
19 0.5241477272727273 0.4758522727272727 0.48863636363636365 0.4758522727272727 0.48863636363636365 0.5028409090909091 0.5241477272727273 0.5028409090909091
19 0.5213068181818183 0.8551136363636364 0.48437500000000017 0.8551136363636364 0.48437500000000017 0.8877840909090909 0.5213068181818183 0.8877840909090909
19 0.5937500000000001 0.8565340909090909 0.5511363636363638 0.8565340909090909 0.5511363636363638 0.8877840909090909 0.5937500000000001 0.8877840909090909
19 0.6761363636363638 0.8565340909090909 0.6335227272727274 0.8565340909090909 0.6335227272727274 0.8877840909090909 0.6761363636363638 0.8877840909090909
19 0.400568181818182 0.7144886363636364 0.36221590909090917 0.7144886363636364 0.36221590909090917 0.7428977272727273 0.400568181818182 0.7428977272727273
19 0.08522727272727283 0.8366477272727273 0.04119318181818192 0.8366477272727273 0.04119318181818193 0.8678977272727273 0.08522727272727283 0.8678977272727273
44 0.1846590909090909 0.2159090909090909 0.13068181818181823 0.2159090909090909 0.13068181818181823 0.26136363636363635 0.1846590909090909 0.26136363636363635
44 0.2940340909090909 0.2159090909090909 0.25426136363636365 0.2159090909090909 0.25426136363636365 0.28125 0.2940340909090909 0.28125
44 0.5568181818181818 0.17471590909090917 0.5085227272727273 0.17471590909090917 0.5085227272727273 0.2883522727272728 0.5568181818181818 0.2883522727272728
44 0.5440340909090909 0.36221590909090917 0.4943181818181818 0.36221590909090917 0.4943181818181818 0.40482954545454547 0.5440340909090909 0.40482954545454547
44 0.5951704545454546 0.36363636363636365 0.5610795454545454 0.36363636363636365 0.5610795454545454 0.40625 0.5951704545454546 0.40625
44 0.46732954545454547 0.5369318181818182 0.41761363636363635 0.5369318181818182 0.41761363636363635 0.6107954545454546 0.46732954545454547 0.6107954545454546
44 0.4730113636363638 0.7244318181818182 0.4176136363636365 0.7244318181818182 0.4176136363636365 0.7670454545454546 0.4730113636363638 0.7670454545454546
44 0.6264204545454547 0.7471590909090909 0.5838068181818183 0.7471590909090909 0.5838068181818183 0.7954545454545454 0.6264204545454547 0.7954545454545454
44 0.20596590909090917 0.8806818181818182 0.15482954545454558 0.8806818181818182 0.15482954545454558 0.9545454545454546 0.20596590909090917 0.9545454545454546
44 0.14204545454545467 0.8821022727272727 0.09232954545454558 0.8821022727272727 0.09232954545454558 0.9247159090909091 0.14204545454545467 0.9247159090909091
44 0.294034090909091 0.45454545454545453 0.25142045454545464 0.45454545454545453 0.25142045454545464 0.5056818181818182 0.294034090909091 0.5056818181818182
44 0.3423295454545455 0.45454545454545453 0.29971590909090917 0.45454545454545453 0.29971590909090917 0.4914772727272727 0.3423295454545455 0.4914772727272727
44 0.3579545454545455 0.5482954545454546 0.3011363636363637 0.5482954545454546 0.3011363636363637 0.5994318181818182 0.3579545454545455 0.5994318181818182
4 0.16477272727272735 0.6434659090909091 0.12500000000000008 0.6434659090909091 0.12500000000000008 0.6931818181818182 0.16477272727272735 0.6931818181818182
37 0.25142045454545453 0.21448863636363635 0.19744318181818182 0.21448863636363635 0.19744318181818182 0.2883522727272727 0.25142045454545453 0.2883522727272727
37 0.1889204545454546 0.8309659090909091 0.09801136363636376 0.8309659090909091 0.09801136363636376 0.8650568181818182 0.1889204545454546 0.8650568181818182
37 0.6221590909090909 0.32102272727272735 0.5056818181818182 0.32102272727272735 0.5056818181818182 0.36079545454545464 0.6221590909090909 0.36079545454545464
37 0.41051136363636365 0.5284090909090909 0.36221590909090917 0.5284090909090909 0.36221590909090917 0.6207386363636364 0.41051136363636365 0.6207386363636364
43 0.07812500000000011 0.8877840909090909 0.046875000000000104 0.8877840909090909 0.04687500000000011 0.9247159090909091 0.07812500000000012 0.9247159090909091
19 0.5838068181818183 0.7542613636363636 0.5710227272727274 0.7542613636363636 0.5710227272727274 0.7670454545454546 0.5838068181818183 0.7670454545454546
38 0.544034090909091 0.7059659090909091 0.4758522727272729 0.7059659090909091 0.4758522727272729 0.8053977272727273 0.544034090909091 0.8053977272727273
3 0.3323863636363637 0.40198863636363635 0.26136363636363646 0.40198863636363635 0.26136363636363646 0.4502840909090909 0.3323863636363637 0.4502840909090909