55 0.4758522727272727 0.41051136363636365 0.4005681818181818 0.41051136363636365 0.4005681818181818 0.4559659090909091 0.4758522727272727 0.4559659090909091
37 0.234375 0.3039772727272727 0.1519886363636364 0.3039772727272727 0.1519886363636364 0.328125 0.234375 0.328125
37 0.20880681818181826 0.47017045454545453 0.13352272727272732 0.47017045454545453 0.13352272727272732 0.48863636363636365 0.20880681818181826 0.48863636363636365
37 0.19460227272727282 0.5625 0.12926136363636373 0.5625 0.12926136363636373 0.5866477272727273 0.19460227272727282 0.5866477272727273
37 0.2045454545454546 0.7414772727272727 0.14914772727272735 0.7414772727272727 0.14914772727272735 0.7627840909090909 0.2045454545454546 0.7627840909090909
37 0.8877840909090909 0.45312500000000017 0.8053977272727273 0.45312500000000017 0.8053977272727273 0.4758522727272729 0.8877840909090909 0.4758522727272729
13 0.46448863636363635 0.5767045454545454 0.42045454545454547 0.5767045454545454 0.42045454545454547 0.6008522727272727 0.46448863636363635 0.6008522727272727
13 0.8636363636363636 0.637784090909091 0.8252840909090909 0.637784090909091 0.8252840909090909 0.6633522727272729 0.8636363636363636 0.6633522727272729
47 0.3068181818181819 0.37073863636363635 0.23721590909090917 0.37073863636363635 0.23721590909090917 0.4460227272727273 0.3068181818181819 0.4460227272727273
47 0.30823863636363646 0.6207386363636364 0.25000000000000006 0.6207386363636364 0.25000000000000006 0.7244318181818182 0.30823863636363646 0.7244318181818182
46 0.7272727272727273 0.5028409090909092 0.5994318181818182 0.5028409090909091 0.5994318181818182 0.5994318181818182 0.7272727272727273 0.5994318181818183
19 0.7201704545454546 0.4701704545454547 0.7059659090909091 0.4701704545454547 0.7059659090909091 0.4801136363636365 0.7201704545454546 0.4801136363636365
19 0.7286931818181818 0.619318181818182 0.7102272727272727 0.619318181818182 0.7102272727272727 0.634943181818182 0.7286931818181818 0.634943181818182
19 0.84375 0.6164772727272729 0.8295454545454546 0.6164772727272729 0.8295454545454546 0.6292613636363638 0.84375 0.6292613636363638
19 0.6292613636363638 0.7386363636363636 0.6079545454545456 0.7386363636363636 0.6079545454545456 0.7542613636363636 0.6292613636363638 0.7542613636363636
19 0.6036931818181818 0.30823863636363646 0.5823863636363636 0.30823863636363646 0.5823863636363636 0.32386363636363646 0.6036931818181818 0.32386363636363646
19 0.4460227272727273 0.31534090909090917 0.4247159090909091 0.31534090909090917 0.4247159090909091 0.32954545454545464 0.4460227272727273 0.32954545454545464
19 0.29687500000000006 0.3181818181818182 0.2784090909090909 0.3181818181818182 0.27840909090909094 0.3309659090909091 0.29687500000000006 0.3309659090909091
19 0.4502840909090909 0.5553977272727273 0.4346590909090909 0.5553977272727273 0.4346590909090909 0.5653409090909091 0.4502840909090909 0.5653409090909091
19 0.29829545454545464 0.4744318181818182 0.27698863636363646 0.4744318181818182 0.27698863636363646 0.4914772727272727 0.29829545454545464 0.4914772727272727
19 0.3068181818181819 0.5610795454545454 0.28125000000000006 0.5610795454545454 0.28125000000000006 0.578125 0.3068181818181819 0.578125
19 0.3011363636363637 0.7471590909090909 0.2798295454545455 0.7471590909090909 0.2798295454545455 0.7642045454545454 0.3011363636363637 0.7642045454545454
19 0.090909090909091 0.7457386363636364 0.07102272727272738 0.7457386363636364 0.07102272727272738 0.7599431818181818 0.090909090909091 0.7599431818181818
19 0.09375000000000004 0.4786931818181818 0.07244318181818188 0.4786931818181818 0.07244318181818188 0.4928977272727273 0.09375000000000004 0.4928977272727273
19 0.09375000000000004 0.41051136363636365 0.0710227272727273 0.41051136363636365 0.07102272727272732 0.42613636363636365 0.09375000000000004 0.42613636363636365
19 0.019886363636363716 0.65625 0.004261363636363717 0.65625 0.004261363636363718 0.6704545454545454 0.019886363636363716 0.6704545454545454
19 0.019886363636363705 0.5795454545454546 0.004261363636363707 0.5795454545454546 0.004261363636363708 0.59375 0.019886363636363705 0.59375
19 0.03409090909090913 0.3224431818181818 0.017045454545454586 0.3224431818181818 0.017045454545454586 0.3352272727272727 0.03409090909090913 0.3352272727272727
5 0.09801136363636372 0.5724431818181818 0.07528409090909097 0.5724431818181818 0.07528409090909098 0.5980113636363636 0.09801136363636372 0.5980113636363636
5 0.10227272727272735 0.6576704545454546 0.07244318181818189 0.6576704545454546 0.07244318181818189 0.6832386363636364 0.10227272727272735 0.6832386363636364
44 0.2201704545454546 0.5852272727272727 0.1420454545454546 0.5852272727272727 0.1420454545454546 0.6065340909090909 0.2201704545454546 0.6065340909090909
44 0.2713068181818182 0.2741477272727273 0.17471590909090914 0.2741477272727273 0.17471590909090914 0.296875 0.2713068181818182 0.296875
44 0.3778409090909091 0.3934659090909091 0.27414772727272735 0.3934659090909091 0.27414772727272735 0.4190340909090909 0.3778409090909091 0.4190340909090909
44 0.2357954545454546 0.4943181818181818 0.15340909090909094 0.4943181818181818 0.15340909090909097 0.5113636363636364 0.2357954545454546 0.5113636363636364
44 0.23863636363636373 0.7670454545454546 0.15482954545454553 0.7670454545454546 0.15482954545454553 0.7826704545454546 0.23863636363636373 0.7826704545454546
44 0.4019886363636365 0.6647727272727273 0.28125000000000006 0.6647727272727273 0.28125000000000006 0.6860795454545454 0.4019886363636365 0.6860795454545454
44 0.5411931818181818 0.41761363636363635 0.4815340909090909 0.41761363636363635 0.4815340909090909 0.4403409090909091 0.5411931818181818 0.4403409090909091
44 0.8892045454545454 0.42755681818181834 0.8352272727272727 0.42755681818181834 0.8352272727272727 0.4488636363636365 0.8892045454545454 0.4488636363636365
43 0.9744318181818182 0.4573863636363638 0.9559659090909091 0.4573863636363638 0.9559659090909091 0.46732954545454564 0.9744318181818182 0.46732954545454564
14 0.640625 0.5099431818181818 0.6022727272727273 0.5099431818181818 0.6022727272727273 0.5951704545454546 0.640625 0.5951704545454546
14 0.7201704545454546 0.5071022727272729 0.6860795454545454 0.5071022727272729 0.6860795454545454 0.590909090909091 0.7201704545454546 0.590909090909091