46 0.49573863636363635 0.26704545454545464 0.40198863636363635 0.26704545454545464 0.40198863636363635 0.39204545454545453 0.49573863636363635 0.39204545454545453
47 0.34659090909090917 0.6747159090909091 0.2755681818181819 0.6747159090909091 0.2755681818181819 0.7400568181818182 0.34659090909090917 0.7400568181818182
47 0.6150568181818183 0.6789772727272727 0.5213068181818183 0.6789772727272727 0.5213068181818183 0.734375 0.6150568181818183 0.734375
37 0.23721590909090917 0.7372159090909091 0.21164772727272735 0.7372159090909091 0.21164772727272735 0.8252840909090909 0.23721590909090917 0.8252840909090909
37 0.3934659090909092 0.7684659090909091 0.36789772727272746 0.7684659090909091 0.36789772727272746 0.8480113636363636 0.3934659090909092 0.8480113636363636
37 0.48153409090909105 0.7883522727272727 0.45880681818181834 0.7883522727272727 0.45880681818181834 0.8508522727272727 0.48153409090909105 0.8508522727272727
37 0.6605113636363638 0.7769886363636364 0.637784090909091 0.7769886363636364 0.637784090909091 0.8394886363636364 0.6605113636363638 0.8394886363636364
37 0.3778409090909091 0.11647727272727276 0.3522727272727273 0.11647727272727276 0.3522727272727273 0.1974431818181819 0.3778409090909091 0.1974431818181819
55 0.3579545454545455 0.5099431818181818 0.31250000000000006 0.5099431818181818 0.31250000000000006 0.5809659090909091 0.3579545454545455 0.5809659090909091
13 0.49857954545454547 0.5213068181818182 0.4772727272727273 0.5213068181818182 0.4772727272727273 0.5639204545454546 0.49857954545454547 0.5639204545454546
13 0.5568181818181818 0.13636363636363644 0.5340909090909091 0.13636363636363644 0.5340909090909091 0.17045454545454553 0.5568181818181818 0.17045454545454553
19 0.3835227272727273 0.2727272727272728 0.3693181818181818 0.2727272727272728 0.3693181818181818 0.2911931818181819 0.3835227272727273 0.2911931818181819
19 0.5227272727272727 0.15625000000000008 0.5113636363636364 0.15625000000000008 0.5113636363636364 0.17045454545454553 0.5227272727272727 0.17045454545454553
19 0.5255681818181818 0.26846590909090917 0.515625 0.26846590909090917 0.515625 0.28267045454545464 0.5255681818181818 0.28267045454545464
19 0.6477272727272727 0.35937500000000006 0.6306818181818182 0.35937500000000006 0.6306818181818182 0.3778409090909091 0.6477272727272727 0.3778409090909091
19 0.231534090909091 0.39204545454545453 0.21732954545454553 0.39204545454545453 0.21732954545454553 0.40767045454545453 0.231534090909091 0.40767045454545453
19 0.23437500000000008 0.5411931818181818 0.22585227272727282 0.5411931818181818 0.22585227272727282 0.5553977272727273 0.23437500000000008 0.5553977272727273
19 0.4659090909090909 0.5326704545454546 0.45170454545454547 0.5326704545454546 0.45170454545454547 0.5497159090909091 0.4659090909090909 0.5497159090909091
19 0.2357954545454546 0.6846590909090909 0.22585227272727282 0.6846590909090909 0.22585227272727282 0.7017045454545454 0.2357954545454546 0.7017045454545454
19 0.38778409090909105 0.6875 0.37500000000000017 0.6875 0.37500000000000017 0.703125 0.38778409090909105 0.703125
19 0.4730113636363638 0.6789772727272727 0.4602272727272729 0.6789772727272727 0.4602272727272729 0.6974431818181818 0.4730113636363638 0.6974431818181818
19 0.6590909090909093 0.6860795454545454 0.6448863636363638 0.6860795454545454 0.6448863636363638 0.6988636363636364 0.6590909090909093 0.6988636363636364
19 0.653409090909091 0.8991477272727273 0.6448863636363638 0.8991477272727273 0.6448863636363638 0.9119318181818182 0.653409090909091 0.9119318181818182
19 0.5653409090909093 0.9630681818181818 0.5539772727272729 0.9630681818181818 0.5539772727272729 0.9801136363636364 0.5653409090909093 0.9801136363636364
19 0.49289772727272746 0.9602272727272727 0.478693181818182 0.9602272727272727 0.478693181818182 0.9772727272727273 0.49289772727272746 0.9772727272727273
19 0.39062500000000017 0.8863636363636364 0.3778409090909092 0.8863636363636364 0.3778409090909092 0.9019886363636364 0.39062500000000017 0.9019886363636364
19 0.32386363636363646 0.8863636363636364 0.3110795454545455 0.8863636363636364 0.3110795454545455 0.9034090909090909 0.32386363636363646 0.9034090909090909
19 0.24289772727272735 0.9360795454545454 0.2286931818181819 0.9360795454545454 0.2286931818181819 0.9559659090909091 0.24289772727272735 0.9559659090909091
44 0.4133522727272729 0.7457386363636364 0.3920454545454547 0.7457386363636364 0.3920454545454547 0.8267045454545454 0.4133522727272729 0.8267045454545454
44 0.2045454545454546 0.7088068181818182 0.184659090909091 0.7088068181818182 0.184659090909091 0.7997159090909091 0.2045454545454546 0.7997159090909091
44 0.5028409090909093 0.7613636363636364 0.4857954545454547 0.7613636363636364 0.4857954545454547 0.8352272727272727 0.5028409090909093 0.8352272727272727
44 0.5852272727272728 0.5823863636363636 0.5596590909090909 0.5823863636363636 0.5596590909090909 0.7017045454545454 0.5852272727272729 0.7017045454545454
44 0.681818181818182 0.75 0.6647727272727274 0.75 0.6647727272727274 0.8309659090909091 0.681818181818182 0.8309659090909091
44 0.3196022727272728 0.6065340909090909 0.29971590909090917 0.6065340909090909 0.29971590909090917 0.7088068181818182 0.3196022727272728 0.7088068181818182
44 0.34375000000000006 0.44886363636363635 0.32102272727272735 0.44886363636363635 0.32102272727272735 0.5042613636363636 0.34375000000000006 0.5042613636363636
44 0.3508522727272727 0.1178977272727273 0.3309659090909091 0.1178977272727273 0.3309659090909091 0.16903409090909094 0.3508522727272727 0.16903409090909094
5 0.5838068181818183 0.8792613636363636 0.5539772727272729 0.8792613636363636 0.5539772727272729 0.9076704545454546 0.5838068181818183 0.9076704545454546
5 0.4957386363636365 0.8792613636363636 0.46875000000000017 0.8792613636363636 0.46875000000000017 0.9019886363636364 0.4957386363636365 0.9019886363636364
43 0.375 0.03125000000000005 0.35795454545454547 0.03125000000000004 0.35795454545454547 0.059659090909090946 0.375 0.059659090909090946
14 0.484375 0.2755681818181819 0.40482954545454547 0.2755681818181819 0.40482954545454547 0.3068181818181819 0.484375 0.3068181818181819
14 0.4914772727272727 0.3579545454545455 0.40625 0.3579545454545455 0.40625 0.38636363636363635 0.4914772727272727 0.38636363636363635