46 0.7329545454545454 0.5369318181818182 0.6321022727272727 0.5369318181818182 0.6321022727272727 0.6235795454545455 0.7329545454545454 0.6235795454545456
37 0.29687500000000006 0.3494318181818182 0.215909090909091 0.3494318181818182 0.215909090909091 0.375 0.29687500000000006 0.375
37 0.26704545454545464 0.515625 0.200284090909091 0.515625 0.200284090909091 0.5397727272727273 0.26704545454545464 0.5397727272727273
37 0.8522727272727273 0.49289772727272746 0.7897727272727273 0.49289772727272746 0.7897727272727273 0.5113636363636366 0.8522727272727273 0.5113636363636366
37 0.2599431818181819 0.6107954545454546 0.19602272727272735 0.6107954545454546 0.19602272727272735 0.6377840909090909 0.2599431818181819 0.6377840909090909
37 0.2755681818181819 0.796875 0.215909090909091 0.796875 0.215909090909091 0.8167613636363636 0.2755681818181819 0.8167613636363636
47 0.3707386363636365 0.6633522727272727 0.3196022727272728 0.6633522727272727 0.3196022727272728 0.7741477272727273 0.3707386363636365 0.7741477272727273
47 0.3650568181818182 0.4133522727272727 0.3025568181818183 0.4133522727272727 0.3025568181818183 0.49573863636363635 0.3650568181818182 0.49573863636363635
55 0.5284090909090909 0.45454545454545453 0.4588068181818182 0.45454545454545453 0.4588068181818182 0.5014204545454546 0.5284090909090909 0.5014204545454546
13 0.515625 0.6150568181818182 0.4758522727272727 0.6150568181818182 0.4758522727272727 0.6363636363636364 0.515625 0.6363636363636364
13 0.8366477272727273 0.650568181818182 0.8110795454545454 0.650568181818182 0.8110795454545454 0.6718750000000001 0.8366477272727273 0.6718750000000001
19 0.7272727272727273 0.5071022727272729 0.7144886363636364 0.5071022727272729 0.7144886363636364 0.5170454545454547 0.7272727272727273 0.5170454545454547
19 0.7372159090909091 0.6392045454545456 0.7215909090909091 0.6392045454545456 0.7215909090909091 0.653409090909091 0.7372159090909091 0.653409090909091
19 0.8238636363636364 0.6335227272727274 0.8096590909090909 0.6335227272727274 0.8096590909090909 0.6420454545454547 0.8238636363636364 0.6420454545454547
19 0.6306818181818182 0.3650568181818182 0.6136363636363636 0.3650568181818182 0.6136363636363636 0.37642045454545453 0.6306818181818182 0.37642045454545453
19 0.6605113636363638 0.7556818181818182 0.6463068181818183 0.7556818181818182 0.6463068181818183 0.7670454545454546 0.6605113636363638 0.7670454545454546
19 0.36505681818181834 0.7926136363636364 0.3494318181818183 0.7926136363636364 0.3494318181818183 0.8053977272727273 0.36505681818181834 0.8053977272727273
19 0.3664772727272727 0.6065340909090909 0.3494318181818183 0.6065340909090909 0.3494318181818183 0.6193181818181818 0.3664772727272727 0.6193181818181818
19 0.5056818181818182 0.5923295454545454 0.4914772727272727 0.5923295454545454 0.4914772727272727 0.6051136363636364 0.5056818181818182 0.6051136363636364
19 0.35937500000000006 0.5213068181818182 0.3423295454545455 0.5213068181818182 0.3423295454545455 0.5326704545454546 0.35937500000000006 0.5326704545454546
19 0.4971590909090909 0.3678977272727273 0.48011363636363635 0.3678977272727273 0.48011363636363635 0.37926136363636365 0.4971590909090909 0.37926136363636365
19 0.3536931818181819 0.3650568181818182 0.340909090909091 0.3650568181818182 0.340909090909091 0.37642045454545453 0.3536931818181819 0.37642045454545453
19 0.14488636363636367 0.4559659090909091 0.13068181818181823 0.4559659090909091 0.13068181818181823 0.46732954545454547 0.14488636363636367 0.46732954545454547
19 0.14914772727272735 0.5298295454545454 0.13352272727272735 0.5298295454545454 0.13352272727272735 0.5411931818181818 0.14914772727272735 0.5411931818181818
19 0.14772727272727282 0.8110795454545454 0.13210227272727282 0.8110795454545454 0.13210227272727282 0.8238636363636364 0.14772727272727282 0.8238636363636364
19 0.06818181818181826 0.7230113636363636 0.051136363636363716 0.7230113636363636 0.051136363636363716 0.7372159090909091 0.06818181818181826 0.7372159090909091
19 0.06818181818181826 0.640625 0.05255681818181826 0.640625 0.05255681818181826 0.6519886363636364 0.06818181818181826 0.6519886363636364
19 0.08380681818181822 0.36363636363636365 0.0610795454545455 0.36363636363636365 0.0610795454545455 0.3778409090909091 0.08380681818181822 0.3778409090909091
5 0.16051136363636373 0.6264204545454546 0.13352272727272735 0.6264204545454546 0.13352272727272735 0.6548295454545454 0.16051136363636373 0.6548295454545454
5 0.16335227272727282 0.7159090909090909 0.13352272727272735 0.7159090909090909 0.13352272727272735 0.7471590909090909 0.16335227272727282 0.7471590909090909
44 0.4644886363636365 0.7017045454545454 0.34517045454545464 0.7017045454545454 0.34517045454545464 0.734375 0.4644886363636365 0.734375
44 0.309659090909091 0.8196022727272727 0.2201704545454546 0.8196022727272727 0.2201704545454546 0.8394886363636364 0.309659090909091 0.8394886363636364
44 0.2869318181818183 0.6377840909090909 0.21164772727272735 0.6377840909090909 0.21164772727272735 0.6605113636363636 0.2869318181818183 0.6605113636363636
44 0.3011363636363637 0.5411931818181818 0.21448863636363644 0.5411931818181818 0.21448863636363644 0.5639204545454546 0.3011363636363637 0.5639204545454546
44 0.33522727272727276 0.31818181818181823 0.234375 0.3181818181818182 0.23437500000000003 0.3480113636363637 0.3352272727272728 0.3480113636363637
44 0.4375 0.44176136363636365 0.33664772727272735 0.44176136363636365 0.33664772727272735 0.46448863636363635 0.4375 0.46448863636363635
44 0.5823863636363636 0.46448863636363635 0.5298295454545454 0.46448863636363635 0.5298295454545454 0.48295454545454547 0.5823863636363636 0.48295454545454547
44 0.8536931818181818 0.4715909090909092 0.8096590909090909 0.4715909090909092 0.8096590909090909 0.49289772727272746 0.8536931818181818 0.49289772727272746
43 0.9147727272727273 0.49289772727272746 0.8977272727272727 0.49289772727272746 0.8977272727272727 0.5056818181818183 0.9147727272727273 0.5056818181818183
14 0.6633522727272727 0.5440340909090909 0.6363636363636364 0.5440340909090909 0.6363636363636364 0.6221590909090909 0.6633522727272727 0.622159090909091
14 0.7301136363636364 0.5397727272727274 0.7059659090909091 0.5397727272727274 0.7059659090909091 0.6136363636363638 0.7301136363636364 0.6136363636363638