44 0.5014204545454546 0.00852272727272733 0.4346590909090909 0.008522727272727326 0.4346590909090909 0.04687500000000006 0.5014204545454546 0.04687500000000006
44 0.9971590909090909 0.47727272727272746 0.9460227272727273 0.47727272727272746 0.9460227272727273 0.5142045454545456 0.9971590909090909 0.5142045454545456
44 0.5213068181818183 0.9659090909090909 0.4644886363636365 0.9659090909090909 0.4644886363636365 0.9957386363636364 0.5213068181818183 0.9957386363636364
43 0.045454545454545525 0.5610795454545454 0.0014204545454546142 0.5610795454545454 0.0014204545454546162 0.59375 0.04545454545454553 0.59375
43 0.055397727272727355 0.6548295454545454 0.008522727272727354 0.6548295454545454 0.008522727272727355 0.6832386363636364 0.055397727272727355 0.6832386363636364
43 0.16761363636363635 0.048295454545454565 0.13210227272727273 0.048295454545454565 0.13210227272727273 0.07528409090909093 0.16761363636363635 0.07528409090909093
43 0.9161931818181818 0.07102272727272739 0.8735795454545454 0.07102272727272738 0.8735795454545454 0.09801136363636376 0.9161931818181818 0.09801136363636376
43 0.9247159090909091 0.4730113636363638 0.8821022727272727 0.4730113636363638 0.8821022727272727 0.5085227272727274 0.9247159090909091 0.5085227272727274
43 0.23437500000000008 0.9588068181818182 0.1889204545454546 0.9588068181818182 0.1889204545454546 0.9801136363636364 0.23437500000000008 0.9801136363636364
43 0.6903409090909093 0.9346590909090909 0.653409090909091 0.9346590909090909 0.653409090909091 0.9602272727272727 0.6903409090909093 0.9602272727272727
37 0.24573863636363635 0.11505681818181822 0.21164772727272727 0.11505681818181822 0.21164772727272727 0.18607954545454544 0.24573863636363635 0.18607954545454544
37 0.22301136363636373 0.3821022727272727 0.1889204545454546 0.3821022727272727 0.1889204545454546 0.4744318181818182 0.22301136363636373 0.4744318181818182
37 0.6619318181818182 0.10795454545454554 0.6335227272727273 0.10795454545454554 0.6335227272727273 0.17471590909090917 0.6619318181818182 0.17471590909090917
37 0.828125 0.09801136363636374 0.8011363636363636 0.09801136363636372 0.8011363636363636 0.16051136363636373 0.828125 0.16051136363636376
37 0.3707386363636365 0.8579545454545454 0.34659090909090917 0.8579545454545454 0.34659090909090917 0.9176136363636364 0.3707386363636365 0.9176136363636364
19 0.24431818181818182 0.04971590909090911 0.2215909090909091 0.04971590909090911 0.2215909090909091 0.07670454545454547 0.24431818181818182 0.07670454545454547
19 0.65625 0.06676136363636372 0.6321022727272727 0.06676136363636372 0.6321022727272727 0.09375000000000008 0.65625 0.09375000000000008
19 0.8210227272727273 0.06818181818181829 0.7926136363636364 0.06818181818181829 0.7926136363636364 0.090909090909091 0.8210227272727273 0.090909090909091
19 0.23295454545454544 0.2713068181818182 0.203125 0.2713068181818182 0.203125 0.3039772727272727 0.23295454545454544 0.3039772727272727
19 0.3778409090909091 0.28267045454545464 0.3565340909090909 0.28267045454545464 0.3565340909090909 0.309659090909091 0.3778409090909091 0.309659090909091
19 0.6676136363636364 0.29687500000000006 0.6377840909090909 0.29687500000000006 0.6377840909090909 0.33096590909090917 0.6676136363636364 0.33096590909090917
19 0.6690340909090909 0.4588068181818183 0.6463068181818182 0.4588068181818182 0.6463068181818182 0.4943181818181819 0.6690340909090909 0.494318181818182
19 0.8508522727272727 0.46875000000000017 0.8224431818181818 0.46875000000000017 0.8224431818181818 0.5042613636363638 0.8508522727272727 0.5042613636363638
19 0.22443181818181826 0.5497159090909091 0.19034090909090917 0.5497159090909091 0.19034090909090917 0.5795454545454546 0.22443181818181826 0.5795454545454546
19 0.22727272727272735 0.6392045454545454 0.19602272727272735 0.6392045454545454 0.19602272727272735 0.6747159090909091 0.22727272727272735 0.6747159090909091
19 0.3764204545454547 0.7897727272727273 0.34659090909090917 0.7897727272727273 0.34659090909090917 0.8267045454545454 0.3764204545454547 0.8267045454545454
19 0.37357954545454564 0.9431818181818182 0.33948863636363646 0.9431818181818182 0.33948863636363646 0.9730113636363636 0.37357954545454564 0.9730113636363636
19 0.6278409090909093 0.9318181818181818 0.5994318181818183 0.9318181818181818 0.5994318181818183 0.9659090909090909 0.6278409090909093 0.9659090909090909
8 0.11363636363636372 0.5440340909090909 0.06960227272727279 0.5440340909090909 0.0696022727272728 0.5909090909090909 0.11363636363636372 0.5909090909090909
8 0.12357954545454554 0.6321022727272727 0.08096590909090917 0.6321022727272727 0.08096590909090917 0.6803977272727273 0.12357954545454554 0.6803977272727273
8 0.7414772727272727 0.463068181818182 0.6974431818181818 0.463068181818182 0.6974431818181818 0.509943181818182 0.7414772727272727 0.509943181818182
47 0.37642045454545464 0.6207386363636364 0.31534090909090917 0.6207386363636364 0.31534090909090917 0.6931818181818182 0.3764204545454547 0.6931818181818182
47 0.8451704545454546 0.27698863636363646 0.7784090909090909 0.27698863636363646 0.7784090909090909 0.35227272727272735 0.8451704545454546 0.35227272727272735
47 0.6321022727272729 0.7698863636363636 0.5823863636363638 0.7698863636363636 0.5823863636363638 0.8352272727272727 0.6321022727272729 0.8352272727272727
11 0.3792613636363638 0.7116477272727273 0.34375000000000006 0.7116477272727273 0.34375000000000006 0.7556818181818182 0.3792613636363638 0.7556818181818182