44 0.4034090909090909 0.06960227272727276 0.3338068181818182 0.06960227272727276 0.3338068181818182 0.11221590909090913 0.4034090909090909 0.11221590909090913
44 0.9815340909090909 0.36505681818181834 0.921875 0.36505681818181834 0.921875 0.4019886363636365 0.9815340909090909 0.4019886363636365
44 0.6420454545454547 0.9176136363636364 0.5667613636363638 0.9176136363636364 0.5667613636363638 0.9502840909090909 0.6420454545454547 0.9502840909090909
43 0.08238636363636373 0.7372159090909091 0.041193181818181906 0.7372159090909091 0.041193181818181906 0.7727272727272727 0.08238636363636374 0.7727272727272727
43 0.0568181818181819 0.65625 0.01846590909090917 0.65625 0.018465909090909175 0.6946022727272727 0.0568181818181819 0.6946022727272727
43 0.9105113636363636 0.3821022727272729 0.8693181818181818 0.3821022727272729 0.8693181818181818 0.41477272727272746 0.9105113636363636 0.41477272727272746
43 0.07812500000000001 0.1846590909090909 0.024147727272727293 0.1846590909090909 0.024147727272727296 0.22017045454545456 0.07812500000000001 0.22017045454545456
37 0.1676136363636364 0.2315340909090909 0.13494318181818185 0.2315340909090909 0.13494318181818185 0.2997159090909091 0.1676136363636364 0.2997159090909091
37 0.22301136363636373 0.47017045454545453 0.1889204545454546 0.47017045454545453 0.1889204545454546 0.5397727272727273 0.22301136363636373 0.5397727272727273
37 0.45170454545454564 0.8494318181818182 0.4232954545454547 0.8494318181818182 0.4232954545454547 0.9090909090909091 0.45170454545454564 0.9090909090909091
37 0.6036931818181818 0.11079545454545463 0.5710227272727273 0.11079545454545463 0.5710227272727273 0.17187500000000008 0.6036931818181818 0.17187500000000008
37 0.7784090909090909 0.05681818181818192 0.75 0.05681818181818192 0.75 0.11789772727272735 0.7784090909090909 0.11789772727272735
19 0.14204545454545459 0.17329545454545456 0.12073863636363641 0.17329545454545456 0.12073863636363641 0.19744318181818182 0.14204545454545459 0.19744318181818182
19 0.19176136363636373 0.375 0.16335227272727276 0.375 0.16335227272727276 0.40482954545454547 0.19176136363636373 0.40482954545454547
19 0.3380681818181819 0.34232954545454547 0.309659090909091 0.34232954545454547 0.309659090909091 0.37357954545454547 0.3380681818181819 0.37357954545454547
19 0.24573863636363644 0.6107954545454546 0.2130681818181819 0.6107954545454546 0.2130681818181819 0.6377840909090909 0.24573863636363644 0.6377840909090909
19 0.262784090909091 0.6875 0.22585227272727282 0.6875 0.22585227272727282 0.71875 0.262784090909091 0.71875
19 0.6264204545454546 0.2869318181818183 0.6008522727272727 0.2869318181818183 0.6008522727272727 0.31534090909090917 0.6264204545454546 0.31534090909090917
19 0.65625 0.4318181818181818 0.6278409090909091 0.4318181818181818 0.6278409090909091 0.4602272727272727 0.65625 0.4602272727272727
19 0.8352272727272727 0.3977272727272729 0.8025568181818182 0.3977272727272729 0.8025568181818182 0.4332386363636365 0.8352272727272727 0.4332386363636365
8 0.7272727272727273 0.41903409090909105 0.6803977272727273 0.41903409090909105 0.6803977272727273 0.4559659090909092 0.7272727272727273 0.4559659090909092
8 0.13920454545454553 0.6321022727272727 0.09517045454545463 0.6321022727272727 0.09517045454545463 0.6747159090909091 0.13920454545454553 0.6747159090909091
8 0.15625000000000008 0.7102272727272727 0.11505681818181826 0.7102272727272727 0.11505681818181826 0.7528409090909091 0.15625000000000008 0.7528409090909091
11 0.4289772727272729 0.7159090909090909 0.3920454545454547 0.7159090909090909 0.3920454545454547 0.7542613636363636 0.4289772727272729 0.7542613636363636
19 0.5880681818181818 0.07528409090909098 0.5639204545454546 0.07528409090909097 0.5639204545454546 0.1008522727272728 0.5880681818181818 0.1008522727272728
19 0.7670454545454546 0.03125000000000009 0.7414772727272727 0.03125000000000009 0.7414772727272727 0.05113636363636373 0.7670454545454546 0.05113636363636374
19 0.43750000000000017 0.7897727272727273 0.4090909090909092 0.7897727272727273 0.4090909090909092 0.8224431818181818 0.43750000000000017 0.8224431818181818
19 0.46590909090909105 0.9332386363636364 0.43607954545454564 0.9332386363636364 0.43607954545454564 0.9573863636363636 0.46590909090909105 0.9573863636363636
19 0.7443181818181818 0.8579545454545454 0.715909090909091 0.8579545454545454 0.715909090909091 0.8863636363636364 0.7443181818181818 0.8863636363636364
47 0.7187500000000001 0.7102272727272728 0.6548295454545456 0.7102272727272727 0.6548295454545456 0.7741477272727273 0.7187500000000001 0.7741477272727273
47 0.40909090909090917 0.6420454545454546 0.3480113636363637 0.6420454545454546 0.3480113636363637 0.7045454545454546 0.4090909090909092 0.7045454545454546
47 0.8096590909090909 0.2357954545454546 0.7414772727272727 0.2357954545454546 0.7414772727272727 0.29971590909090917 0.8096590909090909 0.29971590909090917
43 0.3281250000000001 0.9744318181818182 0.27698863636363646 0.9744318181818182 0.27698863636363646 0.9985795454545454 0.32812500000000017 0.9985795454545454
43 0.8181818181818182 0.8380681818181818 0.7727272727272727 0.8380681818181818 0.7727272727272727 0.8664772727272727 0.8181818181818182 0.8664772727272727
43 0.8778409090909091 0.011363636363636466 0.8181818181818182 0.011363636363636465 0.8181818181818182 0.03267045454545465 0.8778409090909091 0.032670454545454655