19 0.06250000000000004 0.2627840909090909 0.038352272727272756 0.2627840909090909 0.03835227272727276 0.2940340909090909 0.06250000000000004 0.2940340909090909
19 0.14914772727272732 0.3934659090909091 0.13210227272727276 0.3934659090909091 0.13210227272727276 0.4161931818181818 0.14914772727272732 0.4161931818181818
19 0.1264204545454546 0.4786931818181818 0.09801136363636367 0.4786931818181818 0.0980113636363637 0.5042613636363636 0.1264204545454546 0.5042613636363636
19 0.17755681818181823 0.4630681818181818 0.14346590909090914 0.4630681818181818 0.14346590909090914 0.4943181818181818 0.17755681818181823 0.4943181818181818
19 0.14914772727272735 0.5568181818181818 0.12073863636363645 0.5568181818181818 0.12073863636363645 0.59375 0.14914772727272735 0.59375
19 0.37073863636363635 0.5014204545454546 0.33948863636363646 0.5014204545454546 0.33948863636363646 0.5326704545454546 0.37073863636363635 0.5326704545454546
19 0.33096590909090917 0.41051136363636365 0.30823863636363646 0.41051136363636365 0.30823863636363646 0.43323863636363635 0.33096590909090917 0.43323863636363635
19 0.5099431818181818 0.35511363636363646 0.48011363636363635 0.35511363636363646 0.48011363636363635 0.3806818181818182 0.5099431818181818 0.3806818181818182
19 0.5369318181818182 0.4474431818181818 0.5099431818181818 0.4474431818181818 0.5099431818181818 0.4744318181818182 0.5369318181818182 0.4744318181818182
19 0.42329545454545453 0.4275568181818182 0.3991477272727273 0.4275568181818182 0.3991477272727273 0.45738636363636365 0.42329545454545453 0.45738636363636365
19 0.6860795454545454 0.21875000000000008 0.6647727272727273 0.21875000000000008 0.6647727272727273 0.24289772727272735 0.6860795454545454 0.24289772727272735
19 0.7116477272727273 0.2869318181818183 0.6761363636363636 0.2869318181818183 0.6761363636363636 0.32102272727272735 0.7116477272727273 0.32102272727272735
19 0.7301136363636364 0.35937500000000006 0.6988636363636364 0.35937500000000006 0.6988636363636364 0.3948863636363638 0.7301136363636364 0.3948863636363638
19 0.5880681818181818 0.6178977272727273 0.5625 0.6178977272727273 0.5625 0.6519886363636364 0.5880681818181818 0.6519886363636364
19 0.4261363636363638 0.6775568181818182 0.3948863636363638 0.6775568181818182 0.3948863636363638 0.7116477272727273 0.4261363636363638 0.7116477272727273
19 0.478693181818182 0.8380681818181818 0.4446022727272729 0.8380681818181818 0.4446022727272729 0.8650568181818182 0.478693181818182 0.8650568181818182
19 0.6363636363636366 0.7840909090909091 0.6022727272727274 0.7840909090909091 0.6022727272727274 0.8167613636363636 0.6363636363636366 0.8167613636363636
19 0.3849431818181818 0.31392045454545464 0.3565340909090909 0.31392045454545464 0.35653409090909094 0.340909090909091 0.3849431818181818 0.340909090909091
43 0.19318181818181826 0.9261363636363636 0.1647727272727274 0.9261363636363636 0.1647727272727274 0.9573863636363636 0.19318181818181826 0.9573863636363636
43 0.7769886363636364 0.04971590909090919 0.7528409090909091 0.04971590909090919 0.7528409090909091 0.07670454545454555 0.7769886363636364 0.07670454545454555
43 0.8338068181818182 0.2443181818181819 0.8082386363636364 0.2443181818181819 0.8082386363636364 0.2713068181818183 0.8338068181818182 0.2713068181818183
37 0.22585227272727282 0.37357954545454547 0.16477272727272732 0.37357954545454547 0.16477272727272732 0.3991477272727273 0.22585227272727282 0.3991477272727273
37 0.2556818181818183 0.44176136363636365 0.19460227272727282 0.44176136363636365 0.19460227272727282 0.46875 0.2556818181818183 0.46875
37 0.59375 0.25284090909090917 0.5326704545454546 0.25284090909090917 0.5326704545454546 0.28267045454545464 0.59375 0.28267045454545464
37 0.6079545454545454 0.32812500000000006 0.5497159090909091 0.32812500000000006 0.5497159090909091 0.356534090909091 0.6079545454545454 0.356534090909091
37 0.19602272727272735 0.6676136363636364 0.153409090909091 0.6676136363636364 0.153409090909091 0.7286931818181818 0.19602272727272735 0.7286931818181818
37 0.7556818181818182 0.4289772727272729 0.7230113636363636 0.4289772727272729 0.7230113636363636 0.49005681818181834 0.7556818181818182 0.49005681818181834
44 0.38636363636363635 0.2357954545454546 0.3338068181818182 0.2357954545454546 0.3338068181818182 0.26704545454545464 0.38636363636363635 0.26704545454545464
44 0.9190340909090909 0.005681818181818288 0.8025568181818182 0.00568181818181828 0.8025568181818182 0.05823863636363647 0.9190340909090909 0.058238636363636485
44 0.9758522727272727 0.19318181818181826 0.8579545454545454 0.19318181818181826 0.8579545454545454 0.247159090909091 0.9758522727272727 0.247159090909091
44 0.2201704545454546 0.8707386363636364 0.036931818181818295 0.8707386363636364 0.036931818181818295 0.953125 0.2201704545454546 0.953125
44 0.11647727272727285 0.9517045454545454 0.04119318181818194 0.9517045454545454 0.04119318181818194 0.9943181818181818 0.11647727272727285 0.9943181818181818
47 0.31250000000000006 0.5071022727272727 0.25142045454545464 0.5071022727272727 0.25142045454545464 0.5710227272727273 0.31250000000000006 0.5710227272727273
47 0.6420454545454546 0.3991477272727273 0.5767045454545454 0.3991477272727273 0.5767045454545454 0.4602272727272727 0.6420454545454546 0.4602272727272727
13 0.31250000000000006 0.5994318181818182 0.27414772727272735 0.5994318181818182 0.27414772727272735 0.6306818181818182 0.31250000000000006 0.6306818181818182
13 0.6647727272727273 0.4673295454545455 0.6335227272727273 0.46732954545454547 0.6335227272727273 0.5000000000000001 0.6647727272727273 0.5000000000000001
8 0.40767045454545453 0.5980113636363636 0.3664772727272727 0.5980113636363636 0.3664772727272727 0.6349431818181818 0.40767045454545453 0.6349431818181818
8 0.5752840909090909 0.5355113636363636 0.5326704545454546 0.5355113636363636 0.5326704545454546 0.5696022727272727 0.5752840909090909 0.5696022727272727
19 0.2130681818181819 0.7571022727272727 0.18323863636363644 0.7571022727272727 0.18323863636363644 0.7869318181818182 0.2130681818181819 0.7869318181818182
19 0.7855113636363636 0.5511363636363638 0.7571022727272727 0.5511363636363638 0.7571022727272727 0.5866477272727274 0.7855113636363636 0.5866477272727274
4 0.4715909090909092 0.7684659090909091 0.4176136363636365 0.7684659090909091 0.4176136363636365 0.8039772727272727 0.4715909090909092 0.8039772727272727
4 0.6306818181818183 0.7116477272727273 0.575284090909091 0.7116477272727273 0.575284090909091 0.7485795454545454 0.6306818181818183 0.7485795454545454
43 0.37926136363636365 0.27414772727272735 0.34375 0.27414772727272735 0.34375 0.30539772727272735 0.37926136363636365 0.30539772727272735