44 0.19318181818181826 0.828125 0.14772727272727285 0.828125 0.14772727272727285 0.9403409090909091 0.19318181818181826 0.9403409090909091
44 0.4446022727272729 0.8423295454545454 0.4019886363636365 0.8423295454545454 0.4019886363636365 0.9474431818181818 0.4446022727272729 0.9474431818181818
44 0.890625 0.03693181818181829 0.8508522727272727 0.03693181818181828 0.8508522727272727 0.2130681818181819 0.890625 0.2130681818181819
44 0.9857954545454546 0.03551136363636375 0.9431818181818182 0.03551136363636375 0.9431818181818182 0.11221590909090921 0.9857954545454546 0.11221590909090921
44 0.23011363636363644 0.4034090909090909 0.19886363636363644 0.4034090909090909 0.19886363636363644 0.4446022727272727 0.23011363636363644 0.4446022727272727
19 0.17187500000000003 0.19886363636363635 0.14062500000000003 0.19886363636363635 0.14062500000000003 0.22017045454545456 0.17187500000000003 0.22017045454545456
19 0.4161931818181818 0.19176136363636373 0.37926136363636365 0.19176136363636373 0.37926136363636365 0.21448863636363644 0.4161931818181818 0.21448863636363644
19 0.4161931818181818 0.22301136363636373 0.37926136363636365 0.22301136363636373 0.37926136363636365 0.24289772727272735 0.4161931818181818 0.24289772727272735
19 0.328125 0.22585227272727273 0.30113636363636365 0.22585227272727273 0.30113636363636365 0.24573863636363635 0.328125 0.24573863636363635
19 0.40767045454545453 0.3423295454545455 0.37926136363636365 0.3423295454545455 0.37926136363636365 0.36221590909090917 0.40767045454545453 0.36221590909090917
19 0.41051136363636365 0.4630681818181818 0.37926136363636365 0.4630681818181818 0.37926136363636365 0.4914772727272727 0.41051136363636365 0.4914772727272727
19 0.4744318181818182 0.4090909090909091 0.4375 0.4090909090909091 0.4375 0.43607954545454547 0.4744318181818182 0.43607954545454547
19 0.5397727272727273 0.18607954545454553 0.5028409090909091 0.18607954545454553 0.5028409090909091 0.21448863636363644 0.5397727272727273 0.21448863636363644
19 0.5397727272727273 0.3423295454545455 0.5042613636363636 0.3423295454545455 0.5042613636363636 0.3678977272727273 0.5397727272727273 0.3678977272727273
19 0.5426136363636364 0.45738636363636365 0.5085227272727273 0.45738636363636365 0.5085227272727273 0.4914772727272727 0.5426136363636364 0.4914772727272727
19 0.33664772727272735 0.6392045454545454 0.30539772727272735 0.6392045454545454 0.30539772727272735 0.6590909090909091 0.33664772727272735 0.6590909090909091
19 0.41761363636363635 0.6335227272727273 0.3849431818181818 0.6335227272727273 0.3849431818181818 0.6590909090909091 0.41761363636363635 0.6590909090909091
19 0.42045454545454564 0.6960227272727273 0.38778409090909105 0.6960227272727273 0.38778409090909105 0.7244318181818182 0.42045454545454564 0.7244318181818182
19 0.5184659090909093 0.6960227272727273 0.4857954545454547 0.6960227272727273 0.4857954545454547 0.7215909090909091 0.5184659090909093 0.7215909090909091
19 0.7684659090909091 0.19034090909090917 0.7372159090909091 0.19034090909090917 0.7372159090909091 0.21022727272727282 0.7684659090909091 0.21022727272727282
19 0.7755681818181818 0.33664772727272735 0.7428977272727273 0.33664772727272735 0.7428977272727273 0.36221590909090917 0.7755681818181818 0.36221590909090917
19 0.7769886363636364 0.4573863636363638 0.7443181818181818 0.4573863636363638 0.7443181818181818 0.48153409090909105 0.7769886363636364 0.48153409090909105
19 0.7855113636363636 0.6917613636363638 0.7542613636363636 0.6917613636363638 0.7542613636363636 0.7116477272727274 0.7855113636363636 0.7116477272727274
19 0.32954545454545464 0.4090909090909091 0.29687500000000006 0.4090909090909091 0.29687500000000006 0.4318181818181818 0.32954545454545464 0.4318181818181818
19 0.9303977272727273 0.33664772727272735 0.8991477272727273 0.33664772727272735 0.8991477272727273 0.3636363636363638 0.9303977272727273 0.3636363636363638
19 0.9318181818181818 0.4573863636363638 0.8977272727272727 0.4573863636363638 0.8977272727272727 0.4801136363636365 0.9318181818181818 0.4801136363636365
37 0.3338068181818182 0.25710227272727276 0.2940340909090909 0.2571022727272727 0.2940340909090909 0.3053977272727273 0.3338068181818182 0.30539772727272735
37 0.33948863636363646 0.5440340909090909 0.29687500000000006 0.5440340909090909 0.29687500000000006 0.5951704545454546 0.33948863636363646 0.5951704545454546
37 0.4133522727272727 0.2571022727272728 0.37642045454545453 0.2571022727272728 0.37642045454545453 0.3110795454545455 0.4133522727272727 0.3110795454545455
37 0.41761363636363635 0.5454545454545454 0.3806818181818182 0.5454545454545454 0.3806818181818182 0.6107954545454546 0.41761363636363635 0.6107954545454546
37 0.7088068181818182 0.18607954545454553 0.6235795454545454 0.18607954545454553 0.6235795454545454 0.21448863636363644 0.7088068181818182 0.21448863636363644
37 0.6732954545454547 0.6931818181818182 0.6022727272727274 0.6931818181818182 0.6022727272727274 0.7173295454545455 0.6732954545454547 0.7173295454545456
47 0.5582386363636364 0.28977272727272735 0.4971590909090909 0.28977272727272735 0.4971590909090909 0.33096590909090917 0.5582386363636364 0.33096590909090917
47 0.5610795454545454 0.5596590909090909 0.4815340909090909 0.5596590909090909 0.4815340909090909 0.6207386363636364 0.5610795454545454 0.6207386363636364
13 0.6321022727272727 0.28267045454545464 0.5951704545454546 0.28267045454545464 0.5951704545454546 0.3110795454545455 0.6321022727272727 0.3110795454545455
13 0.625 0.5923295454545454 0.5823863636363636 0.5923295454545454 0.5823863636363636 0.6235795454545454 0.625 0.6235795454545454
8 0.6193181818181818 0.33948863636363646 0.5795454545454546 0.33948863636363646 0.5795454545454546 0.3678977272727273 0.6193181818181818 0.3678977272727273
8 0.6193181818181818 0.4602272727272727 0.5767045454545454 0.4602272727272727 0.5767045454545454 0.4928977272727273 0.6193181818181818 0.4928977272727273
4 0.859375 0.32954545454545464 0.8167613636363636 0.32954545454545464 0.8167613636363636 0.3778409090909092 0.859375 0.3778409090909092
4 0.859375 0.447443181818182 0.8082386363636364 0.447443181818182 0.8082386363636364 0.49289772727272746 0.859375 0.49289772727272746
43 0.2755681818181819 0.40767045454545453 0.24147727272727282 0.40767045454545453 0.24147727272727282 0.4403409090909091 0.2755681818181819 0.4403409090909091
43 0.184659090909091 0.7869318181818182 0.15198863636363644 0.7869318181818182 0.15198863636363644 0.8224431818181818 0.184659090909091 0.8224431818181818
43 0.42187500000000017 0.78125 0.38778409090909105 0.78125 0.38778409090909105 0.8210227272727273 0.42187500000000017 0.8210227272727273
43 0.9247159090909091 0.1491477272727274 0.8977272727272727 0.1491477272727274 0.8977272727272727 0.16619318181818193 0.9247159090909091 0.16619318181818193