19 0.17024793323863638 0.10584344034090912 0.15950413210227274 0.1058434403409091 0.15950413210227274 0.1179713338068182 0.17024793323863638 0.11797133380681822
19 0.27603305823863633 0.21058434374999999 0.2644628096590909 0.21058434374999999 0.2644628096590909 0.22822491761363636 0.27603305823863633 0.22822491761363636
19 0.28016528977272737 0.3340683565340909 0.2595041321022728 0.3340683565340909 0.2595041321022728 0.3649393607954545 0.28016528977272737 0.3649393607954545
19 0.2818181818181819 0.3958103636363636 0.2628099176136364 0.3958103636363636 0.2628099176136364 0.42778390340909095 0.2818181818181819 0.42778390340909095
19 0.2818181818181819 0.4729878721590909 0.2595041321022728 0.4729878721590909 0.2595041321022728 0.503858875 0.2818181818181819 0.503858875
19 0.1760330582386364 0.3980154360795455 0.15371900852272732 0.3980154360795455 0.15371900852272732 0.4299889744318182 0.1760330582386364 0.4299889744318182
19 0.27024793323863644 0.6725468579545454 0.26115702414772735 0.6725468579545454 0.26115702414772735 0.6857772883522727 0.27024793323863644 0.6857772883522727
19 0.7231404957386366 0.6615215000000002 0.7132231406250001 0.6615215000000002 0.7132231406250001 0.6769570014204547 0.7231404957386366 0.6769570014204547
19 0.7239669417613637 0.4652701207386365 0.7024793394886364 0.4652701207386365 0.7024793394886364 0.49944873153409103 0.7239669417613637 0.49944873153409103
19 0.7256198352272727 0.39360529261363647 0.7033057855113637 0.39360529261363647 0.7033057855113637 0.4332965823863638 0.7256198352272727 0.4332965823863638
19 0.7256198352272727 0.326350606534091 0.7024793394886364 0.326350606534091 0.7024793394886364 0.36163175284090915 0.7256198352272727 0.36163175284090915
19 0.851239669034091 0.39691289914772737 0.8280991732954545 0.39691289914772737 0.8280991732954545 0.42888643892045475 0.851239669034091 0.42888643892045475
19 0.7198347102272727 0.20617420028409097 0.7090909090909091 0.20617420028409097 0.7090909090909091 0.2227122386363637 0.7198347102272727 0.2227122386363637
19 0.8454545454545456 0.09812568892045466 0.8347107443181817 0.09812568892045466 0.8347107443181817 0.11135611931818193 0.8454545454545456 0.11135611931818193
52 0.5644628096590909 0.06725468607954552 0.44710743750000004 0.06725468607954552 0.44710743750000004 0.1587651605113637 0.5644628096590909 0.15876516051136372
43 0.08760330539772733 0.39360529261363636 0.05537190056818186 0.39360529261363636 0.055371900568181864 0.4355016534090909 0.08760330539772733 0.4355016534090909
43 0.960330578125 0.38809261363636377 0.9206611576704545 0.38809261363636377 0.9206611576704545 0.4321940468750002 0.960330578125 0.4321940468750002
44 0.233884296875 0.24696802698863635 0.20247933948863636 0.24696802698863635 0.20247933948863636 0.28665931676136364 0.233884296875 0.28665931676136364
44 0.32644628125 0.2524807059659091 0.3041322315340909 0.2524807059659091 0.3041322315340909 0.28665931676136364 0.32644628125 0.28665931676136364
44 0.5966942144886364 0.26901874289772737 0.5239669417613636 0.26901874289772737 0.5239669417613636 0.32524807102272735 0.5966942144886364 0.32524807102272735
44 0.5909090909090909 0.1664829105113637 0.5272727272727272 0.1664829105113637 0.5272727272727272 0.21389195170454556 0.5909090909090909 0.21389195170454556
44 0.7950413224431817 0.5446527017045456 0.7545454545454546 0.5446527017045456 0.7545454545454546 0.588754134943182 0.7950413224431817 0.588754134943182
44 0.6876033053977273 0.5501653806818183 0.6636363636363636 0.5501653806818183 0.6636363636363636 0.5920617414772729 0.6876033053977273 0.5920617414772729
44 0.6024793394886364 0.5766262400568182 0.5280991732954545 0.5766262400568182 0.5280991732954545 0.6375397883522728 0.6024793394886364 0.6375397883522728
44 0.5950413224431818 0.41234840198863637 0.52644628125 0.41234840198863637 0.52644628125 0.46968026420454545 0.5950413224431818 0.46968026420454545
4 0.7388429758522727 0.5402425582386365 0.6933884303977274 0.5402425582386365 0.6933884303977274 0.5711135610795456 0.7388429758522727 0.5711135610795456
4 0.29256198295454544 0.24917309801136361 0.2471074375 0.24917309801136361 0.2471074375 0.2800441008522727 0.29256198295454544 0.2800441008522727
45 0.5257942230113636 0.1764057329545455 0.4704450681818182 0.17640573295454548 0.4704450681818182 0.278901106534091 0.5257942230113636 0.278901106534091
45 0.5280991732954545 0.30650496164772734 0.47355371875 0.30650496164772734 0.47355371875 0.41140770596590914 0.5280991732954545 0.41140770596590914
45 0.5337220974474407 0.5543914979589888 0.5308703607908107 0.44631345577191167 0.4788404697681512 0.44768631139056686 0.4816922064247811 0.555764353577644
45 0.538016528409091 0.6294420667613636 0.4818181818181818 0.6294420667613636 0.48181818181818187 0.743179955965909 0.5380165284090911 0.743179955965909