19 0.24147727272727273 0.2741477272727273 0.22869318181818182 0.2741477272727273 0.22869318181818182 0.2911931818181818 0.24147727272727273 0.2911931818181818
19 0.24289772727272735 0.4034090909090909 0.22301136363636373 0.4034090909090909 0.22301136363636373 0.43607954545454547 0.24289772727272735 0.43607954545454547
19 0.2443181818181819 0.46875 0.22443181818181826 0.46875 0.22443181818181826 0.5028409090909091 0.2443181818181819 0.5028409090909091
19 0.24147727272727282 0.5525568181818182 0.21875000000000008 0.5525568181818182 0.21875000000000008 0.5852272727272727 0.24147727272727282 0.5852272727272727
19 0.22727272727272735 0.7670454545454546 0.21875000000000008 0.7670454545454546 0.21875000000000008 0.7798295454545454 0.22727272727272735 0.7798295454545454
19 0.7144886363636366 0.7684659090909091 0.7017045454545456 0.7684659090909091 0.7017045454545456 0.7840909090909091 0.7144886363636366 0.7840909090909091
19 0.7159090909090909 0.5497159090909093 0.6946022727272727 0.5497159090909093 0.6946022727272727 0.5866477272727274 0.7159090909090909 0.5866477272727274
19 0.71875 0.47443181818181834 0.6946022727272727 0.47443181818181834 0.6946022727272727 0.5170454545454547 0.71875 0.5170454545454547
19 0.8536931818181818 0.48153409090909105 0.8309659090909091 0.48153409090909105 0.8309659090909091 0.5156250000000001 0.8536931818181818 0.5156250000000001
19 0.7201704545454546 0.40340909090909105 0.6946022727272727 0.40340909090909105 0.6946022727272727 0.4389204545454547 0.7201704545454546 0.4389204545454547
19 0.7159090909090909 0.27414772727272735 0.7045454545454546 0.27414772727272735 0.7045454545454546 0.28977272727272735 0.7159090909090909 0.28977272727272735
19 0.8579545454545454 0.15340909090909102 0.8465909090909091 0.15340909090909102 0.8465909090909091 0.17045454545454558 0.8579545454545454 0.17045454545454558
19 0.12926136363636365 0.15767045454545456 0.11789772727272728 0.15767045454545456 0.11789772727272729 0.17329545454545456 0.12926136363636367 0.17329545454545456
19 0.13352272727272732 0.4715909090909091 0.10937500000000004 0.4715909090909091 0.10937500000000006 0.5071022727272727 0.13352272727272735 0.5071022727272727
52 0.5497159090909091 0.12215909090909097 0.4247159090909091 0.12215909090909095 0.4247159090909091 0.2201704545454546 0.5497159090909091 0.2201704545454546
43 0.04119318181818188 0.46448863636363635 0.009943181818181877 0.46448863636363635 0.009943181818181879 0.5113636363636364 0.04119318181818188 0.5113636363636364
43 0.9659090909090909 0.478693181818182 0.9261363636363636 0.478693181818182 0.9261363636363636 0.525568181818182 0.9659090909090909 0.525568181818182
44 0.1988636363636364 0.30823863636363635 0.16335227272727276 0.30823863636363635 0.16335227272727276 0.3536931818181818 0.19886363636363644 0.3536931818181818
44 0.29403409090909094 0.31676136363636365 0.26988636363636365 0.31676136363636365 0.2698863636363637 0.3536931818181818 0.294034090909091 0.3536931818181818
44 0.5809659090909091 0.3380681818181819 0.5042613636363636 0.3380681818181819 0.5042613636363636 0.3991477272727273 0.5809659090909091 0.3991477272727273
44 0.5767045454545454 0.2286931818181819 0.5085227272727273 0.2286931818181819 0.5085227272727273 0.28125000000000006 0.5767045454545454 0.28125000000000006
44 0.5795454545454546 0.4914772727272727 0.5056818181818182 0.4914772727272727 0.5056818181818182 0.5539772727272727 0.5795454545454546 0.5539772727272727
44 0.5852272727272729 0.6676136363636364 0.5042613636363638 0.6676136363636364 0.5042613636363638 0.7357954545454546 0.5852272727272729 0.7357954545454546
44 0.6789772727272728 0.6420454545454546 0.6519886363636364 0.6420454545454546 0.6519886363636365 0.6903409090909092 0.6789772727272729 0.6903409090909093
44 0.7954545454545454 0.6392045454545456 0.75 0.6392045454545456 0.75 0.6889204545454547 0.7954545454545454 0.6889204545454547
4 0.734375 0.6491477272727274 0.6818181818181818 0.6491477272727274 0.6818181818181819 0.6761363636363638 0.734375 0.6761363636363638
4 0.25710227272727276 0.32670454545454547 0.21022727272727273 0.32670454545454547 0.21022727272727276 0.3622159090909091 0.2571022727272728 0.3622159090909091
45 0.5042613636363636 0.24147727272727282 0.4502840909090909 0.24147727272727282 0.4502840909090909 0.32954545454545464 0.5042613636363636 0.32954545454545464
45 0.5056818181818182 0.3778409090909091 0.4502840909090909 0.3778409090909091 0.4502840909090909 0.4616477272727273 0.5056818181818182 0.4616477272727273
45 0.5127840909090909 0.5241477272727273 0.4559659090909091 0.5241477272727273 0.4559659090909091 0.6178977272727273 0.5127840909090909 0.6178977272727273
45 0.512784090909091 0.7244318181818182 0.45312500000000017 0.7244318181818182 0.45312500000000017 0.8196022727272727 0.512784090909091 0.8196022727272727