43 0.106534090909091 0.7244318181818182 0.0696022727272728 0.7244318181818182 0.06960227272727282 0.7471590909090909 0.106534090909091 0.7471590909090909
43 0.8465909090909091 0.7301136363636364 0.8082386363636364 0.7301136363636364 0.8082386363636364 0.7528409090909091 0.8465909090909091 0.7528409090909091
19 0.23011363636363644 0.9417613636363636 0.21022727272727282 0.9417613636363636 0.21022727272727282 0.9588068181818182 0.23011363636363644 0.9588068181818182
19 0.20880681818181826 0.7301136363636364 0.1889204545454546 0.7301136363636364 0.1889204545454546 0.7471590909090909 0.20880681818181826 0.7471590909090909
19 0.3068181818181819 0.7315340909090909 0.2869318181818183 0.7315340909090909 0.2869318181818183 0.7457386363636364 0.3068181818181819 0.7457386363636364
19 0.309659090909091 0.8082386363636364 0.29261363636363646 0.8082386363636364 0.29261363636363646 0.8224431818181818 0.309659090909091 0.8224431818181818
19 0.30823863636363646 0.6647727272727273 0.2911931818181819 0.6647727272727273 0.2911931818181819 0.6789772727272727 0.30823863636363646 0.6789772727272727
19 0.6278409090909093 0.7286931818181818 0.6079545454545456 0.7286931818181818 0.6079545454545456 0.7428977272727273 0.6278409090909093 0.7428977272727273
19 0.6278409090909093 0.8224431818181818 0.6079545454545456 0.8224431818181818 0.6079545454545456 0.8366477272727273 0.6278409090909093 0.8366477272727273
19 0.7301136363636364 0.9474431818181818 0.7116477272727274 0.9474431818181818 0.7116477272727274 0.9602272727272727 0.7301136363636364 0.9602272727272727
19 0.7386363636363636 0.7301136363636364 0.715909090909091 0.7301136363636364 0.715909090909091 0.7443181818181818 0.7386363636363636 0.7443181818181818
19 0.6193181818181819 0.6548295454545454 0.6022727272727273 0.6548295454545454 0.6022727272727274 0.6661931818181818 0.619318181818182 0.6661931818181818
19 0.7215909090909091 0.384943181818182 0.7017045454545454 0.384943181818182 0.7017045454545454 0.4019886363636365 0.7215909090909091 0.4019886363636365
19 0.7244318181818182 0.16051136363636373 0.7059659090909091 0.16051136363636373 0.7059659090909091 0.17471590909090917 0.7244318181818182 0.17471590909090917
19 0.42329545454545453 0.16051136363636367 0.3991477272727273 0.16051136363636367 0.3991477272727273 0.17755681818181823 0.42329545454545453 0.17755681818181823
19 0.4247159090909091 0.3835227272727273 0.40198863636363635 0.3835227272727273 0.40198863636363635 0.40198863636363635 0.4247159090909091 0.40198863636363635
19 0.19176136363636373 0.3835227272727273 0.17187500000000003 0.3835227272727273 0.17187500000000003 0.3977272727272727 0.19176136363636373 0.3977272727272727
19 0.17897727272727273 0.15909090909090912 0.16193181818181818 0.1590909090909091 0.1619318181818182 0.17329545454545456 0.17897727272727276 0.17329545454545459
44 0.43607954545454564 0.8579545454545454 0.37357954545454564 0.8579545454545454 0.37357954545454564 0.9275568181818182 0.43607954545454564 0.9275568181818182
44 0.4559659090909091 0.5426136363636364 0.390625 0.5426136363636364 0.390625 0.6292613636363636 0.4559659090909091 0.6292613636363636
44 0.3167613636363637 0.45454545454545453 0.2542613636363637 0.45454545454545453 0.2542613636363637 0.5539772727272727 0.3167613636363637 0.5539772727272727
44 0.3309659090909091 0.23863636363636367 0.27698863636363635 0.23863636363636365 0.27698863636363635 0.2997159090909091 0.3309659090909091 0.29971590909090917
44 0.2883522727272727 0.0397727272727273 0.22301136363636365 0.0397727272727273 0.22301136363636365 0.13068181818181823 0.2883522727272727 0.13068181818181823
44 0.5610795454545454 0.041193181818181886 0.4786931818181818 0.04119318181818188 0.4786931818181818 0.14346590909090914 0.5610795454545454 0.14346590909090917
44 0.5823863636363636 0.43892045454545453 0.5142045454545454 0.43892045454545453 0.5142045454545454 0.5369318181818182 0.5823863636363636 0.5369318181818182
4 0.45170454545454547 0.2698863636363637 0.3678977272727273 0.2698863636363637 0.3678977272727273 0.2954545454545455 0.45170454545454547 0.2954545454545455
52 0.4801136363636365 0.9332386363636364 0.3977272727272729 0.9332386363636364 0.3977272727272729 0.984375 0.4801136363636365 0.984375
45 0.4559659090909092 0.7982954545454546 0.3934659090909092 0.7982954545454546 0.3934659090909092 0.8465909090909091 0.4559659090909092 0.8465909090909091
45 0.44886363636363646 0.6420454545454546 0.38920454545454547 0.6420454545454546 0.3892045454545455 0.6889204545454546 0.4488636363636365 0.6889204545454546
45 0.5795454545454546 0.3678977272727273 0.5170454545454546 0.3678977272727273 0.5170454545454546 0.4133522727272727 0.5795454545454546 0.4133522727272727
45 0.31534090909090917 0.3664772727272727 0.25284090909090917 0.3664772727272727 0.25284090909090917 0.4147727272727273 0.31534090909090917 0.4147727272727273
45 0.5625 0.1505681818181819 0.5056818181818182 0.1505681818181819 0.5056818181818182 0.19318181818181826 0.5625 0.19318181818181826
45 0.30823863636363635 0.14204545454545459 0.234375 0.14204545454545459 0.234375 0.19318181818181818 0.30823863636363635 0.19318181818181818