52 0.4303977272727273 0.11363636363636367 0.36079545454545453 0.11363636363636367 0.36079545454545453 0.16477272727272732 0.4303977272727273 0.16477272727272732
43 0.0710227272727273 0.34375 0.03125000000000004 0.34375 0.03125000000000005 0.37642045454545453 0.0710227272727273 0.37642045454545453
43 0.9147727272727273 0.356534090909091 0.8792613636363636 0.356534090909091 0.8792613636363636 0.38778409090909105 0.9147727272727273 0.38778409090909105
19 0.1676136363636364 0.34517045454545453 0.13352272727272732 0.34517045454545453 0.13352272727272732 0.375 0.1676136363636364 0.375
19 0.26278409090909094 0.32670454545454547 0.234375 0.32670454545454547 0.23437500000000003 0.34517045454545453 0.262784090909091 0.34517045454545453
19 0.26136363636363646 0.3494318181818182 0.2357954545454546 0.3494318181818182 0.2357954545454546 0.37357954545454547 0.26136363636363646 0.37357954545454547
19 0.25142045454545453 0.2741477272727273 0.23863636363636365 0.2741477272727273 0.23863636363636365 0.2840909090909091 0.25142045454545453 0.2840909090909091
19 0.26704545454545464 0.3963068181818182 0.23295454545454553 0.3963068181818182 0.23295454545454553 0.42045454545454547 0.26704545454545464 0.42045454545454547
19 0.2542613636363637 0.48011363636363635 0.22585227272727282 0.48011363636363635 0.22585227272727282 0.5042613636363636 0.2542613636363637 0.5042613636363636
19 0.25284090909090917 0.5809659090909091 0.23863636363636373 0.5809659090909091 0.23863636363636373 0.5923295454545454 0.25284090909090917 0.5923295454545454
19 0.42613636363636365 0.5809659090909091 0.4119318181818182 0.5809659090909091 0.4119318181818182 0.5923295454545454 0.42613636363636365 0.5923295454545454
19 0.4289772727272727 0.4900568181818182 0.40482954545454547 0.4900568181818182 0.40482954545454547 0.5113636363636364 0.4289772727272727 0.5113636363636364
19 0.6775568181818182 0.4758522727272729 0.6633522727272727 0.4758522727272729 0.6633522727272727 0.4872159090909092 0.6775568181818182 0.4872159090909092
19 0.6775568181818182 0.40767045454545464 0.6505681818181818 0.40767045454545453 0.6505681818181818 0.4289772727272728 0.6775568181818182 0.4289772727272729
19 0.6775568181818182 0.3693181818181819 0.6519886363636364 0.3693181818181818 0.6519886363636364 0.39062500000000006 0.6775568181818182 0.39062500000000017
19 0.6732954545454546 0.3338068181818183 0.6463068181818182 0.3338068181818183 0.6463068181818182 0.35511363636363646 0.6732954545454546 0.35511363636363646
19 0.8139204545454546 0.36221590909090917 0.7755681818181818 0.36221590909090917 0.7755681818181818 0.38920454545454564 0.8139204545454546 0.38920454545454564
19 0.796875 0.10227272727272735 0.7826704545454546 0.10227272727272735 0.7826704545454546 0.11221590909090917 0.796875 0.11221590909090917
19 0.6534090909090909 0.215909090909091 0.640625 0.215909090909091 0.640625 0.22585227272727282 0.6534090909090909 0.22585227272727282
19 0.6676136363636364 0.2798295454545455 0.6392045454545454 0.2798295454545455 0.6392045454545454 0.3025568181818183 0.6676136363636364 0.3025568181818183
19 0.4786931818181818 0.28125000000000006 0.4559659090909091 0.28125000000000006 0.4559659090909091 0.29687500000000006 0.4786931818181818 0.29687500000000006
19 0.4744318181818182 0.22159090909090917 0.4602272727272727 0.22159090909090917 0.4602272727272727 0.231534090909091 0.4744318181818182 0.231534090909091
19 0.16477272727272727 0.14204545454545456 0.15056818181818182 0.14204545454545456 0.15056818181818182 0.1534090909090909 0.16477272727272727 0.1534090909090909
44 0.3238636363636364 0.2940340909090909 0.27982954545454547 0.2940340909090909 0.27982954545454547 0.3309659090909091 0.32386363636363646 0.3309659090909091
44 0.20738636363636365 0.2911931818181818 0.15625000000000003 0.2911931818181818 0.15625000000000003 0.32670454545454547 0.20738636363636365 0.32670454545454547
44 0.4431818181818182 0.23295454545454553 0.3522727272727273 0.23295454545454553 0.3522727272727273 0.26846590909090917 0.4431818181818182 0.26846590909090917
44 0.4758522727272727 0.3039772727272728 0.3806818181818182 0.3039772727272728 0.3806818181818182 0.3380681818181819 0.4758522727272727 0.3380681818181819
44 0.6122159090909091 0.24005681818181826 0.5184659090909091 0.24005681818181826 0.5184659090909091 0.26846590909090917 0.6122159090909091 0.26846590909090917
44 0.5227272727272727 0.38636363636363635 0.421875 0.38636363636363635 0.421875 0.421875 0.5227272727272727 0.421875
44 0.3991477272727273 0.4403409090909091 0.2954545454545455 0.4403409090909091 0.2954545454545455 0.4815340909090909 0.3991477272727273 0.4815340909090909
44 0.5610795454545454 0.4460227272727273 0.4758522727272727 0.4460227272727273 0.4758522727272727 0.47301136363636365 0.5610795454545454 0.47301136363636365
44 0.6363636363636364 0.43323863636363635 0.5994318181818182 0.43323863636363635 0.5994318181818182 0.47017045454545453 0.6363636363636364 0.47017045454545453
44 0.8409090909090909 0.4261363636363638 0.7301136363636364 0.4261363636363638 0.7301136363636364 0.4758522727272729 0.8409090909090909 0.4758522727272729
14 0.5482954545454546 0.47301136363636365 0.4715909090909091 0.47301136363636365 0.4715909090909091 0.5042613636363636 0.5482954545454546 0.5042613636363636
14 0.42329545454545453 0.2642045454545455 0.35795454545454547 0.2642045454545455 0.35795454545454547 0.294034090909091 0.42329545454545453 0.294034090909091
4 0.27698863636363635 0.2997159090909091 0.21875 0.2997159090909091 0.21875 0.3252840909090909 0.27698863636363635 0.3252840909090909
4 0.6988636363636364 0.43750000000000006 0.6335227272727273 0.4375 0.6335227272727273 0.46164772727272735 0.6988636363636364 0.46164772727272746
8 0.33096590909090917 0.5710227272727273 0.3039772727272728 0.5710227272727273 0.3039772727272728 0.6065340909090909 0.33096590909090917 0.6065340909090909
8 0.5369318181818182 0.200284090909091 0.49573863636363635 0.200284090909091 0.49573863636363635 0.247159090909091 0.5369318181818182 0.247159090909091
45 0.31250000000000006 0.47301136363636365 0.2727272727272728 0.47301136363636365 0.2727272727272728 0.5241477272727273 0.31250000000000006 0.5241477272727273
45 0.5539772727272727 0.2727272727272728 0.5 0.2727272727272728 0.5 0.3380681818181819 0.5539772727272727 0.3380681818181819
45 0.44176136363636365 0.3380681818181819 0.3991477272727273 0.3380681818181819 0.3991477272727273 0.39204545454545453 0.44176136363636365 0.39204545454545453
45 0.4431818181818182 0.4133522727272727 0.3977272727272727 0.4133522727272727 0.3977272727272727 0.4715909090909091 0.4431818181818182 0.4715909090909091