55 0.18465909090909094 0.2997159090909091 0.08948863636363641 0.2997159090909091 0.08948863636363641 0.4119318181818182 0.184659090909091 0.4119318181818182
37 0.29971590909090917 0.3622159090909091 0.26704545454545464 0.3622159090909091 0.26704545454545464 0.4474431818181818 0.29971590909090917 0.4474431818181818
37 0.4119318181818183 0.6434659090909091 0.37926136363636365 0.6434659090909091 0.3792613636363637 0.7173295454545454 0.41193181818181834 0.7173295454545454
37 0.6676136363636364 0.5866477272727274 0.6363636363636364 0.5866477272727273 0.6363636363636364 0.6576704545454546 0.6676136363636364 0.6576704545454547
37 0.7855113636363636 0.46875000000000017 0.75 0.46875000000000017 0.75 0.544034090909091 0.7855113636363636 0.544034090909091
4 0.4914772727272727 0.3934659090909091 0.4446022727272727 0.3934659090909091 0.4446022727272727 0.4715909090909091 0.4914772727272727 0.4715909090909091
4 0.4872159090909091 0.5284090909090909 0.43892045454545453 0.5284090909090909 0.43892045454545453 0.5965909090909091 0.4872159090909091 0.5965909090909091
47 0.40625 0.1974431818181819 0.3352272727272727 0.1974431818181819 0.3352272727272727 0.3267045454545455 0.40625 0.3267045454545455
47 0.6150568181818182 0.19318181818181826 0.5397727272727273 0.19318181818181826 0.5397727272727273 0.340909090909091 0.6150568181818182 0.340909090909091
9 0.4644886363636365 0.7443181818181818 0.36789772727272746 0.7443181818181818 0.36789772727272746 0.8053977272727273 0.4644886363636365 0.8053977272727273
9 0.734375 0.7315340909090909 0.6278409090909093 0.7315340909090909 0.6278409090909093 0.796875 0.734375 0.796875
19 0.7954545454545454 0.8196022727272727 0.7741477272727273 0.8196022727272727 0.7741477272727273 0.8480113636363636 0.7954545454545454 0.8480113636363636
19 0.7769886363636364 0.4076704545454547 0.7627840909090909 0.4076704545454547 0.7627840909090909 0.42755681818181834 0.7769886363636364 0.42755681818181834
19 0.7017045454545454 0.4105113636363638 0.6875 0.4105113636363638 0.6875 0.4289772727272729 0.7017045454545454 0.4289772727272729
19 0.6946022727272727 0.25852272727272735 0.6818181818181818 0.25852272727272735 0.6818181818181818 0.2755681818181819 0.6946022727272727 0.2755681818181819
19 0.5596590909090909 0.137784090909091 0.5369318181818182 0.137784090909091 0.5369318181818182 0.16193181818181826 0.5596590909090909 0.16193181818181826
19 0.4147727272727273 0.4275568181818182 0.3991477272727273 0.4275568181818182 0.3991477272727273 0.4446022727272727 0.4147727272727273 0.4446022727272727
19 0.3934659090909091 0.1392045454545455 0.3806818181818182 0.1392045454545455 0.3806818181818182 0.15909090909090914 0.3934659090909091 0.15909090909090914
19 0.14772727272727273 0.14204545454545456 0.13068181818181818 0.14204545454545456 0.13068181818181818 0.16335227272727273 0.14772727272727273 0.16335227272727273
19 0.28551136363636365 0.2713068181818182 0.26704545454545453 0.2713068181818182 0.26704545454545453 0.2911931818181818 0.28551136363636365 0.2911931818181818
19 0.28125000000000006 0.546875 0.26562500000000006 0.546875 0.26562500000000006 0.5653409090909091 0.28125000000000006 0.5653409090909091
19 0.16619318181818193 0.8721590909090909 0.1519886363636365 0.8721590909090909 0.1519886363636365 0.8920454545454546 0.16619318181818193 0.8920454545454546
19 0.29261363636363646 0.8678977272727273 0.278409090909091 0.8678977272727273 0.278409090909091 0.8863636363636364 0.29261363636363646 0.8863636363636364
19 0.41193181818181834 0.8636363636363636 0.3977272727272729 0.8636363636363636 0.3977272727272729 0.8835227272727273 0.41193181818181834 0.8835227272727273
19 0.5809659090909091 0.546875 0.5667613636363636 0.546875 0.5667613636363636 0.5639204545454546 0.5809659090909091 0.5639204545454546
19 0.6619318181818182 0.5426136363636365 0.6448863636363636 0.5426136363636364 0.6448863636363636 0.5596590909090909 0.6619318181818182 0.559659090909091
19 0.6761363636363638 0.8409090909090909 0.6576704545454547 0.8409090909090909 0.6576704545454547 0.8664772727272727 0.6761363636363638 0.8664772727272727
5 0.5909090909090909 0.41051136363636365 0.5639204545454546 0.41051136363636365 0.5639204545454546 0.45738636363636365 0.5909090909090909 0.45738636363636365
5 0.41761363636363635 0.5369318181818182 0.39204545454545453 0.5369318181818182 0.39204545454545453 0.5795454545454546 0.41761363636363635 0.5795454545454546
44 0.0866477272727273 0.32670454545454547 0.04119318181818186 0.32670454545454547 0.041193181818181865 0.3778409090909091 0.0866477272727273 0.3778409090909091
44 0.3963068181818182 0.39488636363636365 0.29829545454545464 0.39488636363636365 0.29829545454545464 0.4318181818181818 0.3963068181818182 0.4318181818181818
44 0.4815340909090909 0.2599431818181819 0.375 0.2599431818181819 0.375 0.29829545454545464 0.4815340909090909 0.29829545454545464
44 0.5269886363636364 0.36221590909090917 0.4588068181818182 0.36221590909090917 0.4588068181818182 0.3991477272727273 0.5269886363636364 0.3991477272727273
44 0.5255681818181818 0.4971590909090909 0.453125 0.4971590909090909 0.453125 0.5340909090909091 0.5255681818181818 0.5340909090909091
44 0.5014204545454546 0.65625 0.4161931818181818 0.65625 0.4161931818181819 0.6946022727272727 0.5014204545454547 0.6946022727272727
44 0.5951704545454546 0.25852272727272735 0.5113636363636364 0.25852272727272735 0.5113636363636364 0.2911931818181819 0.5951704545454546 0.2911931818181819
44 0.7613636363636364 0.6022727272727274 0.6704545454545454 0.6022727272727274 0.6704545454545454 0.6434659090909093 0.7613636363636364 0.6434659090909093
44 0.9289772727272727 0.47727272727272746 0.8125 0.47727272727272746 0.8125 0.5184659090909093 0.9289772727272727 0.5184659090909093