55 0.8082386363636364 0.8167613636363636 0.7457386363636364 0.8167613636363636 0.7457386363636364 0.9133522727272727 0.8082386363636364 0.9133522727272727
47 0.8678977272727273 0.5923295454545456 0.7926136363636364 0.5923295454545456 0.7926136363636364 0.6619318181818183 0.8678977272727273 0.6619318181818183
47 0.8792613636363636 0.36079545454545464 0.7826704545454546 0.36079545454545464 0.7826704545454546 0.4403409090909092 0.8792613636363636 0.4403409090909092
37 0.7727272727272727 0.7045454545454547 0.7201704545454547 0.7045454545454547 0.7201704545454547 0.7386363636363636 0.7727272727272727 0.7386363636363636
37 0.5965909090909091 0.5909090909090909 0.5582386363636364 0.5909090909090909 0.5582386363636364 0.625 0.5965909090909091 0.625
37 0.625 0.309659090909091 0.5852272727272727 0.309659090909091 0.5852272727272727 0.3480113636363637 0.625 0.3480113636363637
4 0.7485795454545454 0.5014204545454547 0.703125 0.5014204545454547 0.703125 0.5468750000000001 0.7485795454545454 0.5468750000000001
4 0.6661931818181818 0.5113636363636365 0.625 0.5113636363636364 0.625 0.5568181818181819 0.6661931818181818 0.556818181818182
9 0.5383522727272727 0.5369318181818182 0.5028409090909091 0.5369318181818182 0.5028409090909091 0.6363636363636364 0.5383522727272727 0.6363636363636364
9 0.5383522727272727 0.247159090909091 0.5 0.247159090909091 0.5 0.35937500000000006 0.5383522727272727 0.35937500000000006
37 0.6931818181818182 0.18039772727272735 0.6534090909090909 0.18039772727272735 0.6534090909090909 0.21875000000000008 0.6931818181818182 0.21875000000000008
19 0.48153409090909105 0.84375 0.4644886363636365 0.84375 0.4644886363636365 0.8636363636363636 0.48153409090909105 0.8636363636363636
19 0.47443181818181834 0.7130681818181818 0.4602272727272729 0.7130681818181818 0.4602272727272729 0.7357954545454546 0.47443181818181834 0.7357954545454546
19 0.47301136363636365 0.5894886363636364 0.4588068181818182 0.5894886363636364 0.4588068181818182 0.6122159090909091 0.47301136363636365 0.6122159090909091
19 0.4744318181818182 0.3181818181818183 0.4616477272727273 0.3181818181818183 0.4616477272727273 0.3352272727272728 0.4744318181818182 0.3352272727272728
19 0.4815340909090909 0.18039772727272732 0.46448863636363635 0.18039772727272732 0.46448863636363635 0.20312500000000008 0.4815340909090909 0.20312500000000008
19 0.9048295454545454 0.8536931818181818 0.890625 0.8536931818181818 0.890625 0.8678977272727273 0.9048295454545454 0.8678977272727273
19 0.9090909090909091 0.5980113636363638 0.8977272727272727 0.5980113636363638 0.8977272727272727 0.6150568181818183 0.9090909090909091 0.6150568181818183
19 0.8267045454545454 0.713068181818182 0.8153409090909091 0.713068181818182 0.8153409090909091 0.7329545454545454 0.8267045454545454 0.7329545454545454
19 0.6619318181818183 0.7201704545454546 0.650568181818182 0.7201704545454546 0.650568181818182 0.7400568181818182 0.6619318181818183 0.7400568181818182
19 0.7301136363636364 0.5838068181818183 0.71875 0.5838068181818183 0.71875 0.6008522727272729 0.7301136363636364 0.6008522727272729
19 0.6548295454545454 0.3181818181818183 0.6448863636363636 0.3181818181818183 0.6448863636363636 0.3338068181818183 0.6548295454545454 0.3338068181818183
19 0.6534090909090909 0.4005681818181818 0.6392045454545454 0.4005681818181818 0.6392045454545454 0.42045454545454547 0.6534090909090909 0.42045454545454547
19 0.7357954545454546 0.26562500000000006 0.71875 0.26562500000000006 0.71875 0.2855113636363637 0.7357954545454546 0.2855113636363637
19 0.734375 0.18039772727272735 0.7215909090909091 0.18039772727272735 0.7215909090909091 0.200284090909091 0.734375 0.200284090909091
19 0.8366477272727273 0.26562500000000006 0.8196022727272727 0.26562500000000006 0.8196022727272727 0.2855113636363637 0.8366477272727273 0.2855113636363637
19 0.9105113636363636 0.42045454545454564 0.8991477272727273 0.42045454545454564 0.8991477272727273 0.4403409090909092 0.9105113636363636 0.4403409090909092
5 0.6633522727272727 0.5795454545454546 0.6377840909090909 0.5795454545454546 0.6377840909090909 0.6079545454545455 0.6633522727272727 0.6079545454545456
5 0.7386363636363636 0.39062500000000017 0.7102272727272727 0.39062500000000017 0.7102272727272727 0.4176136363636365 0.7386363636363636 0.4176136363636365
44 0.8323863636363636 0.5056818181818183 0.8096590909090909 0.5056818181818183 0.8096590909090909 0.6235795454545456 0.8323863636363636 0.6235795454545456
44 0.8338068181818182 0.3778409090909092 0.8110795454545454 0.3778409090909092 0.8110795454545454 0.4758522727272729 0.8338068181818182 0.4758522727272729
44 0.7684659090909091 0.45880681818181834 0.7485795454545454 0.45880681818181834 0.7485795454545454 0.5340909090909093 0.7684659090909091 0.5340909090909093
44 0.6846590909090909 0.4715909090909092 0.6647727272727273 0.4715909090909092 0.6647727272727273 0.5426136363636366 0.6846590909090909 0.5426136363636366
44 0.75 0.6051136363636366 0.7301136363636364 0.6051136363636366 0.7301136363636364 0.7045454545454547 0.75 0.7045454545454547
44 0.5866477272727273 0.4928977272727273 0.5653409090909091 0.4928977272727273 0.5653409090909091 0.5852272727272727 0.5866477272727273 0.5852272727272727
44 0.6150568181818182 0.21164772727272735 0.5923295454545454 0.21164772727272735 0.5923295454545454 0.3110795454545455 0.6150568181818182 0.3110795454545455
44 0.6875 0.017045454545454627 0.6619318181818182 0.017045454545454627 0.6619318181818182 0.1505681818181819 0.6875 0.1505681818181819
44 0.7954545454545454 0.9133522727272727 0.7670454545454546 0.9133522727272727 0.7670454545454546 0.9559659090909091 0.7954545454545454 0.9559659090909091