43 0.6590909090909091 0.0852272727272728 0.6434659090909091 0.0852272727272728 0.6434659090909091 0.10369318181818189 0.6590909090909091 0.10369318181818189
43 0.4190340909090909 0.08522727272727278 0.40482954545454547 0.08522727272727276 0.40482954545454547 0.1079545454545455 0.4190340909090909 0.1079545454545455
43 0.1590909090909091 0.07954545454545457 0.13920454545454544 0.07954545454545457 0.13920454545454544 0.10369318181818182 0.1590909090909091 0.10369318181818182
43 0.1406250000000001 0.9232954545454546 0.12073863636363648 0.9232954545454546 0.12073863636363648 0.9488636363636364 0.1406250000000001 0.9488636363636364
43 0.42755681818181834 0.9303977272727273 0.4105113636363638 0.9303977272727273 0.4105113636363638 0.9545454545454546 0.42755681818181834 0.9545454545454546
43 0.7116477272727274 0.9019886363636364 0.6946022727272729 0.9019886363636364 0.6946022727272729 0.9261363636363636 0.7116477272727274 0.9261363636363636
4 0.7088068181818182 0.33948863636363646 0.6917613636363636 0.33948863636363646 0.6917613636363636 0.3977272727272729 0.7088068181818182 0.3977272727272729
4 0.46448863636363635 0.33096590909090917 0.4460227272727273 0.33096590909090917 0.4460227272727273 0.390625 0.46448863636363635 0.390625
4 0.19176136363636373 0.33238636363636365 0.17187500000000003 0.33238636363636365 0.17187500000000003 0.39204545454545453 0.19176136363636373 0.39204545454545453
14 0.7372159090909091 0.4545454545454547 0.7173295454545454 0.4545454545454547 0.7173295454545454 0.5085227272727274 0.7372159090909091 0.5085227272727274
14 0.5113636363636364 0.4630681818181818 0.48579545454545453 0.4630681818181818 0.48579545454545453 0.5284090909090909 0.5113636363636364 0.5284090909090909
14 0.23295454545454553 0.42329545454545453 0.20738636363636373 0.42329545454545453 0.20738636363636373 0.4928977272727273 0.23295454545454553 0.4928977272727273
52 0.7840909090909091 0.3380681818181819 0.7542613636363636 0.3380681818181819 0.7542613636363636 0.38352272727272746 0.7840909090909091 0.38352272727272746
52 0.8423295454545454 0.5184659090909093 0.8025568181818182 0.5184659090909093 0.8025568181818182 0.5809659090909093 0.8423295454545454 0.5809659090909093
52 0.6335227272727273 0.5184659090909091 0.59375 0.5184659090909091 0.59375 0.5894886363636364 0.6335227272727273 0.5894886363636364
52 0.5667613636363636 0.3380681818181819 0.5326704545454546 0.3380681818181819 0.5326704545454546 0.38920454545454547 0.5667613636363636 0.38920454545454547
52 0.390625 0.5284090909090909 0.3352272727272728 0.5284090909090909 0.3352272727272728 0.6051136363636364 0.390625 0.6051136363636364
52 0.3238636363636364 0.328125 0.2840909090909091 0.328125 0.2840909090909091 0.3778409090909091 0.32386363636363646 0.3778409090909091
44 0.7116477272727273 0.26136363636363646 0.6803977272727273 0.26136363636363646 0.6803977272727273 0.32386363636363646 0.7116477272727273 0.32386363636363646
44 0.7173295454545454 0.39914772727272746 0.6889204545454546 0.39914772727272746 0.6889204545454546 0.4332386363636365 0.7173295454545454 0.4332386363636365
44 0.765625 0.46590909090909105 0.7400568181818182 0.46590909090909105 0.7400568181818182 0.5198863636363638 0.765625 0.5198863636363638
44 0.7883522727272727 0.37500000000000017 0.765625 0.37500000000000017 0.765625 0.4332386363636365 0.7883522727272727 0.4332386363636365
44 0.7230113636363636 0.5142045454545456 0.6974431818181818 0.5142045454545456 0.6974431818181818 0.590909090909091 0.7230113636363636 0.590909090909091
44 0.7826704545454546 0.5994318181818183 0.7485795454545454 0.5994318181818183 0.7485795454545454 0.6732954545454547 0.7826704545454546 0.6732954545454547
44 0.5625 0.37926136363636365 0.5369318181818182 0.37926136363636365 0.5369318181818182 0.43607954545454547 0.5625 0.43607954545454547
44 0.5440340909090909 0.46732954545454547 0.5142045454545454 0.46732954545454547 0.5142045454545454 0.5298295454545454 0.5440340909090909 0.5298295454545454
44 0.47301136363636365 0.39488636363636365 0.4375 0.39488636363636365 0.4375 0.4318181818181818 0.47301136363636365 0.4318181818181818
44 0.47301136363636365 0.5383522727272727 0.43892045454545453 0.5383522727272727 0.43892045454545453 0.6178977272727273 0.47301136363636365 0.6178977272727273
44 0.5568181818181819 0.6164772727272727 0.5255681818181818 0.6164772727272727 0.5255681818181819 0.6946022727272727 0.556818181818182 0.6946022727272727
44 0.28267045454545464 0.6292613636363636 0.24005681818181826 0.6292613636363636 0.24005681818181826 0.7045454545454546 0.28267045454545464 0.7045454545454546
44 0.1974431818181819 0.5610795454545454 0.1576704545454546 0.5610795454545454 0.1576704545454546 0.6505681818181818 0.1974431818181819 0.6505681818181818
44 0.2713068181818183 0.4318181818181818 0.23437500000000008 0.4318181818181818 0.23437500000000008 0.5 0.2713068181818183 0.5
44 0.200284090909091 0.3963068181818182 0.16619318181818185 0.3963068181818182 0.16619318181818185 0.43607954545454547 0.200284090909091 0.43607954545454547
44 0.2002840909090909 0.25426136363636365 0.15625000000000003 0.25426136363636365 0.15625000000000003 0.32954545454545453 0.2002840909090909 0.32954545454545453
44 0.2059659090909091 0.03409090909090911 0.16619318181818182 0.03409090909090911 0.16619318181818182 0.14204545454545459 0.2059659090909091 0.14204545454545459
44 0.3196022727272728 0.37357954545454547 0.2883522727272728 0.37357954545454547 0.2883522727272728 0.44176136363636365 0.3196022727272728 0.44176136363636365
44 0.46732954545454547 0.2556818181818183 0.43607954545454547 0.2556818181818183 0.43607954545454547 0.3181818181818183 0.46732954545454547 0.3181818181818183
44 0.4559659090909091 0.025568181818181875 0.4161931818181818 0.02556818181818187 0.4161931818181818 0.12500000000000003 0.4559659090909091 0.12500000000000003
44 0.7002840909090909 0.03125000000000008 0.6605113636363636 0.03125000000000008 0.6605113636363636 0.122159090909091 0.7002840909090909 0.122159090909091
45 0.7485795454545454 0.5923295454545456 0.7230113636363636 0.5923295454545456 0.7230113636363636 0.6264204545454547 0.7485795454545454 0.6264204545454547
45 0.6946022727272727 0.5326704545454547 0.6676136363636364 0.5326704545454547 0.6676136363636364 0.5696022727272729 0.6946022727272727 0.5696022727272729
45 0.5227272727272727 0.6150568181818182 0.4914772727272727 0.6150568181818182 0.4914772727272727 0.6548295454545454 0.5227272727272727 0.6548295454545454
45 0.24147727272727282 0.6278409090909091 0.20738636363636373 0.6278409090909091 0.20738636363636373 0.6704545454545454 0.24147727272727282 0.6704545454545454
45 0.15625000000000008 0.5738636363636364 0.12073863636363645 0.5738636363636364 0.12073863636363645 0.625 0.15625000000000008 0.625
5 0.7869318181818182 0.24857954545454553 0.7784090909090909 0.24857954545454553 0.7784090909090909 0.2599431818181819 0.7869318181818182 0.2599431818181819
5 0.5838068181818182 0.24857954545454553 0.5724431818181818 0.24857954545454553 0.5724431818181818 0.262784090909091 0.5838068181818182 0.262784090909091
5 0.3366477272727273 0.23579545454545459 0.328125 0.23579545454545456 0.328125 0.24715909090909094 0.3366477272727273 0.247159090909091
8 0.5269886363636364 0.3423295454545455 0.5 0.3423295454545455 0.5 0.3849431818181818 0.5269886363636364 0.3849431818181818
8 0.26846590909090917 0.33238636363636365 0.24005681818181826 0.33238636363636365 0.24005681818181826 0.37073863636363635 0.26846590909090917 0.37073863636363635
8 0.7528409090909091 0.34375000000000006 0.7315340909090909 0.34375000000000006 0.7315340909090909 0.3821022727272729 0.7528409090909091 0.3821022727272729
19 0.8110795454545454 0.2556818181818183 0.7926136363636364 0.2556818181818183 0.7926136363636364 0.2798295454545455 0.8110795454545454 0.2798295454545455
19 0.6051136363636364 0.25142045454545464 0.59375 0.25142045454545464 0.59375 0.26562500000000006 0.6051136363636364 0.26562500000000006
19 0.5866477272727273 0.3494318181818183 0.578125 0.3494318181818183 0.578125 0.36363636363636365 0.5866477272727273 0.36363636363636365
19 0.4943181818181818 0.3536931818181819 0.484375 0.3536931818181819 0.484375 0.37073863636363635 0.4943181818181818 0.37073863636363635
19 0.4247159090909091 0.3494318181818183 0.41051136363636365 0.3494318181818183 0.41051136363636365 0.3650568181818182 0.4247159090909091 0.3650568181818182
19 0.421875 0.24005681818181826 0.41051136363636365 0.24005681818181826 0.41051136363636365 0.2571022727272728 0.421875 0.2571022727272728
19 0.421875 0.1974431818181819 0.41051136363636365 0.1974431818181819 0.41051136363636365 0.21448863636363644 0.421875 0.21448863636363644
5 0.4190340909090909 0.15767045454545459 0.40767045454545453 0.15767045454545459 0.40767045454545453 0.17471590909090914 0.4190340909090909 0.17471590909090914
19 0.35511363636363635 0.23721590909090917 0.3409090909090909 0.23721590909090917 0.3409090909090909 0.2571022727272728 0.35511363636363635 0.2571022727272728
19 0.15909090909090914 0.19602272727272727 0.14204545454545459 0.19602272727272727 0.14204545454545459 0.21448863636363635 0.15909090909090914 0.21448863636363635
19 0.15340909090909094 0.23579545454545456 0.1392045454545455 0.23579545454545456 0.1392045454545455 0.25142045454545453 0.15340909090909094 0.25142045454545453
19 0.22443181818181826 0.34232954545454547 0.21022727272727282 0.34232954545454547 0.21022727272727282 0.3622159090909091 0.22443181818181826 0.3622159090909091
19 0.15340909090909094 0.34517045454545453 0.1392045454545455 0.34517045454545453 0.1392045454545455 0.3622159090909091 0.15340909090909094 0.3622159090909091
19 0.14346590909090917 0.7514204545454546 0.12926136363636373 0.7514204545454546 0.12926136363636373 0.7698863636363636 0.14346590909090917 0.7698863636363636
19 0.2286931818181819 0.7400568181818182 0.20880681818181826 0.7400568181818182 0.20880681818181826 0.765625 0.2286931818181819 0.765625
19 0.14204545454545467 0.8394886363636364 0.1278409090909092 0.8394886363636364 0.1278409090909092 0.859375 0.14204545454545467 0.859375
19 0.37500000000000017 0.8295454545454546 0.3579545454545455 0.8295454545454546 0.3579545454545455 0.8494318181818182 0.37500000000000017 0.8494318181818182
19 0.42755681818181834 0.8267045454545454 0.4133522727272729 0.8267045454545454 0.4133522727272729 0.8465909090909091 0.42755681818181834 0.8465909090909091
19 0.4261363636363638 0.7357954545454546 0.41477272727272746 0.7357954545454546 0.41477272727272746 0.7528409090909091 0.4261363636363638 0.7528409090909091
19 0.5113636363636366 0.7144886363636364 0.4957386363636365 0.7144886363636364 0.4957386363636365 0.7372159090909091 0.5113636363636366 0.7372159090909091
19 0.634943181818182 0.8053977272727273 0.6150568181818183 0.8053977272727273 0.6150568181818183 0.828125 0.634943181818182 0.828125
19 0.7017045454545456 0.7272727272727273 0.6875000000000001 0.7272727272727273 0.6875000000000001 0.7428977272727273 0.7017045454545456 0.7428977272727273
19 0.7059659090909093 0.8153409090909091 0.6946022727272729 0.8153409090909091 0.6946022727272729 0.8338068181818182 0.7059659090909093 0.8338068181818182
19 0.7443181818181818 0.7187500000000001 0.7301136363636364 0.7187500000000001 0.7301136363636364 0.7357954545454546 0.7443181818181818 0.7357954545454546
19 0.8366477272727273 0.7883522727272727 0.8224431818181818 0.7883522727272727 0.8224431818181818 0.8082386363636364 0.8366477272727273 0.8082386363636364
19 0.7769886363636364 0.15482954545454553 0.765625 0.15482954545454553 0.765625 0.1732954545454546 0.7769886363636364 0.1732954545454546
19 0.6676136363636364 0.25000000000000006 0.65625 0.25000000000000006 0.65625 0.2642045454545455 0.6676136363636364 0.2642045454545455
19 0.6647727272727273 0.20880681818181826 0.6534090909090909 0.20880681818181826 0.6534090909090909 0.22301136363636373 0.6647727272727273 0.22301136363636373
19 0.6732954545454546 0.35227272727272735 0.6619318181818182 0.35227272727272735 0.6619318181818182 0.3664772727272729 0.6732954545454546 0.3664772727272729
19 0.5923295454545454 0.215909090909091 0.5752840909090909 0.215909090909091 0.5752840909090909 0.23863636363636373 0.5923295454545454 0.23863636363636373
5 0.6590909090909091 0.15482954545454553 0.6505681818181818 0.15482954545454553 0.6505681818181818 0.169034090909091 0.6590909090909091 0.169034090909091
19 0.7272727272727273 0.356534090909091 0.7159090909090909 0.356534090909091 0.7159090909090909 0.3707386363636365 0.7272727272727273 0.3707386363636365
45 0.44176136363636365 0.5511363636363636 0.40767045454545453 0.5511363636363636 0.40767045454545453 0.5994318181818182 0.44176136363636365 0.5994318181818182
19 0.7926136363636364 0.34375000000000006 0.7840909090909091 0.34375000000000006 0.7840909090909091 0.3636363636363638 0.7926136363636364 0.3636363636363638
19 0.340909090909091 0.3380681818181819 0.3323863636363637 0.3380681818181819 0.3323863636363637 0.3536931818181819 0.340909090909091 0.3536931818181819
19 0.34801136363636365 0.20312500000000008 0.3309659090909091 0.20312500000000008 0.3309659090909091 0.2286931818181819 0.34801136363636365 0.2286931818181819