52 0.7258522727272727 0.5411931818181819 0.5994318181818182 0.5411931818181818 0.5994318181818182 0.6590909090909092 0.7258522727272727 0.6590909090909093
9 0.875 0.700284090909091 0.7428977272727273 0.700284090909091 0.7428977272727273 0.7627840909090909 0.875 0.7627840909090909
38 0.4247159090909091 0.2585227272727273 0.296875 0.2585227272727273 0.29687500000000006 0.3650568181818182 0.4247159090909091 0.3650568181818182
47 0.7073863636363636 0.2045454545454546 0.5767045454545454 0.2045454545454546 0.5767045454545454 0.32102272727272735 0.7073863636363636 0.32102272727272735
54 0.18323863636363635 0.26704545454545453 0.09375000000000004 0.26704545454545453 0.09375000000000004 0.2911931818181818 0.18323863636363635 0.2911931818181818
54 0.17755681818181826 0.5880681818181818 0.07670454545454554 0.5880681818181818 0.07670454545454554 0.6136363636363636 0.17755681818181826 0.6136363636363636
37 0.8522727272727273 0.556818181818182 0.7911931818181818 0.556818181818182 0.7911931818181818 0.6619318181818183 0.8522727272727273 0.6619318181818183
37 0.6917613636363636 0.3508522727272728 0.6349431818181818 0.3508522727272728 0.6349431818181818 0.450284090909091 0.6917613636363636 0.45028409090909105
44 0.4318181818181818 0.25142045454545464 0.3934659090909091 0.25142045454545464 0.3934659090909091 0.28267045454545464 0.4318181818181818 0.28267045454545464
44 0.453125 0.2869318181818183 0.3934659090909091 0.2869318181818183 0.3934659090909091 0.31534090909090917 0.453125 0.31534090909090917
44 0.6534090909090909 0.31392045454545464 0.5667613636363636 0.31392045454545464 0.5667613636363636 0.34659090909090917 0.6534090909090909 0.34659090909090917
44 0.5710227272727273 0.21875000000000008 0.5298295454545454 0.21875000000000008 0.5298295454545454 0.25284090909090917 0.5710227272727273 0.25284090909090917
44 0.7372159090909091 0.3494318181818183 0.6946022727272727 0.3494318181818183 0.6946022727272727 0.384943181818182 0.7372159090909091 0.384943181818182
44 0.19318181818181818 0.2869318181818182 0.15056818181818185 0.2869318181818182 0.15056818181818185 0.3224431818181818 0.19318181818181818 0.3224431818181818
44 0.1889204545454546 0.6122159090909091 0.14062500000000008 0.6122159090909091 0.14062500000000008 0.6477272727272727 0.1889204545454546 0.6477272727272727
44 0.9076704545454546 0.700284090909091 0.8607954545454546 0.700284090909091 0.8607954545454546 0.7357954545454546 0.9076704545454546 0.7357954545454546
44 0.84375 0.6093750000000001 0.8025568181818182 0.6093750000000001 0.8025568181818182 0.6519886363636366 0.84375 0.6519886363636366
44 0.8948863636363636 0.559659090909091 0.8494318181818182 0.559659090909091 0.8494318181818182 0.5923295454545456 0.8948863636363636 0.5923295454545456
44 0.7670454545454546 0.5838068181818183 0.6889204545454546 0.5838068181818183 0.6889204545454546 0.619318181818182 0.7670454545454546 0.619318181818182
44 0.6292613636363636 0.5852272727272727 0.6022727272727273 0.5852272727272727 0.6022727272727273 0.6150568181818182 0.6292613636363636 0.6150568181818182
44 0.7329545454545454 0.5482954545454547 0.6903409090909091 0.5482954545454547 0.6903409090909091 0.5795454545454547 0.7329545454545454 0.5795454545454547
44 0.6846590909090909 0.3963068181818183 0.6477272727272727 0.3963068181818182 0.6477272727272727 0.4360795454545455 0.6846590909090909 0.43607954545454564
19 0.6789772727272727 0.49289772727272735 0.6548295454545454 0.4928977272727273 0.6548295454545454 0.5127840909090909 0.6789772727272727 0.512784090909091
19 0.8338068181818182 0.5000000000000001 0.8139204545454546 0.5000000000000001 0.8139204545454546 0.5113636363636366 0.8338068181818182 0.5113636363636366
19 0.8423295454545454 0.8096590909090909 0.8224431818181818 0.8096590909090909 0.8224431818181818 0.8224431818181818 0.8423295454545454 0.8224431818181818
19 0.6775568181818183 0.8025568181818182 0.6548295454545456 0.8025568181818182 0.6548295454545456 0.8210227272727273 0.6775568181818183 0.8210227272727273
19 0.3707386363636365 0.796875 0.3480113636363637 0.796875 0.3480113636363637 0.8153409090909091 0.3707386363636365 0.8153409090909091
19 0.12500000000000008 0.7997159090909091 0.106534090909091 0.7997159090909091 0.106534090909091 0.8139204545454546 0.12500000000000008 0.8139204545454546
19 0.15482954545454547 0.15482954545454544 0.13210227272727273 0.15482954545454544 0.13210227272727273 0.171875 0.1548295454545455 0.171875
19 0.3778409090909091 0.14772727272727276 0.3565340909090909 0.14772727272727276 0.3565340909090909 0.1676136363636364 0.3778409090909091 0.1676136363636364
19 0.6875 0.14630681818181826 0.6690340909090909 0.14630681818181826 0.6690340909090909 0.16193181818181826 0.6875 0.16193181818181826
19 0.5298295454545454 0.2542613636363637 0.5142045454545454 0.2542613636363637 0.5142045454545454 0.26562500000000006 0.5298295454545454 0.26562500000000006
19 0.5298295454545454 0.35227272727272735 0.5142045454545454 0.35227272727272735 0.5142045454545454 0.36363636363636365 0.5298295454545454 0.36363636363636365