52 0.7116477272727273 0.43750000000000006 0.5610795454545454 0.4375 0.5610795454545454 0.5397727272727274 0.7116477272727273 0.5397727272727274
9 0.9616477272727273 0.3948863636363638 0.7826704545454546 0.3948863636363638 0.7826704545454546 0.4573863636363638 0.9616477272727273 0.4573863636363638
38 0.3352272727272728 0.6107954545454546 0.20170454545454553 0.6107954545454546 0.20170454545454553 0.6818181818181818 0.3352272727272728 0.6818181818181818
47 0.5355113636363638 0.6875 0.416193181818182 0.6875 0.416193181818182 0.7784090909090909 0.5355113636363638 0.7784090909090909
54 0.122159090909091 0.6051136363636364 0.018465909090909168 0.6051136363636364 0.018465909090909168 0.6420454545454546 0.122159090909091 0.6420454545454546
54 0.16193181818181823 0.4460227272727273 0.038352272727272776 0.4460227272727273 0.03835227272727278 0.4815340909090909 0.16193181818181823 0.4815340909090909
37 0.8792613636363636 0.48437500000000017 0.7840909090909091 0.48437500000000017 0.7840909090909091 0.5809659090909093 0.8792613636363636 0.5809659090909093
37 0.5980113636363638 0.6079545454545454 0.5127840909090909 0.6079545454545454 0.5127840909090909 0.6832386363636364 0.5980113636363638 0.6832386363636364
44 0.3196022727272728 0.6747159090909091 0.2855113636363637 0.6747159090909091 0.2855113636363637 0.7002840909090909 0.3196022727272728 0.7002840909090909
44 0.33664772727272735 0.6534090909090909 0.29687500000000006 0.6534090909090909 0.29687500000000006 0.6775568181818182 0.33664772727272735 0.6775568181818182
44 0.5170454545454546 0.6590909090909091 0.4460227272727273 0.6590909090909091 0.44602272727272735 0.6931818181818182 0.5170454545454547 0.6931818181818182
44 0.6107954545454547 0.6676136363636364 0.572443181818182 0.6676136363636364 0.572443181818182 0.6960227272727273 0.6107954545454547 0.6960227272727273
44 0.5809659090909091 0.6221590909090909 0.5454545454545454 0.6221590909090909 0.5454545454545454 0.6519886363636364 0.5809659090909091 0.6519886363636364
44 0.7002840909090909 0.5113636363636365 0.6548295454545454 0.5113636363636364 0.6548295454545454 0.5369318181818182 0.7002840909090909 0.5369318181818183
44 0.7215909090909091 0.4801136363636365 0.6633522727272727 0.4801136363636365 0.6633522727272727 0.5156250000000001 0.7215909090909091 0.5156250000000001
44 0.5994318181818182 0.4758522727272727 0.5710227272727273 0.4758522727272727 0.5710227272727273 0.49857954545454547 0.5994318181818182 0.49857954545454547
44 0.8622159090909091 0.49857954545454564 0.8252840909090909 0.49857954545454564 0.8252840909090909 0.5326704545454547 0.8622159090909091 0.5326704545454547
44 0.8877840909090909 0.5653409090909093 0.8338068181818182 0.5653409090909093 0.8338068181818182 0.5994318181818183 0.8877840909090909 0.5994318181818183
44 0.9801136363636364 0.45312500000000017 0.921875 0.45312500000000017 0.921875 0.4886363636363638 0.9801136363636364 0.4886363636363638
44 0.15909090909090914 0.4289772727272727 0.11931818181818186 0.4289772727272727 0.11931818181818186 0.46448863636363635 0.15909090909090914 0.46448863636363635
44 0.11505681818181826 0.5894886363636364 0.08096590909090917 0.5894886363636364 0.08096590909090917 0.6235795454545454 0.11505681818181826 0.6235795454545454
44 0.40482954545454564 0.7201704545454546 0.36079545454545464 0.7201704545454546 0.36079545454545464 0.7457386363636364 0.40482954545454564 0.7457386363636364
19 0.231534090909091 0.7571022727272727 0.21448863636363644 0.7571022727272727 0.21448863636363644 0.7713068181818182 0.231534090909091 0.7713068181818182
19 0.4801136363636365 0.8025568181818182 0.4644886363636365 0.8025568181818182 0.4644886363636365 0.8125 0.4801136363636365 0.8125
19 0.3863636363636365 0.703125 0.3707386363636365 0.703125 0.3707386363636365 0.7144886363636364 0.3863636363636365 0.7144886363636364
19 0.41761363636363635 0.6335227272727273 0.40198863636363635 0.6335227272727273 0.40198863636363635 0.6448863636363636 0.41761363636363635 0.6448863636363636
19 0.6079545454545454 0.5625 0.5823863636363636 0.5625 0.5823863636363636 0.5838068181818182 0.6079545454545454 0.5838068181818182
19 0.796875 0.603693181818182 0.7826704545454546 0.603693181818182 0.7826704545454546 0.6150568181818183 0.796875 0.6150568181818183
19 0.9403409090909091 0.38068181818181834 0.9204545454545454 0.38068181818181834 0.9204545454545454 0.3948863636363638 0.9403409090909091 0.3948863636363638
19 0.7173295454545454 0.33096590909090917 0.6889204545454546 0.33096590909090917 0.6889204545454546 0.3508522727272728 0.7173295454545454 0.3508522727272728
19 0.42329545454545453 0.26704545454545464 0.3977272727272727 0.26704545454545464 0.3977272727272727 0.2869318181818183 0.42329545454545453 0.2869318181818183
19 0.20454545454545456 0.2059659090909091 0.1875 0.2059659090909091 0.1875 0.22017045454545456 0.20454545454545456 0.22017045454545456
19 0.055397727272727355 0.7286931818181818 0.041193181818181906 0.7286931818181818 0.041193181818181906 0.7400568181818182 0.055397727272727355 0.7400568181818182