43 0.10369318181818184 0.12357954545454546 0.0681818181818182 0.12357954545454546 0.0681818181818182 0.18039772727272727 0.10369318181818186 0.18039772727272727
43 0.9360795454545454 0.11931818181818193 0.9019886363636364 0.11931818181818193 0.9019886363636364 0.1647727272727274 0.9360795454545454 0.1647727272727274
43 0.9474431818181818 0.7599431818181818 0.9133522727272727 0.7599431818181818 0.9133522727272727 0.8125 0.9474431818181818 0.8125
43 0.10369318181818189 0.7684659090909091 0.06960227272727283 0.7684659090909091 0.06960227272727283 0.8110795454545454 0.10369318181818189 0.8110795454545454
19 0.39488636363636365 0.4602272727272727 0.37073863636363635 0.4602272727272727 0.37073863636363635 0.4928977272727273 0.39488636363636365 0.4928977272727273
19 0.3920454545454547 0.7727272727272727 0.37215909090909105 0.7727272727272727 0.37215909090909105 0.7997159090909091 0.3920454545454547 0.7997159090909091
19 0.6406250000000001 0.7713068181818182 0.6207386363636366 0.7713068181818182 0.6207386363636366 0.796875 0.6406250000000001 0.796875
19 0.8125 0.7727272727272727 0.7911931818181818 0.7727272727272727 0.7911931818181818 0.8011363636363636 0.8125 0.8011363636363636
19 0.6392045454545454 0.4616477272727273 0.6164772727272727 0.4616477272727273 0.6164772727272727 0.4943181818181818 0.6392045454545454 0.4943181818181818
19 0.3877840909090909 0.12926136363636367 0.3678977272727273 0.12926136363636367 0.3678977272727273 0.16335227272727276 0.3877840909090909 0.16335227272727276
19 0.8039772727272727 0.12926136363636373 0.7826704545454546 0.12926136363636373 0.7826704545454546 0.15909090909090917 0.8039772727272727 0.15909090909090917
44 0.11647727272727279 0.45454545454545453 0.04119318181818188 0.45454545454545453 0.041193181818181886 0.6036931818181818 0.1164772727272728 0.6036931818181818
44 0.356534090909091 0.5823863636363636 0.309659090909091 0.5823863636363636 0.309659090909091 0.6434659090909091 0.356534090909091 0.6434659090909091
44 0.36079545454545464 0.6477272727272727 0.3039772727272728 0.6477272727272727 0.3039772727272728 0.7045454545454546 0.36079545454545464 0.7045454545454546
44 0.48863636363636365 0.515625 0.4303977272727273 0.515625 0.4303977272727273 0.5639204545454546 0.48863636363636365 0.5639204545454546
44 0.4715909090909091 0.3806818181818182 0.421875 0.3806818181818182 0.421875 0.43892045454545453 0.4715909090909091 0.43892045454545453
44 0.34232954545454547 0.28125000000000006 0.2883522727272727 0.28125 0.28835227272727276 0.34232954545454547 0.3423295454545455 0.3423295454545455
44 0.5142045454545454 0.278409090909091 0.4161931818181818 0.278409090909091 0.4161931818181818 0.34517045454545464 0.5142045454545454 0.34517045454545464
44 0.7911931818181818 0.494318181818182 0.6761363636363636 0.494318181818182 0.6761363636363636 0.5582386363636366 0.7911931818181818 0.5582386363636366
44 0.8664772727272727 0.28125000000000006 0.7982954545454546 0.28125000000000006 0.7982954545454546 0.34375000000000006 0.8664772727272727 0.34375000000000006
44 0.953125 0.39062500000000017 0.8821022727272727 0.39062500000000017 0.8821022727272727 0.5582386363636366 0.953125 0.5582386363636366
44 0.2585227272727273 0.053977272727272756 0.12215909090909091 0.05397727272727275 0.12215909090909091 0.14062500000000003 0.2585227272727273 0.14062500000000003
44 0.7258522727272728 0.6377840909090909 0.6491477272727273 0.6377840909090909 0.6491477272727274 0.6946022727272728 0.7258522727272729 0.6946022727272729
12 0.21732954545454544 0.11789772727272729 0.12073863636363637 0.11789772727272728 0.12073863636363638 0.18323863636363635 0.21732954545454544 0.18323863636363635
37 0.5127840909090909 0.4460227272727273 0.4161931818181818 0.4460227272727273 0.4161931818181818 0.5142045454545454 0.5127840909090909 0.5142045454545454
37 0.4005681818181819 0.5767045454545454 0.35937500000000006 0.5767045454545454 0.35937500000000006 0.7059659090909091 0.400568181818182 0.7059659090909091
4 0.6534090909090909 0.6079545454545454 0.6065340909090909 0.6079545454545454 0.6065340909090909 0.6505681818181818 0.6534090909090909 0.6505681818181818
45 0.8252840909090909 0.35227272727272735 0.7514204545454546 0.35227272727272735 0.7514204545454546 0.4801136363636365 0.8252840909090909 0.4801136363636365
11 0.4133522727272727 0.29261363636363646 0.3465909090909091 0.29261363636363646 0.3465909090909091 0.3821022727272727 0.4133522727272727 0.3821022727272727