31 0.2542613636363637 0.6150568181818182 0.14914772727272735 0.6150568181818182 0.14914772727272735 0.7116477272727273 0.2542613636363637 0.7116477272727273
19 0.2542613636363637 0.7386363636363636 0.24573863636363644 0.7386363636363636 0.24573863636363644 0.7556818181818182 0.2542613636363637 0.7556818181818182
47 0.3480113636363637 0.6931818181818182 0.2855113636363637 0.6931818181818182 0.2855113636363637 0.7954545454545454 0.3480113636363637 0.7954545454545454
5 0.453125 0.4502840909090909 0.44176136363636365 0.4502840909090909 0.44176136363636365 0.46448863636363635 0.453125 0.46448863636363635
5 0.5610795454545454 0.45170454545454547 0.5525568181818182 0.45170454545454547 0.5525568181818182 0.4659090909090909 0.5610795454545454 0.4659090909090909
44 0.4133522727272727 0.4786931818181818 0.3849431818181818 0.4786931818181818 0.3849431818181818 0.5142045454545454 0.4133522727272727 0.5142045454545454
37 0.4289772727272727 0.4275568181818182 0.37357954545454547 0.4275568181818182 0.37357954545454547 0.47301136363636365 0.4289772727272727 0.47301136363636365
44 0.43607954545454547 0.39488636363636365 0.37926136363636365 0.39488636363636365 0.37926136363636365 0.42613636363636365 0.43607954545454547 0.42613636363636365
3 0.46732954545454564 0.6875 0.4247159090909092 0.6875 0.4247159090909092 0.7599431818181818 0.46732954545454564 0.7599431818181818
8 0.5738636363636366 0.7059659090909091 0.5298295454545456 0.7059659090909091 0.5298295454545456 0.7642045454545454 0.5738636363636366 0.7642045454545454
43 0.7670454545454546 0.7244318181818183 0.7556818181818182 0.7244318181818183 0.7556818181818182 0.7528409090909091 0.7670454545454546 0.7528409090909091
43 0.7670454545454546 0.7670454545454546 0.7556818181818182 0.7670454545454546 0.7556818181818182 0.7869318181818182 0.7670454545454546 0.7869318181818182
19 0.7670454545454546 0.7102272727272729 0.7556818181818182 0.7102272727272729 0.7556818181818182 0.7258522727272729 0.7670454545454546 0.7258522727272729
19 0.8366477272727273 0.7187500000000001 0.828125 0.7187500000000001 0.828125 0.7286931818181818 0.8366477272727273 0.7286931818181818
19 0.8366477272727273 0.4644886363636365 0.828125 0.4644886363636365 0.828125 0.47443181818181834 0.8366477272727273 0.47443181818181834
19 0.7670454545454546 0.4545454545454547 0.7556818181818182 0.4545454545454547 0.7556818181818182 0.46875000000000017 0.7670454545454546 0.46875000000000017
19 0.703125 0.4573863636363638 0.6946022727272727 0.4573863636363638 0.6946022727272727 0.46875000000000017 0.703125 0.46875000000000017
19 0.7727272727272727 0.3480113636363637 0.7585227272727273 0.3480113636363637 0.7585227272727273 0.3636363636363638 0.7727272727272727 0.3636363636363638
19 0.8863636363636364 0.3508522727272728 0.8764204545454546 0.3508522727272728 0.8764204545454546 0.36221590909090917 0.8863636363636364 0.36221590909090917
19 0.8977272727272727 0.8778409090909091 0.8863636363636364 0.8778409090909091 0.8863636363636364 0.8920454545454546 0.8977272727272727 0.8920454545454546
19 0.7698863636363636 0.875 0.7542613636363636 0.875 0.7542613636363636 0.8934659090909091 0.7698863636363636 0.8934659090909091
19 0.559659090909091 0.8764204545454546 0.5454545454545456 0.8764204545454546 0.5454545454545456 0.8948863636363636 0.559659090909091 0.8948863636363636
19 0.4559659090909092 0.8778409090909091 0.4417613636363638 0.8778409090909091 0.4417613636363638 0.8977272727272727 0.4559659090909092 0.8977272727272727
19 0.2571022727272728 0.8849431818181818 0.247159090909091 0.8849431818181818 0.247159090909091 0.9005681818181818 0.2571022727272728 0.9005681818181818
19 0.3480113636363637 0.8792613636363636 0.33664772727272735 0.8792613636363636 0.33664772727272735 0.9019886363636364 0.3480113636363637 0.9019886363636364
19 0.17613636363636373 0.7414772727272727 0.1661931818181819 0.7414772727272727 0.1661931818181819 0.7556818181818182 0.17613636363636373 0.7556818181818182
43 0.06960227272727282 0.7372159090909091 0.05397727272727281 0.7372159090909091 0.05397727272727282 0.7571022727272727 0.06960227272727283 0.7571022727272727
43 0.07102272727272735 0.5553977272727273 0.05397727272727279 0.5553977272727273 0.0539772727272728 0.578125 0.07102272727272735 0.578125
44 0.08238636363636372 0.6434659090909091 0.017045454545454627 0.6434659090909091 0.017045454545454627 0.6917613636363636 0.08238636363636372 0.6917613636363636
44 0.24573863636363644 0.5696022727272727 0.17471590909090917 0.5696022727272727 0.17471590909090917 0.6065340909090909 0.24573863636363644 0.6065340909090909
44 0.30823863636363646 0.8053977272727273 0.26846590909090917 0.8053977272727273 0.26846590909090917 0.8423295454545454 0.30823863636363646 0.8423295454545454
44 0.231534090909091 0.8068181818181818 0.20738636363636373 0.8068181818181818 0.20738636363636373 0.8409090909090909 0.231534090909091 0.8409090909090909
37 0.26562500000000006 0.7755681818181818 0.23437500000000008 0.7755681818181818 0.23437500000000008 0.8636363636363636 0.26562500000000006 0.8636363636363636
44 0.37500000000000017 0.7627840909090909 0.3494318181818183 0.7627840909090909 0.3494318181818183 0.796875 0.37500000000000017 0.796875
44 0.4019886363636365 0.7017045454545454 0.34659090909090917 0.7017045454545454 0.34659090909090917 0.7301136363636364 0.4019886363636365 0.7301136363636364
44 0.43750000000000017 0.7642045454545454 0.41193181818181834 0.7642045454545454 0.41193181818181834 0.7954545454545454 0.43750000000000017 0.7954545454545454
44 0.49289772727272735 0.6448863636363636 0.4502840909090909 0.6448863636363636 0.450284090909091 0.6832386363636364 0.49289772727272746 0.6832386363636364
44 0.484375 0.6136363636363636 0.4502840909090909 0.6136363636363636 0.4502840909090909 0.6420454545454546 0.484375 0.6420454545454546
44 0.6022727272727274 0.7428977272727273 0.575284090909091 0.7428977272727273 0.575284090909091 0.7713068181818182 0.6022727272727274 0.7713068181818182
44 0.6335227272727274 0.7144886363636364 0.5738636363636366 0.7144886363636364 0.5738636363636366 0.7428977272727273 0.6335227272727274 0.7428977272727273
44 0.606534090909091 0.6846590909090909 0.572443181818182 0.6846590909090909 0.572443181818182 0.7130681818181818 0.606534090909091 0.7130681818181818
44 0.6278409090909093 0.8082386363636364 0.5738636363636366 0.8082386363636364 0.5738636363636366 0.8565340909090909 0.6278409090909093 0.8565340909090909
44 0.6875000000000001 0.828125 0.6562500000000001 0.828125 0.6562500000000001 0.8622159090909091 0.6875000000000001 0.8622159090909091
44 0.5369318181818183 0.8238636363636364 0.47727272727272746 0.8238636363636364 0.47727272727272746 0.8579545454545454 0.5369318181818183 0.8579545454545454
44 0.5241477272727274 0.9090909090909091 0.5000000000000001 0.9090909090909091 0.5000000000000001 0.9375 0.5241477272727274 0.9375
44 0.6107954545454547 0.9119318181818182 0.5866477272727274 0.9119318181818182 0.5866477272727274 0.9346590909090909 0.6107954545454547 0.9346590909090909
44 0.684659090909091 0.9005681818181818 0.6605113636363638 0.9005681818181818 0.6605113636363638 0.9303977272727273 0.684659090909091 0.9303977272727273
44 0.8196022727272727 0.7428977272727273 0.7741477272727273 0.7428977272727273 0.7741477272727273 0.7826704545454546 0.8196022727272727 0.7826704545454546
44 0.7457386363636364 0.622159090909091 0.7201704545454546 0.622159090909091 0.7201704545454546 0.6477272727272729 0.7457386363636364 0.6477272727272729
44 0.9730113636363636 0.6008522727272729 0.9034090909090909 0.6008522727272729 0.9034090909090909 0.6434659090909093 0.9730113636363636 0.6434659090909093
44 0.8650568181818182 0.681818181818182 0.8451704545454546 0.681818181818182 0.8451704545454546 0.713068181818182 0.8650568181818182 0.713068181818182
44 0.8778409090909091 0.6576704545454547 0.8465909090909091 0.6576704545454547 0.8465909090909091 0.6803977272727274 0.8778409090909091 0.6803977272727274
44 0.8622159090909091 0.5213068181818183 0.8366477272727273 0.5213068181818183 0.8366477272727273 0.5525568181818183 0.8622159090909091 0.5525568181818183
44 0.8707386363636364 0.463068181818182 0.8352272727272727 0.463068181818182 0.8352272727272727 0.49715909090909105 0.8707386363636364 0.49715909090909105
44 0.734375 0.544034090909091 0.6747159090909091 0.544034090909091 0.6747159090909091 0.5696022727272729 0.734375 0.5696022727272729
53 0.90625 0.5511363636363638 0.8579545454545454 0.5511363636363638 0.8579545454545454 0.619318181818182 0.90625 0.619318181818182
4 0.8480113636363636 0.49289772727272746 0.8096590909090909 0.49289772727272746 0.8096590909090909 0.5213068181818183 0.8480113636363636 0.5213068181818183
37 0.8480113636363636 0.6306818181818183 0.8125 0.6306818181818183 0.8125 0.713068181818182 0.8480113636363636 0.713068181818182
50 0.796875 0.5553977272727274 0.7329545454545454 0.5553977272727274 0.7329545454545454 0.6150568181818183 0.796875 0.6150568181818183
19 0.25284090909090917 0.44886363636363635 0.24289772727272735 0.44886363636363635 0.24289772727272735 0.46448863636363635 0.25284090909090917 0.46448863636363635
19 0.35511363636363646 0.44886363636363635 0.34375000000000006 0.44886363636363635 0.34375000000000006 0.46732954545454547 0.35511363636363646 0.46732954545454547
4 0.6150568181818183 0.8565340909090909 0.5937500000000001 0.8565340909090909 0.5937500000000001 0.9119318181818182 0.6150568181818183 0.9119318181818182
37 0.7059659090909093 0.8622159090909091 0.6420454545454547 0.8622159090909091 0.6420454545454547 0.9048295454545454 0.7059659090909093 0.9048295454545454
19 0.453125 0.34659090909090917 0.4431818181818182 0.34659090909090917 0.4431818181818182 0.36079545454545464 0.453125 0.36079545454545464
19 0.5625 0.3480113636363637 0.546875 0.3480113636363637 0.546875 0.3650568181818182 0.5625 0.3650568181818182
19 0.17755681818181826 0.5568181818181818 0.16761363636363644 0.5568181818181818 0.16761363636363644 0.5681818181818182 0.17755681818181826 0.5681818181818182
8 0.5198863636363638 0.859375 0.49005681818181834 0.859375 0.49005681818181834 0.9161931818181818 0.5198863636363638 0.9161931818181818
49 0.25142045454545464 0.6164772727272727 0.18323863636363644 0.6164772727272727 0.18323863636363644 0.7059659090909091 0.25142045454545464 0.7059659090909091
9 0.20738636363636373 0.6164772727272727 0.153409090909091 0.6164772727272727 0.153409090909091 0.7073863636363636 0.20738636363636373 0.7073863636363636
30 0.20738636363636373 0.671875 0.184659090909091 0.671875 0.184659090909091 0.7059659090909091 0.20738636363636373 0.7059659090909091