19 0.4431818181818182 0.6193181818181818 0.43323863636363635 0.6193181818181818 0.43323863636363635 0.6335227272727273 0.4431818181818182 0.6335227272727273
47 0.41051136363636365 0.1889204545454546 0.34375 0.1889204545454546 0.34375 0.2883522727272728 0.41051136363636365 0.2883522727272728
31 0.27840909090909094 0.3068181818181818 0.16477272727272732 0.3068181818181818 0.16477272727272732 0.40482954545454547 0.278409090909091 0.40482954545454547
43 0.09801136363636372 0.5269886363636364 0.08522727272727279 0.5269886363636364 0.08522727272727279 0.5454545454545454 0.09801136363636372 0.5454545454545454
43 0.08664772727272729 0.22727272727272727 0.07102272727272729 0.22727272727272727 0.07102272727272729 0.24431818181818182 0.08664772727272729 0.24431818181818182
43 0.7627840909090909 0.14630681818181826 0.7528409090909091 0.14630681818181826 0.7528409090909091 0.16335227272727282 0.7627840909090909 0.16335227272727282
43 0.7727272727272727 0.184659090909091 0.7599431818181818 0.184659090909091 0.7599431818181818 0.200284090909091 0.7727272727272727 0.200284090909091
44 0.8025568181818182 0.15198863636363644 0.765625 0.15198863636363644 0.765625 0.1818181818181819 0.8025568181818182 0.1818181818181819
44 0.9616477272727273 0.28977272727272735 0.8977272727272727 0.28977272727272735 0.8977272727272727 0.325284090909091 0.9616477272727273 0.325284090909091
44 0.8920454545454546 0.35227272727272735 0.8693181818181818 0.35227272727272735 0.8693181818181818 0.3707386363636365 0.8920454545454546 0.3707386363636365
44 0.9190340909090909 0.37215909090909105 0.8821022727272727 0.37215909090909105 0.8821022727272727 0.39914772727272746 0.9190340909090909 0.39914772727272746
44 0.9318181818181818 0.45312500000000017 0.9076704545454546 0.45312500000000017 0.9076704545454546 0.4801136363636365 0.9318181818181818 0.4801136363636365
44 0.9488636363636364 0.4886363636363638 0.9176136363636364 0.4886363636363638 0.9176136363636364 0.5213068181818183 0.9488636363636364 0.5213068181818183
44 0.8082386363636364 0.46732954545454564 0.7556818181818182 0.46732954545454564 0.7556818181818182 0.494318181818182 0.8082386363636364 0.494318181818182
44 0.8125 0.39062500000000017 0.7840909090909091 0.39062500000000017 0.7840909090909091 0.41477272727272746 0.8125 0.41477272727272746
44 0.6264204545454546 0.058238636363636444 0.6022727272727273 0.058238636363636444 0.6022727272727273 0.08238636363636372 0.6264204545454546 0.08238636363636372
44 0.6875 0.05397727272727281 0.6661931818181818 0.05397727272727281 0.6661931818181818 0.08096590909090917 0.6875 0.08096590909090917
44 0.6974431818181818 0.11221590909090917 0.6747159090909091 0.11221590909090917 0.6747159090909091 0.13636363636363644 0.6974431818181818 0.13636363636363644
44 0.6434659090909091 0.13068181818181826 0.6022727272727273 0.13068181818181826 0.6022727272727273 0.15909090909090917 0.6434659090909091 0.15909090909090917
44 0.5738636363636364 0.14488636363636373 0.5298295454545454 0.14488636363636373 0.5298295454545454 0.17187500000000008 0.5738636363636364 0.17187500000000008
44 0.5525568181818182 0.06250000000000006 0.5298295454545454 0.06250000000000006 0.5298295454545454 0.08948863636363642 0.5525568181818182 0.08948863636363642
44 0.4247159090909091 0.19318181818181826 0.4034090909090909 0.19318181818181826 0.4034090909090909 0.2201704545454546 0.4247159090909091 0.2201704545454546
44 0.46875 0.24857954545454553 0.4119318181818182 0.24857954545454553 0.4119318181818182 0.278409090909091 0.46875 0.278409090909091
44 0.3053977272727273 0.12500000000000003 0.2684659090909091 0.12500000000000003 0.2684659090909091 0.16335227272727276 0.3053977272727273 0.16335227272727276
44 0.2372159090909091 0.11363636363636367 0.2159090909090909 0.11363636363636367 0.2159090909090909 0.15056818181818185 0.2372159090909091 0.15056818181818185
44 0.5269886363636364 0.28267045454545464 0.5056818181818182 0.28267045454545464 0.5056818181818182 0.3039772727272728 0.5269886363636364 0.3039772727272728
44 0.5823863636363636 0.35937500000000006 0.5511363636363636 0.35937500000000006 0.5511363636363636 0.3835227272727273 0.5823863636363636 0.3835227272727273
44 0.5809659090909091 0.3806818181818182 0.5539772727272727 0.3806818181818182 0.5539772727272727 0.40482954545454547 0.5809659090909091 0.40482954545454547
44 0.6633522727272727 0.25284090909090917 0.6420454545454546 0.25284090909090917 0.6420454545454546 0.2755681818181819 0.6633522727272727 0.2755681818181819
44 0.6974431818181818 0.2698863636363637 0.6534090909090909 0.2698863636363637 0.6534090909090909 0.294034090909091 0.6974431818181818 0.294034090909091
44 0.6789772727272727 0.294034090909091 0.65625 0.294034090909091 0.65625 0.3196022727272728 0.6789772727272727 0.3196022727272728
44 0.09090909090909095 0.3380681818181818 0.011363636363636404 0.3380681818181818 0.011363636363636409 0.39204545454545453 0.09090909090909095 0.39204545454545453
44 0.5071022727272727 0.5639204545454546 0.4815340909090909 0.5639204545454546 0.4815340909090909 0.5994318181818182 0.5071022727272727 0.5994318181818182
44 0.5355113636363638 0.6363636363636364 0.48295454545454547 0.6363636363636364 0.4829545454545455 0.6690340909090909 0.5355113636363638 0.6690340909090909
5 0.5951704545454546 0.5951704545454546 0.5852272727272727 0.5951704545454546 0.5852272727272727 0.609375 0.5951704545454546 0.609375
5 0.6860795454545454 0.5738636363636366 0.6747159090909091 0.5738636363636366 0.6747159090909091 0.5866477272727274 0.6860795454545454 0.5866477272727274
19 0.7173295454545456 0.6875000000000001 0.7059659090909093 0.6875000000000001 0.7059659090909093 0.7045454545454547 0.7173295454545456 0.7045454545454547
19 0.6235795454545456 0.7088068181818182 0.6107954545454547 0.7088068181818182 0.6107954545454547 0.7258522727272727 0.6235795454545456 0.7258522727272727
19 0.9957386363636364 0.6079545454545456 0.9857954545454546 0.6079545454545456 0.9857954545454546 0.6207386363636366 0.9957386363636364 0.6207386363636366
19 0.8380681818181818 0.2798295454545455 0.8295454545454546 0.2798295454545455 0.8295454545454546 0.2911931818181819 0.8380681818181818 0.2911931818181819
19 0.7926136363636364 0.28977272727272735 0.7826704545454546 0.28977272727272735 0.7826704545454546 0.3039772727272728 0.7926136363636364 0.3039772727272728
19 0.8252840909090909 0.0781250000000001 0.8153409090909091 0.0781250000000001 0.8153409090909091 0.09232954545454555 0.8252840909090909 0.09232954545454558
19 0.7542613636363636 0.08380681818181829 0.7443181818181818 0.08380681818181829 0.7443181818181818 0.09801136363636372 0.7542613636363636 0.09801136363636372
19 0.5923295454545454 0.11079545454545463 0.5823863636363636 0.11079545454545463 0.5823863636363636 0.1264204545454546 0.5923295454545454 0.1264204545454546
19 0.5142045454545454 0.11505681818181826 0.5042613636363636 0.11505681818181826 0.5042613636363636 0.1264204545454546 0.5142045454545454 0.1264204545454546
8 0.5667613636363636 0.09517045454545463 0.5326704545454546 0.09517045454545463 0.5326704545454546 0.14488636363636373 0.5667613636363636 0.14488636363636373
8 0.6534090909090909 0.26704545454545464 0.6022727272727273 0.26704545454545464 0.6022727272727273 0.3323863636363637 0.6534090909090909 0.3323863636363637
3 0.5582386363636364 0.30823863636363646 0.5184659090909091 0.30823863636363646 0.5184659090909091 0.35511363636363646 0.5582386363636364 0.35511363636363646
44 0.23011363636363644 0.4005681818181818 0.19886363636363644 0.4005681818181818 0.19886363636363644 0.43892045454545453 0.23011363636363644 0.43892045454545453
44 0.25284090909090917 0.4303977272727273 0.20170454545454553 0.4303977272727273 0.20170454545454553 0.46732954545454547 0.25284090909090917 0.46732954545454547
19 0.1846590909090909 0.23295454545454544 0.17613636363636367 0.23295454545454544 0.17613636363636367 0.24431818181818182 0.1846590909090909 0.24431818181818182
19 0.26704545454545453 0.2471590909090909 0.25426136363636365 0.2471590909090909 0.25426136363636365 0.26420454545454547 0.26704545454545453 0.26420454545454547
19 0.25426136363636365 0.07528409090909094 0.2471590909090909 0.07528409090909093 0.2471590909090909 0.08522727272727276 0.25426136363636365 0.08522727272727276
37 0.2684659090909091 0.10085227272727276 0.23863636363636365 0.10085227272727276 0.23863636363636365 0.1903409090909091 0.2684659090909091 0.1903409090909091
19 0.38920454545454547 0.10085227272727276 0.3806818181818182 0.10085227272727276 0.3806818181818182 0.11505681818181822 0.38920454545454547 0.11505681818181822
19 0.309659090909091 0.6590909090909091 0.29829545454545464 0.6590909090909091 0.29829545454545464 0.6747159090909091 0.309659090909091 0.6747159090909091
19 0.8792613636363636 0.5326704545454547 0.8693181818181818 0.5326704545454547 0.8693181818181818 0.5454545454545456 0.8792613636363636 0.5454545454545456
19 0.8096590909090909 0.5369318181818183 0.8025568181818182 0.5369318181818183 0.8025568181818182 0.5497159090909093 0.8096590909090909 0.5497159090909093
53 0.9005681818181818 0.31392045454545464 0.8707386363636364 0.31392045454545464 0.8707386363636364 0.34375000000000006 0.9005681818181818 0.34375000000000006
37 0.890625 0.356534090909091 0.8536931818181818 0.356534090909091 0.8536931818181818 0.4289772727272729 0.890625 0.4289772727272729
4 0.6363636363636364 0.08664772727272735 0.6107954545454546 0.08664772727272735 0.6107954545454546 0.13210227272727282 0.6363636363636364 0.13210227272727282
37 0.7173295454545454 0.07670454545454554 0.6534090909090909 0.07670454545454554 0.6534090909090909 0.11789772727272735 0.7173295454545454 0.11789772727272735
4 0.9261363636363636 0.48153409090909105 0.890625 0.48153409090909105 0.890625 0.5056818181818183 0.9261363636363636 0.5056818181818183
50 0.8565340909090909 0.4133522727272729 0.7897727272727273 0.4133522727272729 0.7897727272727273 0.4715909090909092 0.8565340909090909 0.4715909090909092
37 0.5454545454545454 0.5923295454545454 0.46875 0.5923295454545454 0.46875 0.640625 0.5454545454545454 0.640625
19 0.20596590909090917 0.5113636363636364 0.19460227272727282 0.5113636363636364 0.19460227272727282 0.5269886363636364 0.20596590909090917 0.5269886363636364
19 0.921875 0.5213068181818183 0.9147727272727273 0.5213068181818183 0.9147727272727273 0.5312500000000001 0.921875 0.5312500000000001
9 0.22443181818181823 0.3153409090909091 0.16903409090909094 0.3153409090909091 0.16903409090909094 0.3963068181818182 0.22443181818181826 0.3963068181818182
49 0.2741477272727273 0.30823863636363635 0.20454545454545456 0.30823863636363635 0.20454545454545459 0.4034090909090909 0.27414772727272735 0.4034090909090909
30 0.22443181818181823 0.31676136363636365 0.20454545454545456 0.31676136363636365 0.20454545454545459 0.34232954545454547 0.22443181818181826 0.34232954545454547