55 0.27130681818181823 0.24289772727272727 0.11363636363636367 0.24289772727272727 0.11363636363636367 0.4375 0.2713068181818183 0.4375
37 0.4715909090909091 0.12642045454545459 0.3622159090909091 0.12642045454545459 0.3622159090909091 0.19176136363636373 0.4715909090909091 0.19176136363636373
4 0.6605113636363636 0.2954545454545455 0.5596590909090909 0.2954545454545455 0.5596590909090909 0.387784090909091 0.6605113636363636 0.38778409090909105
37 0.8224431818181818 0.22301136363636373 0.7755681818181818 0.22301136363636373 0.7755681818181818 0.3011363636363637 0.8224431818181818 0.3011363636363637
9 0.8863636363636364 0.39062500000000017 0.7769886363636364 0.39062500000000017 0.7769886363636364 0.46732954545454564 0.8863636363636364 0.46732954545454564
19 0.21732954545454553 0.5355113636363636 0.19318181818181826 0.5355113636363636 0.19318181818181826 0.5582386363636364 0.21732954545454553 0.5582386363636364
19 0.18892045454545456 0.15909090909090912 0.16477272727272727 0.1590909090909091 0.1647727272727273 0.1875 0.18892045454545456 0.1875
19 0.6193181818181818 0.1661931818181819 0.59375 0.1661931818181819 0.59375 0.19318181818181826 0.6193181818181818 0.19318181818181826
19 0.6278409090909091 0.49857954545454547 0.6079545454545454 0.49857954545454547 0.6079545454545454 0.5298295454545454 0.6278409090909091 0.5298295454545454
19 0.8252840909090909 0.49857954545454564 0.8025568181818182 0.49857954545454564 0.8025568181818182 0.5227272727272729 0.8252840909090909 0.5227272727272729
19 0.8110795454545454 0.17045454545454553 0.7883522727272727 0.17045454545454553 0.7883522727272727 0.1889204545454546 0.8110795454545454 0.1889204545454546
44 0.9786931818181818 0.23011363636363644 0.8338068181818182 0.23011363636363644 0.8338068181818182 0.28267045454545464 0.9786931818181818 0.28267045454545464
44 0.7613636363636364 0.3068181818181819 0.6548295454545454 0.3068181818181819 0.6548295454545454 0.372159090909091 0.7613636363636364 0.37215909090909105
44 0.4971590909090909 0.06676136363636369 0.3835227272727273 0.06676136363636367 0.3835227272727273 0.12784090909090914 0.4971590909090909 0.12784090909090917
44 0.09659090909090913 0.3025568181818182 0.02840909090909095 0.3025568181818182 0.02840909090909095 0.3650568181818182 0.09659090909090913 0.3650568181818182