55 0.24355158664772733 0.26752645454545454 0.09821428551136369 0.26752645454545454 0.09821428551136369 0.4484126988636364 0.24355158664772736 0.4484126988636364
37 0.4523809517045454 0.14947089914772732 0.3258928565340909 0.14947089914772732 0.3258928565340909 0.21230158664772733 0.4523809517045454 0.21230158664772736
4 0.6311073906249999 0.3995122357954545 0.624825370504615 0.31789248792048536 0.5357474364968803 0.3247485416120029 0.5420294566172653 0.4063682894869721
37 0.8043154758522728 0.23115079403409097 0.7621527784090909 0.23115079403409097 0.7621527784090909 0.3167989417613637 0.8043154758522728 0.3167989417613637
9 0.8826884914772727 0.40740740767045475 0.7609126988636364 0.40740740767045475 0.7609126988636364 0.4861111107954547 0.8826884914772727 0.4861111107954547
19 0.17237103125000003 0.1875 0.14484126988636367 0.1875 0.14484126988636367 0.21693121732954543 0.17237103125000003 0.21693121732954543
19 0.593998015625 0.18022486789772738 0.5704365085227273 0.18022486789772738 0.5704365085227273 0.2185846562500001 0.593998015625 0.2185846562500001
19 0.8137400795454546 0.5198412698863638 0.7899305553977274 0.5198412698863638 0.7899305553977274 0.5416666661931819 0.8137400795454546 0.5416666661931819
19 0.7971230156250001 0.18055555539772736 0.7755456349431817 0.18055555539772736 0.7755456349431817 0.20271164062500005 0.7971230156250001 0.20271164062500005
19 0.6108630951704546 0.516203703125 0.5835813494318182 0.516203703125 0.5835813494318182 0.5545634914772727 0.6108630951704546 0.5545634914772727
19 0.19841269886363644 0.5492724872159092 0.168402778409091 0.5492724872159092 0.168402778409091 0.5843253963068181 0.19841269886363644 0.5843253963068181
44 0.0771329360795455 0.3247354502840909 0.009176586647727313 0.3247354502840909 0.009176586647727317 0.3822751321022727 0.0771329360795455 0.3822751321022727
44 0.4699900795454546 0.08829365056818186 0.35515873011363636 0.08829365056818185 0.35515873011363636 0.1455026448863637 0.4699900795454546 0.1455026448863637
44 0.7467757940340909 0.31613756676136373 0.6304563494318182 0.31613756676136373 0.6304563494318182 0.3945105823863637 0.7467757940340909 0.39451058238636383
44 0.9928075397727273 0.24140211647727286 0.825396825284091 0.2414021164772728 0.825396825284091 0.29497354545454557 0.9928075397727273 0.2949735454545456