55 0.23153409090909094 0.24289772727272727 0.10369318181818186 0.24289772727272727 0.10369318181818186 0.40625 0.231534090909091 0.40625
37 0.40767045454545453 0.12784090909090914 0.27982954545454547 0.12784090909090914 0.27982954545454547 0.2017045454545455 0.40767045454545453 0.20170454545454553
4 0.5795454545454546 0.2911931818181819 0.4815340909090909 0.2911931818181819 0.4815340909090909 0.3721590909090909 0.5795454545454546 0.3721590909090909
37 0.765625 0.19886363636363644 0.7130681818181818 0.19886363636363644 0.7130681818181818 0.2883522727272728 0.765625 0.2883522727272728
9 0.8394886363636364 0.3920454545454547 0.7088068181818182 0.3920454545454547 0.7088068181818182 0.46732954545454564 0.8394886363636364 0.46732954545454564
44 0.42329545454545453 0.07386363636363641 0.31392045454545453 0.07386363636363641 0.31392045454545453 0.12642045454545459 0.42329545454545453 0.12642045454545459
44 0.6931818181818182 0.28977272727272735 0.578125 0.28977272727272735 0.578125 0.36789772727272735 0.6931818181818182 0.36789772727272746
44 0.9744318181818182 0.21164772727272735 0.7869318181818182 0.21164772727272735 0.7869318181818182 0.2642045454545455 0.9744318181818182 0.2642045454545455
44 0.09517045454545459 0.2940340909090909 0.0426136363636364 0.2940340909090909 0.0426136363636364 0.34801136363636365 0.09517045454545459 0.34801136363636365
19 0.18039772727272732 0.4943181818181818 0.16477272727272732 0.4943181818181818 0.16477272727272732 0.515625 0.18039772727272735 0.515625
19 0.16193181818181823 0.17329545454545456 0.14204545454545459 0.17329545454545456 0.14204545454545459 0.19744318181818182 0.16193181818181823 0.19744318181818182
19 0.5497159090909091 0.4900568181818182 0.5269886363636364 0.4900568181818182 0.5269886363636364 0.515625 0.5497159090909091 0.515625
19 0.5355113636363636 0.15625000000000008 0.5170454545454546 0.15625000000000008 0.5170454545454546 0.18039772727272735 0.5355113636363636 0.18039772727272735
19 0.7542613636363636 0.14914772727272735 0.734375 0.14914772727272735 0.734375 0.17045454545454553 0.7542613636363636 0.17045454545454553
19 0.7613636363636364 0.5000000000000001 0.7414772727272727 0.5000000000000001 0.7414772727272727 0.5227272727272729 0.7613636363636364 0.5227272727272729