55 0.4857954545454547 0.7230113636363636 0.3423295454545455 0.7230113636363636 0.3423295454545455 0.8451704545454546 0.4857954545454547 0.8451704545454546
37 0.5639204545454546 0.5653409090909091 0.5127840909090909 0.5653409090909091 0.5127840909090909 0.6420454545454546 0.5639204545454546 0.6420454545454546
4 0.453125 0.46448863636363635 0.37642045454545453 0.46448863636363635 0.37642045454545453 0.5667613636363636 0.453125 0.5667613636363636
37 0.4914772727272727 0.23863636363636373 0.4190340909090909 0.23863636363636373 0.4190340909090909 0.2954545454545455 0.4914772727272727 0.2954545454545455
9 0.3693181818181818 0.16335227272727276 0.3039772727272727 0.16335227272727276 0.3039772727272727 0.30255681818181823 0.3693181818181818 0.3025568181818183
19 0.26988636363636365 0.23579545454545456 0.23863636363636365 0.23579545454545456 0.23863636363636365 0.26704545454545453 0.26988636363636365 0.26704545454545453
19 0.5440340909090909 0.24857954545454553 0.5198863636363636 0.24857954545454553 0.5198863636363636 0.27698863636363646 0.5440340909090909 0.27698863636363646
19 0.546875 0.5 0.515625 0.5 0.515625 0.5340909090909091 0.546875 0.5340909090909091
19 0.28125000000000006 0.5071022727272727 0.2443181818181819 0.5071022727272727 0.2443181818181819 0.5383522727272727 0.28125000000000006 0.5383522727272727
19 0.26562500000000006 0.765625 0.22585227272727282 0.765625 0.22585227272727282 0.8039772727272727 0.26562500000000006 0.8039772727272727
19 0.5539772727272729 0.7585227272727273 0.5198863636363638 0.7585227272727273 0.5198863636363638 0.7940340909090909 0.5539772727272729 0.7940340909090909
44 0.45028409090909105 0.8465909090909091 0.3934659090909092 0.8465909090909091 0.3934659090909092 0.9090909090909091 0.45028409090909105 0.9090909090909091
44 0.6207386363636364 0.4900568181818182 0.5724431818181818 0.4900568181818182 0.5724431818181818 0.6150568181818182 0.6207386363636364 0.6150568181818182
44 0.4431818181818182 0.34375000000000006 0.37357954545454547 0.34375000000000006 0.37357954545454547 0.4616477272727273 0.4431818181818182 0.4616477272727273
44 0.5255681818181818 0.026988636363636423 0.4630681818181818 0.026988636363636423 0.4630681818181818 0.23437500000000008 0.5255681818181818 0.23437500000000008