55 0.39914772727272746 0.7315340909090909 0.23437500000000008 0.7315340909090909 0.23437500000000008 0.8707386363636364 0.39914772727272746 0.8707386363636364
37 0.1889204545454546 0.5553977272727273 0.13068181818181826 0.5553977272727273 0.13068181818181826 0.6463068181818182 0.1889204545454546 0.6463068181818182
4 0.37073863636363635 0.3806818181818182 0.2713068181818183 0.3806818181818182 0.2713068181818183 0.4786931818181818 0.37073863636363635 0.4786931818181818
37 0.2869318181818182 0.22443181818181818 0.20454545454545456 0.22443181818181818 0.20454545454545456 0.26704545454545453 0.2869318181818182 0.26704545454545453
9 0.46448863636363635 0.12926136363636367 0.37926136363636365 0.12926136363636367 0.37926136363636365 0.2542613636363637 0.46448863636363635 0.2542613636363637
19 0.5269886363636364 0.1974431818181819 0.49857954545454547 0.1974431818181819 0.49857954545454547 0.21732954545454553 0.5269886363636364 0.21732954545454553
19 0.5241477272727273 0.4090909090909091 0.4928977272727273 0.4090909090909091 0.4928977272727273 0.43323863636363635 0.5241477272727273 0.43323863636363635
19 0.184659090909091 0.42613636363636365 0.15909090909090914 0.42613636363636365 0.15909090909090914 0.4460227272727273 0.184659090909091 0.4460227272727273
19 0.18181818181818182 0.23863636363636365 0.15909090909090914 0.23863636363636365 0.15909090909090914 0.26136363636363635 0.18181818181818182 0.26136363636363635
19 0.5326704545454547 0.8125 0.5028409090909093 0.8125 0.5028409090909093 0.8309659090909091 0.5326704545454547 0.8309659090909091
19 0.19176136363636373 0.7798295454545454 0.16193181818181826 0.7798295454545454 0.16193181818181826 0.8011363636363636 0.19176136363636373 0.8011363636363636
44 0.3323863636363637 0.8778409090909091 0.2698863636363637 0.8778409090909091 0.2698863636363637 0.9318181818181818 0.3323863636363637 0.9318181818181818
44 0.1349431818181819 0.53125 0.08948863636363642 0.53125 0.08948863636363644 0.6235795454545454 0.1349431818181819 0.6235795454545454
44 0.35937500000000006 0.2755681818181819 0.2883522727272727 0.2755681818181818 0.28835227272727276 0.39204545454545453 0.35937500000000006 0.39204545454545453
44 0.2627840909090909 0.0397727272727273 0.21164772727272727 0.0397727272727273 0.21164772727272727 0.21164772727272727 0.2627840909090909 0.21164772727272727