0 0.199318 0.307784 0.298764 0.307784 0.298764 0.316065 0.199318 0.316065
0 0.145881 0.305014 0.193793 0.305014 0.193793 0.317912 0.145881 0.317912
0 0.787685 0.435767 0.796889 0.435767 0.796889 0.525085 0.787685 0.525085
0 0.795978 0.365469 0.805136 0.366400 0.799647 0.420440 0.790489 0.419510
0 0.791813 0.306049 0.800061 0.305761 0.801184 0.337914 0.792936 0.338202
0 0.687315 0.297656 0.785838 0.297656 0.785838 0.304105 0.687315 0.304105
0 0.568537 0.298580 0.679034 0.298580 0.679034 0.305937 0.568537 0.305937
0 0.424837 0.305047 0.558293 0.301319 0.558473 0.307766 0.425017 0.311493
0 0.116449 0.537969 0.233381 0.537969 0.233381 0.547188 0.116449 0.547188
0 0.305199 0.307784 0.332827 0.307784 0.332827 0.313310 0.305199 0.313310
0 0.346634 0.305937 0.417543 0.305937 0.417543 0.313310 0.346634 0.313310
0 0.333807 0.312386 0.341108 0.312386 0.341108 0.345540 0.333807 0.345540
0 0.238842 0.538606 0.568360 0.529977 0.568601 0.539178 0.239083 0.547807
0 0.573153 0.530611 0.684560 0.530611 0.684560 0.537969 0.573153 0.537969
0 0.692841 0.527841 0.790440 0.527841 0.790440 0.537969 0.692841 0.537969
0 0.673509 0.423793 0.689162 0.423793 0.689162 0.525085 0.673509 0.525085
0 0.673252 0.309014 0.685201 0.308493 0.689418 0.405077 0.677469 0.405598
0 0.566679 0.442871 0.577707 0.443584 0.572241 0.528109 0.561213 0.527396
0 0.381584 0.436522 0.541761 0.433167 0.541897 0.439614 0.381719 0.442970
0 0.422051 0.403991 0.567462 0.399422 0.567722 0.407699 0.422311 0.412269
0 0.122898 0.452344 0.238920 0.452344 0.238920 0.459702 0.122898 0.459702
0 0.276076 0.455792 0.283419 0.456447 0.279080 0.505061 0.271737 0.504405
0 0.286790 0.425639 0.342031 0.425639 0.342031 0.437614 0.286790 0.437614
0 0.249006 0.424716 0.274815 0.424716 0.274815 0.433935 0.249006 0.433935
0 0.137628 0.319759 0.147756 0.319759 0.147756 0.353821 0.137628 0.353821
0 0.186050 0.315808 0.193384 0.316566 0.188651 0.362359 0.181318 0.361601
0 0.563011 0.359347 0.574986 0.359347 0.574986 0.395256 0.563011 0.395256
