0 0.277415 0.329793 0.377164 0.333800 0.376477 0.350903 0.276728 0.346896
0 0.423320 0.334039 0.498594 0.341022 0.497276 0.355222 0.422003 0.348239
0 0.642741 0.344886 0.733494 0.344886 0.733494 0.356435 0.642741 0.356435
0 0.746690 0.343239 0.827557 0.343239 0.827557 0.354787 0.746690 0.354787
0 0.817288 0.424518 0.828442 0.427507 0.813068 0.484886 0.801913 0.481897
0 0.790483 0.500426 0.804815 0.500426 0.804815 0.587969 0.790483 0.587969
0 0.312216 0.584787 0.622585 0.584787 0.622585 0.593537 0.312216 0.593537
0 0.628153 0.586378 0.718878 0.586378 0.718878 0.592741 0.628153 0.592741
0 0.515213 0.346051 0.636364 0.346051 0.636364 0.360185 0.515213 0.360185
0 0.721509 0.480405 0.730254 0.480710 0.726587 0.585703 0.717843 0.585398
0 0.348730 0.502429 0.354177 0.503166 0.347449 0.552926 0.342002 0.552189
0 0.359091 0.470938 0.412060 0.470938 0.412060 0.480554 0.359091 0.480554
0 0.220156 0.327869 0.266250 0.327869 0.266250 0.341619 0.220156 0.341619
0 0.211239 0.337083 0.221499 0.338125 0.217397 0.378500 0.207138 0.377457
0 0.260601 0.344777 0.268057 0.346011 0.260194 0.393504 0.252739 0.392270
0 0.182330 0.587173 0.302003 0.587173 0.302003 0.596804 0.182330 0.596804
0 0.178892 0.556222 0.188523 0.556222 0.188523 0.583040 0.178892 0.583040
0 0.191278 0.547969 0.306136 0.547969 0.306136 0.558963 0.191278 0.558963
0 0.191960 0.496449 0.311634 0.496449 0.311634 0.504631 0.191960 0.504631
0 0.454601 0.481156 0.599134 0.483932 0.598851 0.498659 0.454318 0.495884
0 0.497727 0.452145 0.630313 0.452145 0.630313 0.465966 0.497727 0.465966
0 0.153655 0.497886 0.162828 0.498656 0.158589 0.549132 0.149417 0.548361
0 0.630652 0.496965 0.640708 0.498164 0.630896 0.580450 0.620840 0.579251
0 0.719602 0.357315 0.738040 0.357315 0.738040 0.462273 0.719602 0.462273
