0 0.589801 0.674730 0.634176 0.674730 0.634176 0.685824 0.589801 0.685824
0 0.343257 0.569049 0.537749 0.544824 0.539271 0.557045 0.344780 0.581270
0 0.236862 0.441204 0.306708 0.433493 0.307925 0.444520 0.238079 0.452231
0 0.136253 0.451445 0.188855 0.442359 0.190821 0.453739 0.138219 0.462825
0 0.086463 0.453295 0.132670 0.453295 0.132670 0.464844 0.086463 0.464844
0 0.610272 0.564873 0.629443 0.559915 0.658364 0.671747 0.639194 0.676705
0 0.571055 0.415157 0.592137 0.411211 0.615764 0.537457 0.594681 0.541402
0 0.703703 0.405408 0.722601 0.403255 0.731567 0.481950 0.712669 0.484103
0 0.723743 0.512208 0.747924 0.506891 0.781214 0.658303 0.757033 0.663620
0 0.133822 0.722168 0.241976 0.709272 0.243735 0.724025 0.135581 0.736922
0 0.315834 0.432894 0.504175 0.411435 0.505857 0.426197 0.317516 0.447656
0 0.251400 0.705861 0.580808 0.667747 0.583273 0.689054 0.253866 0.727168
0 0.508103 0.415438 0.571880 0.408959 0.572877 0.418767 0.509100 0.425245
0 0.209864 0.543724 0.226782 0.540313 0.235065 0.581390 0.218147 0.584801
0 0.102021 0.547195 0.114400 0.544924 0.127070 0.613955 0.114691 0.616227
0 0.555204 0.614683 0.569467 0.610782 0.583504 0.662092 0.569241 0.665994
0 0.663535 0.670862 0.766846 0.663819 0.767516 0.673655 0.664205 0.680698
