0 0.814190 0.377486 0.824176 0.377486 0.824176 0.430256 0.814190 0.430256
0 0.326435 0.473054 0.366364 0.473054 0.366364 0.485881 0.326435 0.485881
0 0.377640 0.471888 0.594226 0.462810 0.594703 0.474206 0.378118 0.483284
0 0.173835 0.467344 0.186662 0.467344 0.186662 0.504418 0.173835 0.504418
0 0.185241 0.644190 0.342116 0.644190 0.342116 0.655597 0.185241 0.655597
0 0.168182 0.530099 0.185241 0.530099 0.185241 0.645611 0.168182 0.645611
0 0.176676 0.391747 0.362088 0.391747 0.362088 0.408864 0.176676 0.408864
0 0.802784 0.454503 0.829886 0.454503 0.829886 0.635639 0.802784 0.635639
0 0.341726 0.650185 0.817987 0.641040 0.818289 0.656733 0.342027 0.665878
0 0.375981 0.373389 0.812119 0.358921 0.812641 0.374651 0.376503 0.389119
