0 0.335455 0.249148 0.360199 0.249148 0.360199 0.387756 0.335455 0.387756
0 0.413916 0.221099 0.485345 0.208118 0.488002 0.222736 0.416572 0.235717
0 0.387201 0.096944 0.403682 0.097836 0.399220 0.180230 0.382738 0.179337
0 0.350284 0.399318 0.366804 0.399318 0.366804 0.458722 0.350284 0.458722
0 0.361296 0.522435 0.416758 0.513948 0.418505 0.525363 0.363043 0.533850
0 0.439418 0.488423 0.495511 0.488423 0.495511 0.506577 0.439418 0.506577
0 0.387668 0.644066 0.499191 0.613975 0.504349 0.633093 0.392826 0.663184
0 0.358551 0.537926 0.375057 0.537926 0.375057 0.618778 0.358551 0.618778
0 0.432901 0.371781 0.490284 0.352134 0.493491 0.361501 0.436108 0.381147
0 0.318949 0.679844 0.332145 0.679844 0.332145 0.803608 0.318949 0.803608
0 0.352553 0.389175 0.416364 0.380888 0.418214 0.395129 0.354403 0.403416
