0 0.484696 0.518086 0.497443 0.521502 0.487193 0.559755 0.474447 0.556339
0 0.679127 0.465066 0.695056 0.469335 0.667024 0.573954 0.651094 0.569685
0 0.575057 0.438253 0.655909 0.438253 0.655909 0.451449 0.575057 0.451449
0 0.324233 0.418466 0.439773 0.418466 0.439773 0.439901 0.324233 0.439901
0 0.454588 0.430000 0.513991 0.430000 0.513991 0.444858 0.454588 0.444858
0 0.302711 0.488965 0.315458 0.492381 0.297899 0.557910 0.285153 0.554494
0 0.195455 0.464659 0.256534 0.464659 0.256534 0.481108 0.195455 0.481108
0 0.558523 0.444858 0.573409 0.444858 0.573409 0.491065 0.558523 0.491065
0 0.500852 0.446506 0.517301 0.446506 0.517301 0.486108 0.500852 0.486108
0 0.439744 0.441563 0.451293 0.441563 0.451293 0.492713 0.439744 0.492713
0 0.427011 0.509992 0.439771 0.513411 0.427308 0.559923 0.414548 0.556504
0 0.540398 0.515810 0.553608 0.515810 0.553608 0.563665 0.540398 0.563665
0 0.707074 0.401946 0.824233 0.401946 0.824233 0.415156 0.707074 0.415156
