0 0.500469 0.523068 0.516974 0.523068 0.516974 0.574233 0.500469 0.574233
0 0.231491 0.407557 0.351946 0.407557 0.351946 0.420767 0.231491 0.420767
0 0.618758 0.437377 0.739985 0.424421 0.741739 0.440833 0.620512 0.453789
0 0.759545 0.498324 0.776051 0.498324 0.776051 0.567628 0.759545 0.567628
0 0.361610 0.471049 0.377845 0.468070 0.397509 0.575215 0.381275 0.578194
0 0.398153 0.442216 0.479020 0.442216 0.479020 0.455412 0.398153 0.455412
0 0.549972 0.442216 0.609375 0.442216 0.609375 0.455412 0.549972 0.455412
0 0.479095 0.455299 0.495402 0.452746 0.502041 0.495141 0.485734 0.497695
0 0.537368 0.449891 0.550445 0.448123 0.555970 0.488987 0.542893 0.490755
0 0.612685 0.447173 0.622585 0.447173 0.622585 0.503267 0.612685 0.503267
0 0.564830 0.529673 0.579673 0.529673 0.579673 0.574233 0.564830 0.574233
0 0.619520 0.522564 0.633858 0.518723 0.647085 0.568089 0.632747 0.571931
0 0.810616 0.467464 0.877558 0.485401 0.874143 0.498147 0.807200 0.480210
