0 0.145881 0.352358 0.552315 0.352358 0.552315 0.373750 0.145881 0.373750
0 0.294201 0.445534 0.429084 0.482181 0.425345 0.495943 0.290462 0.459296
0 0.569432 0.355213 0.771946 0.355213 0.771946 0.372330 0.569432 0.372330
0 0.572287 0.446491 0.686378 0.446491 0.686378 0.463608 0.572287 0.463608
0 0.580838 0.580554 0.689233 0.580554 0.689233 0.597670 0.580838 0.597670
0 0.579418 0.520653 0.683523 0.520653 0.683523 0.534915 0.579418 0.534915
0 0.435369 0.519176 0.559375 0.519176 0.559375 0.533523 0.435369 0.533523
0 0.439645 0.583409 0.568011 0.583409 0.568011 0.596250 0.439645 0.596250
0 0.279915 0.581989 0.425384 0.581989 0.425384 0.596250 0.279915 0.596250
0 0.135866 0.584830 0.259943 0.584830 0.259943 0.599091 0.135866 0.599091
0 0.154403 0.516378 0.268509 0.516378 0.268509 0.534915 0.154403 0.534915
0 0.284190 0.519233 0.419673 0.519233 0.419673 0.533494 0.284190 0.533494
0 0.152983 0.442216 0.221435 0.442216 0.221435 0.457898 0.152983 0.457898
0 0.068835 0.433651 0.141563 0.433651 0.141563 0.446491 0.068835 0.446491
0 0.436790 0.482145 0.539474 0.482145 0.539474 0.493551 0.436790 0.493551
0 0.280736 0.483139 0.424654 0.447257 0.427417 0.458338 0.283499 0.494221
