0 0.506991 0.435795 0.519366 0.439111 0.504970 0.492841 0.492594 0.489525
0 0.749595 0.447223 0.763370 0.450914 0.741911 0.531001 0.728136 0.527310
0 0.508696 0.496762 0.720354 0.515652 0.717185 0.551164 0.505526 0.532274
0 0.738623 0.517571 0.890954 0.526622 0.889431 0.552258 0.737100 0.543208
0 0.223125 0.476213 0.393385 0.493508 0.390483 0.522082 0.220223 0.504788
0 0.257652 0.374301 0.395745 0.381779 0.394677 0.401495 0.256584 0.394016
0 0.616491 0.435085 0.742045 0.435085 0.742045 0.457898 0.616491 0.457898
0 0.767670 0.439361 0.873210 0.439361 0.873210 0.462173 0.767670 0.462173
0 0.406847 0.497841 0.490994 0.497841 0.490994 0.514943 0.406847 0.514943
0 0.439645 0.425099 0.499545 0.425099 0.499545 0.439361 0.439645 0.439361
0 0.545185 0.379460 0.600810 0.379460 0.600810 0.395142 0.545185 0.395142
0 0.519517 0.409418 0.603665 0.409418 0.603665 0.429375 0.519517 0.429375
0 0.669261 0.390866 0.717756 0.390866 0.717756 0.406563 0.669261 0.406563
0 0.399716 0.443636 0.413977 0.443636 0.413977 0.489276 0.399716 0.489276
