0 0.582344 0.374517 0.683423 0.374517 0.683423 0.385611 0.582344 0.385611
0 0.231534 0.300298 0.564830 0.300298 0.564830 0.316761 0.231534 0.316761
0 0.577983 0.297017 0.746349 0.297017 0.746349 0.311847 0.577983 0.311847
0 0.595895 0.438622 0.685881 0.438622 0.685881 0.448480 0.595895 0.448480
0 0.595895 0.489148 0.692045 0.489148 0.692045 0.497784 0.595895 0.497784
0 0.480028 0.491619 0.584801 0.491619 0.584801 0.502699 0.480028 0.502699
0 0.472642 0.437386 0.583580 0.437386 0.583580 0.447244 0.472642 0.447244
0 0.340739 0.436151 0.457841 0.436151 0.457841 0.448480 0.340739 0.448480
0 0.229801 0.492898 0.332116 0.492898 0.332116 0.506406 0.229801 0.506406
0 0.341974 0.490341 0.462770 0.490341 0.462770 0.503949 0.341974 0.503949
0 0.237202 0.438622 0.327188 0.438622 0.327188 0.453409 0.237202 0.453409
0 0.342844 0.405866 0.458318 0.380055 0.460224 0.388580 0.344750 0.414391
0 0.354014 0.376950 0.460813 0.406969 0.458145 0.416459 0.351346 0.386440
0 0.260625 0.406563 0.330881 0.406563 0.330881 0.415199 0.260625 0.415199
0 0.165284 0.367670 0.221449 0.367670 0.221449 0.380554 0.165284 0.380554
0 0.238949 0.375028 0.286818 0.375028 0.286818 0.387926 0.238949 0.387926
0 0.475582 0.406335 0.557528 0.406335 0.557528 0.415540 0.475582 0.415540
