0 0.157428 0.384102 0.322973 0.298292 0.333609 0.318810 0.168064 0.404620
0 0.661650 0.330721 0.688388 0.322136 0.729131 0.449037 0.702393 0.457622
0 0.606965 0.187739 0.632453 0.177338 0.671074 0.271977 0.645587 0.282378
0 0.487772 0.214385 0.606170 0.159678 0.615864 0.180657 0.497466 0.235365
0 0.329922 0.293972 0.465903 0.227650 0.477479 0.251383 0.341498 0.317706
0 0.383819 0.550172 0.397794 0.545168 0.433951 0.646149 0.419976 0.651153
0 0.575757 0.460420 0.589736 0.455387 0.615522 0.527009 0.601542 0.532042
0 0.618910 0.512722 0.713825 0.458803 0.726048 0.480318 0.631132 0.534237
0 0.431123 0.631070 0.600881 0.537359 0.613636 0.560464 0.443878 0.654175
0 0.270160 0.740105 0.421717 0.657130 0.433675 0.678972 0.282118 0.761947
0 0.197675 0.586604 0.222613 0.577920 0.276572 0.732870 0.251635 0.741554
0 0.146002 0.409600 0.166182 0.402334 0.186868 0.459789 0.166687 0.467055
0 0.319382 0.333616 0.344410 0.325241 0.375419 0.417918 0.350391 0.426293
0 0.479140 0.244800 0.495616 0.239857 0.529283 0.352075 0.512807 0.357018
