0 0.381662 0.663338 0.723239 0.663338 0.723239 0.694688 0.381662 0.694688
0 0.745885 0.427187 0.760682 0.428534 0.738547 0.671762 0.723750 0.670415
0 0.635208 0.196441 0.741904 0.185603 0.743570 0.202011 0.636875 0.212848
0 0.416335 0.209545 0.513665 0.209545 0.513665 0.229347 0.416335 0.229347
0 0.398153 0.230994 0.416307 0.230994 0.416307 0.325057 0.398153 0.325057
0 0.391563 0.361364 0.409702 0.361364 0.409702 0.414162 0.391563 0.414162
0 0.261193 0.407557 0.391563 0.407557 0.391563 0.437259 0.261193 0.437259
0 0.738097 0.201293 0.759545 0.201293 0.759545 0.303608 0.738097 0.303608
0 0.233139 0.424063 0.252940 0.424063 0.252940 0.504929 0.233139 0.504929
0 0.239744 0.594034 0.262841 0.594034 0.262841 0.650142 0.239744 0.650142
0 0.257898 0.651790 0.360199 0.651790 0.360199 0.671591 0.257898 0.671591
