0 0.666926 0.252080 0.683408 0.252973 0.677250 0.366670 0.660768 0.365777
0 0.528788 0.459699 0.537786 0.451249 0.556397 0.471068 0.547399 0.479518
0 0.373638 0.541137 0.382636 0.532688 0.414899 0.567044 0.405901 0.575494
0 0.437865 0.374463 0.446471 0.365614 0.499649 0.417327 0.491043 0.426176
0 0.308699 0.472940 0.317698 0.464490 0.349951 0.498836 0.340953 0.507286
0 0.400004 0.385892 0.430845 0.367361 0.435095 0.374435 0.404254 0.392966
0 0.309453 0.455113 0.354951 0.431124 0.358800 0.438424 0.313302 0.462413
0 0.504173 0.514972 0.553083 0.482966 0.557602 0.489872 0.508692 0.521878
0 0.413381 0.570204 0.465099 0.542936 0.468948 0.550236 0.417230 0.577504
0 0.667131 0.374560 0.751293 0.374560 0.751293 0.392713 0.667131 0.392713
0 0.656287 0.390398 0.674360 0.392106 0.666440 0.475895 0.648367 0.474186
0 0.566477 0.470270 0.644034 0.470270 0.644034 0.491719 0.566477 0.491719
0 0.391563 0.737599 0.408054 0.737599 0.408054 0.833310 0.391563 0.833310
0 0.399801 0.579176 0.422912 0.579176 0.422912 0.714489 0.399801 0.714489
0 0.594531 0.841563 0.698480 0.841563 0.698480 0.863011 0.594531 0.863011
0 0.408054 0.833310 0.507074 0.833310 0.507074 0.861364 0.408054 0.861364
0 0.584631 0.735952 0.719943 0.735952 0.719943 0.763991 0.584631 0.763991
0 0.409702 0.716151 0.536776 0.716151 0.536776 0.745852 0.409702 0.745852
0 0.725679 0.756565 0.745341 0.758909 0.734008 0.853946 0.714347 0.851602
0 0.747590 0.392364 0.772327 0.393401 0.757538 0.746258 0.732801 0.745222
0 0.226534 0.452116 0.295852 0.452116 0.295852 0.471918 0.226534 0.471918
0 0.208381 0.232642 0.229844 0.232642 0.229844 0.445455 0.208381 0.445455
0 0.225475 0.210604 0.360713 0.215090 0.359952 0.238032 0.224713 0.233546
0 0.478298 0.216937 0.669479 0.225285 0.667896 0.261557 0.476714 0.253210
0 0.462017 0.348238 0.653280 0.360606 0.651236 0.392217 0.459973 0.379848
