0 0.387173 0.628324 0.486463 0.628324 0.486463 0.651222 0.387173 0.651222
0 0.467358 0.443111 0.501733 0.443111 0.501733 0.620682 0.467358 0.620682
0 0.364261 0.422116 0.463551 0.422116 0.463551 0.441207 0.364261 0.441207
0 0.461634 0.185355 0.486463 0.185355 0.486463 0.412571 0.461634 0.412571
0 0.224858 0.719957 0.240156 0.719957 0.240156 0.756236 0.224858 0.756236
0 0.242074 0.708509 0.274531 0.708509 0.274531 0.729503 0.242074 0.729503
0 0.339446 0.170085 0.461634 0.170085 0.461634 0.187273 0.339446 0.187273
0 0.219162 0.538580 0.242074 0.538580 0.242074 0.611136 0.219162 0.611136
0 0.219162 0.441207 0.236335 0.441207 0.236335 0.485114 0.219162 0.485114
0 0.249702 0.103267 0.406264 0.103267 0.406264 0.128082 0.249702 0.128082
0 0.423452 0.704688 0.478821 0.704688 0.478821 0.723778 0.423452 0.723778
0 0.476903 0.727599 0.507457 0.727599 0.507457 0.866974 0.476903 0.866974
0 0.224886 0.802060 0.242060 0.802060 0.242060 0.870795 0.224886 0.870795
0 0.255426 0.878437 0.423452 0.878437 0.423452 0.901349 0.255426 0.901349
0 0.236335 0.168182 0.278338 0.168182 0.278338 0.194901 0.236335 0.194901
0 0.217244 0.187273 0.232514 0.187273 0.232514 0.236918 0.217244 0.236918
0 0.217244 0.340014 0.242074 0.340014 0.242074 0.408750 0.217244 0.408750
0 0.238253 0.416392 0.303168 0.416392 0.303168 0.446932 0.238253 0.446932
0 0.234432 0.613040 0.297443 0.613040 0.297443 0.637869 0.234432 0.637869
