0 0.637984 0.204541 0.608160 0.205961 0.607755 0.197448 0.637579 0.196028
0 0.568489 0.393634 0.562802 0.379417 0.570715 0.376252 0.576402 0.390469
0 0.398110 0.218405 0.405211 0.202784 0.412970 0.206311 0.405869 0.221932
0 0.599112 0.460372 0.620413 0.466052 0.618217 0.474287 0.596916 0.468607
0 0.600852 0.879261 0.575284 0.879261 0.575284 0.870739 0.600852 0.870739
0 0.607976 0.949860 0.610817 0.921451 0.619297 0.922299 0.616456 0.950708
0 0.643661 0.721595 0.674908 0.723016 0.674520 0.731530 0.643274 0.730109
0 0.585423 0.718754 0.616669 0.720175 0.616282 0.728689 0.585036 0.727268
0 0.684659 0.477273 0.650568 0.477273 0.650568 0.468750 0.684659 0.468750
0 0.480597 0.403436 0.517539 0.407699 0.516562 0.416166 0.479620 0.411903
0 0.620742 0.542457 0.622162 0.504103 0.630679 0.504418 0.629259 0.542772
0 0.515751 0.717332 0.562632 0.718752 0.562374 0.727271 0.515493 0.725850
0 0.583814 0.281009 0.586655 0.231289 0.595164 0.231775 0.592322 0.281495
0 0.144888 0.499890 0.146308 0.447323 0.154828 0.447554 0.153408 0.500120
0 0.523385 0.180449 0.577376 0.188974 0.576046 0.197392 0.522056 0.188867
0 0.576709 0.450078 0.579551 0.393246 0.588063 0.393672 0.585222 0.450504
0 0.585222 0.484589 0.582382 0.542815 0.573869 0.542400 0.576709 0.484174
0 0.366467 0.332678 0.362206 0.395175 0.353703 0.394595 0.357964 0.332098
0 0.366670 0.396311 0.430584 0.399152 0.430205 0.407666 0.366291 0.404825
0 0.867901 0.577946 0.870742 0.509767 0.879258 0.510122 0.876417 0.578301
0 0.102305 0.949762 0.110827 0.880168 0.119286 0.881204 0.110764 0.950798
0 0.239402 0.357106 0.277759 0.418192 0.270541 0.422724 0.232184 0.361638
0 0.626420 0.758607 0.624999 0.836719 0.616478 0.836564 0.617899 0.758452
0 0.376415 0.197671 0.372153 0.277216 0.363642 0.276760 0.367904 0.197215
0 0.882108 0.298077 0.886370 0.215687 0.894881 0.216128 0.890619 0.298517
0 0.388208 0.167635 0.473436 0.176158 0.472588 0.184638 0.387360 0.176115
0 0.556820 0.860671 0.559661 0.768328 0.568180 0.768590 0.565339 0.860933
0 0.873576 0.785697 0.869314 0.885123 0.860799 0.884758 0.865061 0.785332
0 0.526985 0.430557 0.522724 0.542778 0.514208 0.542454 0.518469 0.430234
0 0.135088 0.857957 0.255837 0.862219 0.255537 0.870736 0.134788 0.866475
0 0.923584 0.696145 0.879548 0.582503 0.887495 0.579424 0.931531 0.693065
0 0.873586 0.474204 0.880688 0.343516 0.889198 0.343978 0.882096 0.474666
0 0.169029 0.166395 0.161927 0.315544 0.153414 0.315139 0.160516 0.165990
0 0.707655 0.470179 0.865325 0.480122 0.864788 0.488628 0.707119 0.478685
0 0.176424 0.150578 0.361096 0.163363 0.360507 0.171865 0.175836 0.159080
0 0.338240 0.859378 0.549887 0.867901 0.549544 0.876417 0.337897 0.867894
0 0.643686 0.875005 0.858186 0.886370 0.857735 0.894881 0.643235 0.883516
0 0.660696 0.193186 0.885135 0.203129 0.884758 0.211644 0.660319 0.201700
0 0.698852 0.494633 0.681805 0.720497 0.673307 0.719855 0.690354 0.493992
0 0.627851 0.447156 0.643476 0.218456 0.651979 0.219037 0.636353 0.447737
0 0.163493 0.511366 0.460372 0.521309 0.460087 0.529827 0.163208 0.519884
0 0.150553 0.531607 0.123563 0.846960 0.115072 0.846233 0.142062 0.530881
0 0.116537 0.950285 0.603758 0.957387 0.603634 0.965909 0.116413 0.958806
