0 0.352273 0.281250 0.384943 0.281250 0.384943 0.289773 0.352273 0.289773
0 0.400981 0.839469 0.149552 0.863618 0.148167 0.849196 0.399595 0.825047
0 0.136364 0.137784 0.136364 0.266903 0.127841 0.266903 0.127841 0.137784
0 0.390965 0.549702 0.355453 0.552543 0.354774 0.544048 0.390285 0.541207
0 0.537095 0.588072 0.574028 0.589492 0.573700 0.598008 0.536768 0.596588
0 0.410514 0.512933 0.409093 0.471736 0.417611 0.471442 0.419032 0.512639
0 0.470170 0.279830 0.518466 0.279830 0.518466 0.288352 0.470170 0.288352
0 0.636238 0.815343 0.685962 0.813922 0.686205 0.822441 0.636481 0.823862
0 0.475851 0.737096 0.477271 0.789662 0.468751 0.789892 0.467331 0.737326
0 0.460229 0.527103 0.458808 0.471695 0.467328 0.471477 0.468749 0.526884
0 0.463069 0.622269 0.461649 0.564019 0.470169 0.563811 0.471590 0.622061
0 0.876425 0.123371 0.879266 0.063723 0.887779 0.064129 0.884939 0.123777
0 0.690634 0.592319 0.629561 0.596581 0.628968 0.588079 0.690041 0.583817
0 0.701705 0.593750 0.701705 0.656250 0.693182 0.656250 0.693182 0.593750
0 0.882111 0.540043 0.877849 0.471852 0.886355 0.471321 0.890617 0.539511
0 0.133524 0.529750 0.134944 0.460133 0.143465 0.460307 0.142045 0.529923
0 0.399151 0.253001 0.396310 0.176292 0.404826 0.175977 0.407668 0.252685
0 0.694605 0.794187 0.691764 0.713214 0.700281 0.712915 0.703123 0.793888
0 0.142045 0.759943 0.142045 0.849432 0.133523 0.849432 0.133523 0.759943
0 0.491420 0.822443 0.588000 0.821023 0.588126 0.829545 0.491545 0.830965
0 0.458808 0.254376 0.455968 0.153535 0.464487 0.153295 0.467328 0.254136
0 0.761487 0.132104 0.863749 0.134945 0.863513 0.143464 0.761251 0.140623
0 0.525572 0.579714 0.521310 0.471758 0.529826 0.471422 0.534088 0.579378
0 0.892049 0.791368 0.886367 0.655009 0.894883 0.654654 0.900564 0.791013
0 0.142045 0.569602 0.142045 0.714489 0.133523 0.714489 0.133523 0.569602
0 0.328259 0.552555 0.152129 0.558236 0.151854 0.549718 0.327984 0.544037
0 0.889616 0.806798 0.712051 0.823844 0.711237 0.815361 0.888801 0.798315
0 0.475908 0.133523 0.679041 0.136364 0.678922 0.144886 0.475788 0.142045
0 0.336649 0.526877 0.342331 0.296776 0.350851 0.296987 0.345169 0.527087
0 0.139312 0.123581 0.376517 0.129263 0.376313 0.137783 0.139108 0.132101
0 0.416193 0.572443 0.416193 0.811080 0.407670 0.811080 0.407670 0.572443
0 0.869539 0.461642 0.588278 0.475847 0.587848 0.467335 0.869109 0.453130
0 0.883522 0.154768 0.887784 0.443117 0.879262 0.443243 0.875000 0.154894
0 0.456804 0.826621 0.428390 0.832304 0.426718 0.823947 0.455133 0.818264
0 0.407670 0.065341 0.407670 0.093750 0.399148 0.093750 0.399148 0.065341
0 0.452585 0.545363 0.425591 0.551046 0.423836 0.542706 0.450829 0.537023
0 0.447920 0.137757 0.422339 0.140600 0.421398 0.132129 0.446979 0.129287
0 0.420455 0.281250 0.444602 0.281250 0.444602 0.289773 0.420455 0.289773
0 0.419089 0.046876 0.875048 0.052557 0.874860 0.067613 0.418901 0.061931
