0 0.907831 0.612213 0.752992 0.617895 0.752680 0.609378 0.907519 0.603696
0 0.369318 0.596591 0.369318 0.505682 0.377841 0.505682 0.377841 0.596591
0 0.919040 0.321247 0.914779 0.240280 0.923290 0.239832 0.927551 0.320800
0 0.741465 0.543704 0.745726 0.599108 0.737229 0.599762 0.732967 0.544357
0 0.355115 0.180287 0.356536 0.127721 0.365055 0.127951 0.363635 0.180517
0 0.551136 0.607955 0.551136 0.555398 0.559659 0.555398 0.559659 0.607955
0 0.536947 0.359733 0.532687 0.310029 0.541178 0.309301 0.545438 0.359005
0 0.528411 0.176262 0.526990 0.126538 0.535510 0.126295 0.536930 0.176019
0 0.728695 0.331092 0.727274 0.281368 0.735793 0.281124 0.737215 0.330848
0 0.916195 0.589625 0.914775 0.544164 0.923294 0.543898 0.924714 0.589359
0 0.727276 0.171705 0.728697 0.136193 0.737213 0.136534 0.735792 0.172045
0 0.360802 0.339720 0.359382 0.314162 0.367891 0.313690 0.369312 0.339247
0 0.542650 0.633522 0.389247 0.634943 0.389168 0.626421 0.542571 0.625000
0 0.222878 0.122161 0.352126 0.117900 0.352406 0.126418 0.223159 0.130680
0 0.540071 0.112226 0.726138 0.125010 0.725554 0.133512 0.539487 0.120729
0 0.909165 0.130681 0.740126 0.133522 0.739983 0.125001 0.909022 0.122160
0 0.195947 0.626421 0.359303 0.623580 0.359451 0.632102 0.196095 0.634943
0 0.727614 0.620725 0.569950 0.633509 0.569261 0.625014 0.726925 0.612230
0 0.366477 0.115057 0.522727 0.115057 0.522727 0.123580 0.366477 0.123580
