0 0.737226 0.238930 0.732965 0.177857 0.741467 0.177263 0.745728 0.238337
0 0.362217 0.252763 0.363637 0.168968 0.372158 0.169112 0.370738 0.252907
0 0.360808 0.417289 0.363649 0.380353 0.372147 0.381006 0.369305 0.417943
0 0.917613 0.177641 0.916192 0.244416 0.907671 0.244234 0.909092 0.177459
0 0.910520 0.694865 0.904838 0.603962 0.913344 0.603431 0.919026 0.694333
0 0.364246 0.771263 0.264801 0.785469 0.263595 0.777032 0.363040 0.762826
0 0.748580 0.620739 0.748580 0.727273 0.740057 0.727273 0.740057 0.620739
0 0.580966 0.633578 0.579545 0.751468 0.571023 0.751365 0.572444 0.633476
0 0.382102 0.617898 0.382102 0.747159 0.373580 0.747159 0.373580 0.617898
0 0.359461 0.160511 0.218836 0.163351 0.218664 0.154830 0.359289 0.151990
0 0.729070 0.757086 0.584179 0.769870 0.583430 0.761380 0.728321 0.748596
0 0.747124 0.164773 0.904788 0.163353 0.904865 0.171875 0.747201 0.173295
0 0.563993 0.771306 0.390692 0.774147 0.390553 0.765626 0.563853 0.762785
0 0.376485 0.151989 0.555468 0.154830 0.555333 0.163352 0.376350 0.160511
0 0.588209 0.158097 0.730217 0.161935 0.729987 0.170454 0.587979 0.166616
0 0.899240 0.736142 0.758628 0.760287 0.756385 0.747225 0.896997 0.723080
0 0.197943 0.779800 0.173791 0.782642 0.172796 0.774177 0.196947 0.771336
0 0.914773 0.308239 0.914773 0.380682 0.906250 0.380682 0.906250 0.308239
0 0.572442 0.171803 0.573863 0.248494 0.565342 0.248652 0.563921 0.171961
