0 0.463071 0.403246 0.465912 0.329381 0.474429 0.329708 0.471588 0.403574
0 0.177630 0.642046 0.252929 0.643467 0.252768 0.651988 0.177469 0.650567
0 0.075493 0.636369 0.160728 0.640630 0.160302 0.649142 0.075068 0.644881
0 0.736000 0.379266 0.822657 0.383528 0.822238 0.392040 0.735582 0.387779
0 0.062507 0.630433 0.068189 0.533839 0.076697 0.534339 0.071015 0.630934
0 0.838250 0.623576 0.740246 0.627837 0.739875 0.619322 0.837879 0.615061
0 0.328124 0.472904 0.330964 0.580849 0.322444 0.581074 0.319604 0.473128
0 0.386464 0.649146 0.269993 0.651987 0.269786 0.643467 0.386257 0.640626
0 0.732954 0.490012 0.734375 0.613583 0.725853 0.613681 0.724432 0.490110
0 0.815403 0.321022 0.603746 0.323863 0.603631 0.315341 0.815288 0.312500
0 0.645141 0.580958 0.406501 0.595163 0.405995 0.586656 0.644635 0.572450
0 0.175076 0.292629 0.425079 0.313936 0.424355 0.322428 0.174353 0.301121
0 0.720398 0.630676 0.400795 0.647721 0.400341 0.639210 0.719944 0.622165
0 0.433168 0.314858 0.466776 0.314858 0.466776 0.323267 0.433168 0.323267
0 0.081397 0.296207 0.091532 0.297776 0.075592 0.400739 0.065457 0.399170
0 0.595170 0.345170 0.595170 0.328125 0.603693 0.328125 0.603693 0.345170
0 0.224758 0.421887 0.243226 0.423308 0.242572 0.431806 0.224104 0.430385
0 0.758823 0.440352 0.778716 0.441772 0.778109 0.450273 0.758216 0.448853
0 0.657943 0.386355 0.635203 0.387776 0.634671 0.379270 0.657411 0.377849
0 0.431851 0.548821 0.429011 0.526100 0.437467 0.525043 0.440308 0.547764
0 0.541200 0.531494 0.539780 0.507359 0.548288 0.506859 0.549708 0.530993
0 0.467560 0.556812 0.442003 0.558232 0.441531 0.549722 0.467088 0.548303
0 0.436321 0.438928 0.461879 0.440347 0.461406 0.448857 0.435849 0.447437
0 0.538358 0.471810 0.536938 0.444831 0.545449 0.444383 0.546869 0.471363
0 0.316978 0.356540 0.345380 0.357959 0.344954 0.366472 0.316552 0.365052
0 0.830970 0.440525 0.829549 0.407857 0.838064 0.407487 0.839485 0.440154
0 0.687136 0.380697 0.719796 0.377857 0.720535 0.386348 0.687874 0.389188
0 0.389208 0.636541 0.387788 0.602451 0.396303 0.602096 0.397724 0.636186
0 0.832401 0.493249 0.829560 0.459163 0.838054 0.458455 0.840894 0.492542
0 0.255679 0.494159 0.257099 0.532514 0.248582 0.532829 0.247162 0.494475
0 0.473009 0.450429 0.471588 0.491626 0.463070 0.491332 0.464491 0.450135
0 0.426146 0.436366 0.423306 0.395186 0.431808 0.394599 0.434649 0.435780
0 0.595588 0.545434 0.552988 0.549694 0.552140 0.541214 0.594740 0.536954
0 0.546875 0.316761 0.590909 0.316761 0.590909 0.325284 0.546875 0.325284
0 0.332664 0.585236 0.376692 0.588077 0.376143 0.596582 0.332115 0.593741
0 0.592601 0.436071 0.548573 0.438911 0.548024 0.430406 0.592052 0.427566
0 0.901991 0.454678 0.900570 0.407796 0.909089 0.407538 0.910510 0.454420
0 0.260326 0.350869 0.307207 0.355132 0.306435 0.363619 0.259555 0.359357
0 0.845642 0.383549 0.896776 0.389231 0.895835 0.397701 0.844701 0.392019
0 0.244320 0.420350 0.245740 0.364943 0.254260 0.365161 0.252840 0.420569
0 0.919047 0.609705 0.914785 0.554301 0.923282 0.553647 0.927545 0.609051
0 0.840915 0.608174 0.838073 0.551342 0.846585 0.550916 0.849427 0.607749
0 0.477371 0.315342 0.535621 0.316763 0.535413 0.325283 0.477163 0.323862
0 0.163358 0.637570 0.166198 0.579344 0.174711 0.579759 0.171870 0.637986
0 0.538865 0.549685 0.480632 0.556786 0.479600 0.548326 0.537834 0.541225
0 0.257107 0.639402 0.254266 0.579754 0.262779 0.579348 0.265620 0.638996
0 0.853590 0.617899 0.916102 0.616478 0.916296 0.624998 0.853784 0.626420
0 0.092873 0.285546 0.158229 0.294071 0.157127 0.302522 0.091771 0.293997
0 0.647735 0.564183 0.643473 0.493146 0.651981 0.492635 0.656243 0.563672
0 0.387778 0.576788 0.386358 0.504345 0.394879 0.504178 0.396299 0.576621
