0 0.226324 0.283372 0.231052 0.276280 0.239585 0.281969 0.234857 0.289061
0 0.482955 0.211648 0.482955 0.194602 0.491477 0.194602 0.491477 0.211648
0 0.481534 0.321023 0.481534 0.299716 0.490057 0.299716 0.490057 0.321023
0 0.368177 0.228702 0.389493 0.230124 0.388926 0.238627 0.367609 0.237206
0 0.430398 0.235795 0.453125 0.235795 0.453125 0.244318 0.430398 0.244318
0 0.218750 0.207386 0.218750 0.183239 0.227273 0.183239 0.227273 0.207386
0 0.480114 0.359375 0.480114 0.333807 0.488636 0.333807 0.488636 0.359375
0 0.272727 0.268466 0.272727 0.241477 0.281250 0.241477 0.281250 0.268466
0 0.228687 0.248808 0.227267 0.275788 0.218756 0.275340 0.220176 0.248360
0 0.495543 0.443362 0.523951 0.451884 0.521503 0.460047 0.493094 0.451525
0 0.860800 0.314120 0.859380 0.284296 0.867893 0.283891 0.869313 0.313715
0 0.532920 0.451712 0.581217 0.454553 0.580717 0.463061 0.532419 0.460220
0 0.580966 0.451705 0.580966 0.399148 0.589489 0.399148 0.589489 0.451705
0 0.575284 0.257102 0.575284 0.203125 0.583807 0.203125 0.583807 0.257102
0 0.916192 0.335113 0.917612 0.390521 0.909092 0.390739 0.907672 0.335331
0 0.855114 0.281250 0.794034 0.281250 0.794034 0.272727 0.855114 0.272727
0 0.687496 0.400382 0.690337 0.464296 0.681822 0.464675 0.678982 0.400761
0 0.285773 0.227280 0.353964 0.231543 0.353432 0.240049 0.285241 0.235787
0 0.583803 0.293864 0.586644 0.364887 0.578128 0.365227 0.575287 0.294204
0 0.142136 0.470171 0.214565 0.471592 0.214398 0.480113 0.141969 0.478692
0 0.142205 0.169037 0.217492 0.171878 0.217170 0.180395 0.141883 0.177554
0 0.865537 0.480086 0.790251 0.488610 0.789292 0.480141 0.864578 0.471618
0 0.133524 0.285620 0.130683 0.179096 0.139203 0.178868 0.142044 0.285393
0 0.142045 0.352273 0.142045 0.464489 0.133523 0.464489 0.133523 0.352273
0 0.776990 0.477374 0.774149 0.360902 0.782669 0.360695 0.785510 0.477166
0 0.228693 0.352328 0.227272 0.470218 0.218750 0.470115 0.220171 0.352226
0 0.363634 0.326844 0.359373 0.461777 0.350855 0.461508 0.355115 0.326575
0 0.287083 0.474435 0.441922 0.480116 0.441610 0.488633 0.286771 0.482952
0 0.639346 0.193184 0.855252 0.200287 0.854972 0.208805 0.639066 0.201702
0 0.228839 0.169036 0.480257 0.177559 0.479968 0.186077 0.228550 0.177554
0 0.451748 0.480114 0.777020 0.482955 0.776945 0.491477 0.451674 0.488636
0 0.493103 0.180403 0.522927 0.181823 0.522522 0.190336 0.492698 0.188916
0 0.875000 0.275568 0.906250 0.275568 0.906250 0.284091 0.875000 0.284091
0 0.663161 0.258527 0.694407 0.257107 0.694794 0.265621 0.663548 0.267041
0 0.274166 0.473404 0.271324 0.442141 0.279811 0.441369 0.282654 0.472632
0 0.523120 0.330948 0.491857 0.333790 0.491085 0.325302 0.522348 0.322460
0 0.913876 0.472979 0.879795 0.477239 0.878738 0.468782 0.912819 0.464522
0 0.524148 0.448864 0.524148 0.413352 0.532670 0.413352 0.532670 0.448864
0 0.593920 0.454549 0.629432 0.455969 0.629091 0.464485 0.593580 0.463065
0 0.914785 0.461967 0.911943 0.423606 0.920443 0.422976 0.923284 0.461337
0 0.857981 0.364582 0.862241 0.326238 0.870712 0.327179 0.866452 0.365523
0 0.537407 0.184686 0.575750 0.188946 0.574809 0.197416 0.536466 0.193156
0 0.279830 0.303977 0.279830 0.343750 0.271307 0.343750 0.271307 0.303977
0 0.288352 0.279830 0.328125 0.279830 0.328125 0.288352 0.288352 0.288352
0 0.588522 0.190365 0.628295 0.194627 0.627387 0.203101 0.587614 0.198839
0 0.522727 0.319602 0.522727 0.278409 0.531250 0.278409 0.531250 0.319602
0 0.231679 0.474434 0.272876 0.475855 0.272582 0.484373 0.231385 0.482952
0 0.532670 0.333807 0.532670 0.377841 0.524148 0.377841 0.524148 0.333807
0 0.443202 0.459214 0.438940 0.415187 0.447423 0.414366 0.451685 0.458393
0 0.634962 0.345578 0.630702 0.301550 0.639185 0.300729 0.643446 0.344757
0 0.525568 0.244318 0.525568 0.198864 0.534091 0.198864 0.534091 0.244318
0 0.873561 0.415805 0.877824 0.462685 0.869336 0.463457 0.865074 0.416576
0 0.730114 0.252841 0.778409 0.252841 0.778409 0.261364 0.730114 0.261364
