0 0.203130 0.581166 0.201709 0.551342 0.210222 0.550936 0.211643 0.580760
0 0.205942 0.142046 0.630649 0.139205 0.630706 0.147727 0.205999 0.150568
0 0.658172 0.695993 0.429475 0.722982 0.428476 0.714518 0.657173 0.687529
0 0.616647 0.559656 0.400735 0.568178 0.400399 0.559662 0.616310 0.551140
0 0.413635 0.725843 0.220450 0.738627 0.219887 0.730123 0.413073 0.717339
0 0.208807 0.335227 0.208807 0.470170 0.200284 0.470170 0.200284 0.335227
0 0.205969 0.717490 0.201707 0.602427 0.210224 0.602112 0.214486 0.717175
0 0.642286 0.433232 0.538578 0.438915 0.538112 0.430405 0.641820 0.424722
0 0.660512 0.681874 0.659091 0.582452 0.667613 0.582331 0.669034 0.681752
0 0.383617 0.526988 0.314000 0.528408 0.313827 0.519887 0.383443 0.518467
0 0.647727 0.373580 0.647727 0.303977 0.656250 0.303977 0.656250 0.373580
0 0.651990 0.504369 0.650569 0.444698 0.659089 0.444495 0.660511 0.504166
0 0.278629 0.532665 0.221797 0.535506 0.221371 0.526994 0.278203 0.524153
0 0.647727 0.071023 0.647727 0.126420 0.639205 0.126420 0.639205 0.071023
0 0.417616 0.781376 0.416195 0.731652 0.424714 0.731408 0.426135 0.781132
0 0.788623 0.427548 0.744596 0.430389 0.744047 0.421884 0.788075 0.419043
0 0.668763 0.426145 0.712791 0.423304 0.713339 0.431810 0.669312 0.434650
0 0.203125 0.194602 0.203125 0.237216 0.194602 0.237216 0.194602 0.194602
0 0.198190 0.599365 0.158422 0.606468 0.156923 0.598078 0.196692 0.590975
0 0.387796 0.507421 0.384954 0.469061 0.393454 0.468431 0.396296 0.506792
