0 0.723209 0.575279 0.512989 0.585223 0.512587 0.576709 0.722806 0.566766
0 0.376419 0.139326 0.374998 0.187629 0.366479 0.187378 0.367900 0.139075
0 0.495739 0.292614 0.495739 0.340909 0.487216 0.340909 0.487216 0.292614
0 0.228702 0.190073 0.231542 0.144622 0.240048 0.145154 0.237208 0.190605
0 0.099353 0.081238 0.102346 0.089218 0.090988 0.093478 0.087995 0.085498
0 0.221602 0.293724 0.224444 0.255363 0.232943 0.255992 0.230102 0.294353
0 0.610798 0.437644 0.609377 0.395026 0.617895 0.394742 0.619316 0.437360
0 0.491477 0.184659 0.491477 0.132102 0.500000 0.132102 0.500000 0.184659
0 0.497159 0.396307 0.497159 0.450284 0.488636 0.450284 0.488636 0.396307
0 0.908764 0.148494 0.927244 0.148494 0.927244 0.269489 0.908764 0.269489
0 0.486074 0.593741 0.379549 0.600842 0.378982 0.592339 0.485507 0.585237
0 0.358058 0.132101 0.244428 0.134942 0.244215 0.126422 0.357844 0.123581
0 0.105316 0.122164 0.223219 0.127846 0.222809 0.136359 0.104906 0.130677
0 0.615057 0.272727 0.615057 0.325284 0.606534 0.325284 0.606534 0.272727
0 0.241214 0.600860 0.359126 0.593757 0.359638 0.602265 0.241727 0.609368
0 0.225852 0.589489 0.225852 0.534091 0.234375 0.534091 0.234375 0.589489
0 0.730115 0.203228 0.728694 0.140716 0.737214 0.140522 0.738636 0.203034
0 0.737216 0.340909 0.737216 0.411932 0.728693 0.411932 0.728693 0.340909
0 0.374999 0.305480 0.373579 0.385013 0.365058 0.384861 0.366478 0.305328
0 0.376420 0.446071 0.375000 0.581007 0.366478 0.580917 0.367898 0.445982
0 0.616398 0.193181 0.534024 0.191761 0.534171 0.183239 0.616545 0.184660
0 0.608601 0.451655 0.506322 0.467281 0.505035 0.458856 0.607314 0.443230
0 0.741584 0.123581 0.909201 0.127842 0.908984 0.136362 0.741368 0.132101
0 0.950483 0.565336 0.743107 0.575279 0.742699 0.566766 0.950075 0.556823
0 0.222082 0.613608 0.125504 0.624970 0.124508 0.616506 0.221087 0.605143
0 0.735795 0.416193 0.735795 0.514205 0.727273 0.514205 0.727273 0.416193
0 0.386309 0.117898 0.487151 0.116478 0.487271 0.125000 0.386429 0.126420
0 0.604164 0.271281 0.503325 0.282643 0.502370 0.274174 0.603209 0.262811
0 0.507271 0.116481 0.721761 0.125003 0.721422 0.133519 0.506932 0.124997
