0 0.357973 0.557212 0.349450 0.464878 0.357936 0.464094 0.366460 0.556429
0 0.355114 0.345170 0.355114 0.417614 0.346591 0.417614 0.346591 0.345170
0 0.564140 0.553972 0.507308 0.556813 0.506882 0.548301 0.563715 0.545459
0 0.657678 0.517303 0.654837 0.470429 0.663344 0.469913 0.666185 0.516787
0 0.464709 0.336642 0.356762 0.342324 0.356314 0.333813 0.464261 0.328131
0 0.494320 0.542750 0.492900 0.497289 0.501419 0.497023 0.502839 0.542484
0 0.636643 0.332377 0.530118 0.339479 0.529551 0.330975 0.636076 0.323874
0 0.655556 0.535449 0.622893 0.541129 0.621433 0.532732 0.654096 0.527053
0 0.491878 0.558220 0.369707 0.569585 0.368917 0.561099 0.491089 0.549733
0 0.646353 0.374208 0.640670 0.335848 0.649101 0.334599 0.654784 0.372959
