0 0.318033 0.392349 0.335076 0.454840 0.326853 0.457082 0.309811 0.394592
0 0.533359 0.549158 0.404108 0.623014 0.399880 0.615615 0.529130 0.541758
0 0.649799 0.202588 0.524802 0.272188 0.520656 0.264742 0.645653 0.195141
0 0.442410 0.310544 0.324506 0.375888 0.320374 0.368434 0.438279 0.303089
0 0.621359 0.500900 0.558859 0.534991 0.554778 0.527509 0.617278 0.493418
0 0.363382 0.535482 0.387530 0.602244 0.379515 0.605143 0.355368 0.538381
0 0.719994 0.349638 0.735619 0.402194 0.727449 0.404623 0.711825 0.352067
0 0.668702 0.202894 0.687169 0.246935 0.679310 0.250231 0.660842 0.206190
0 0.529671 0.467597 0.542454 0.513050 0.534250 0.515357 0.521466 0.469905
0 0.726832 0.428237 0.691312 0.452390 0.686520 0.445343 0.722040 0.421189
