0 0.660633 0.384945 0.708936 0.386365 0.708685 0.394884 0.660382 0.393464
0 0.730719 0.693198 0.348627 0.742913 0.346043 0.723052 0.728135 0.673337
0 0.806848 0.449365 0.801165 0.401062 0.809629 0.400066 0.815312 0.448370
0 0.723047 0.457937 0.715946 0.403970 0.724396 0.402858 0.731497 0.456825
0 0.727175 0.383524 0.793950 0.382103 0.794131 0.390624 0.727357 0.392044
0 0.525652 0.384944 0.592427 0.386365 0.592246 0.394885 0.525471 0.393465
0 0.750000 0.674716 0.819602 0.674716 0.819602 0.683239 0.750000 0.683239
0 0.330968 0.443052 0.332388 0.397591 0.340907 0.397857 0.339487 0.443318
0 0.343815 0.375000 0.444657 0.376421 0.444537 0.384943 0.343695 0.383522
0 0.734366 0.552280 0.741468 0.660229 0.732963 0.660788 0.725862 0.552840
0 0.823857 0.528172 0.830959 0.656015 0.822450 0.656487 0.815348 0.528645
0 0.330969 0.704718 0.325288 0.565516 0.333804 0.565168 0.339485 0.704371
