0 0.420418 0.678978 0.573821 0.677557 0.573900 0.686079 0.420497 0.687500
0 0.298336 0.492317 0.306856 0.429827 0.315301 0.430978 0.306780 0.493468
0 0.306820 0.367780 0.308241 0.318056 0.316760 0.318300 0.315339 0.368024
0 0.369970 0.303927 0.324527 0.311027 0.323212 0.302607 0.368655 0.295507
0 0.362802 0.222971 0.321601 0.228653 0.320437 0.220210 0.361638 0.214529
0 0.350844 0.695751 0.352265 0.718491 0.343758 0.719022 0.342338 0.696282
0 0.592338 0.670736 0.566770 0.291483 0.586611 0.290145 0.612179 0.669398
0 0.313920 0.237216 0.313920 0.301136 0.305398 0.301136 0.305398 0.237216
0 0.295716 0.667622 0.363907 0.671883 0.363375 0.680390 0.295184 0.676128
0 0.579538 0.201959 0.575275 0.271573 0.566769 0.271052 0.571031 0.201438
0 0.278426 0.662972 0.286950 0.569211 0.295438 0.569983 0.286914 0.663744
0 0.554349 0.288336 0.457764 0.296858 0.457015 0.288369 0.553600 0.279846
0 0.554487 0.197413 0.436589 0.211617 0.435570 0.203155 0.553467 0.188951
