0 0.754283 0.449295 0.748602 0.393904 0.757080 0.393034 0.762762 0.448426
0 0.757423 0.681174 0.379583 0.715265 0.377464 0.691781 0.755304 0.657690
0 0.359377 0.676272 0.353696 0.502984 0.362214 0.502705 0.367895 0.675993
0 0.852277 0.518324 0.856539 0.646165 0.848021 0.646449 0.843759 0.518608
0 0.376767 0.343764 0.481876 0.352287 0.481188 0.360782 0.376078 0.352259
0 0.761368 0.643645 0.757106 0.544220 0.765621 0.543855 0.769883 0.643280
0 0.780017 0.659095 0.845353 0.661936 0.844983 0.670450 0.779647 0.667610
0 0.372157 0.365206 0.369315 0.444757 0.360798 0.444453 0.363639 0.364902
0 0.557396 0.363676 0.629842 0.373619 0.628683 0.382063 0.556237 0.372119
0 0.760212 0.375009 0.826979 0.379270 0.826436 0.387775 0.759669 0.383514
0 0.344447 0.514147 0.327409 0.516987 0.326008 0.508580 0.343046 0.505740
0 0.836663 0.443540 0.832403 0.393836 0.840894 0.393108 0.845154 0.442812
0 0.693552 0.372175 0.743256 0.376436 0.742528 0.384927 0.692824 0.380666
