0 0.721590 0.757166 0.720170 0.859429 0.711648 0.859311 0.713068 0.757048
0 0.463668 0.245696 0.423901 0.251377 0.422696 0.242940 0.462463 0.237259
0 0.441742 0.459820 0.446002 0.503848 0.437519 0.504668 0.433259 0.460641
0 0.467134 0.809839 0.509747 0.822623 0.507298 0.830786 0.464685 0.818002
0 0.448994 0.447445 0.494454 0.448866 0.494188 0.457384 0.448727 0.455964
0 0.429006 0.440843 0.423325 0.392539 0.431789 0.391544 0.437471 0.439847
0 0.448868 0.693375 0.446028 0.632305 0.454541 0.631909 0.457382 0.692979
0 0.460784 0.697480 0.546024 0.708845 0.544898 0.717293 0.459658 0.705928
0 0.414727 0.262162 0.427511 0.348810 0.419080 0.350054 0.406296 0.263406
0 0.455964 0.707250 0.458805 0.801014 0.450286 0.801272 0.447445 0.707509
0 0.602869 0.846633 0.702314 0.860839 0.701109 0.869276 0.601664 0.855070
0 0.690683 0.227259 0.585574 0.235782 0.584885 0.227287 0.689994 0.218764
0 0.705966 0.455966 0.588068 0.455966 0.588068 0.447443 0.705966 0.447443
0 0.724434 0.581121 0.720173 0.460373 0.728691 0.460072 0.732952 0.580821
0 0.577587 0.714581 0.705423 0.741569 0.703663 0.749908 0.575827 0.722920
0 0.718762 0.440665 0.703136 0.231846 0.711635 0.231210 0.727261 0.440029
0 0.715828 0.727354 0.723018 0.583584 0.731530 0.584010 0.724340 0.727779
