0 0.557037 0.748574 0.473225 0.752836 0.472792 0.744324 0.556604 0.740062
0 0.590918 0.355388 0.583816 0.246016 0.592321 0.245464 0.599423 0.354836
0 0.207319 0.772064 0.187433 0.882851 0.179045 0.881345 0.198930 0.770559
0 0.356707 0.761360 0.217504 0.767042 0.217157 0.758526 0.356359 0.752844
0 0.215909 0.492898 0.359375 0.492898 0.359375 0.501420 0.215909 0.501420
0 0.353920 0.882096 0.193407 0.890619 0.192955 0.882108 0.353468 0.873585
0 0.206333 0.220187 0.372517 0.234390 0.371792 0.242882 0.205608 0.228678
0 0.207386 0.505682 0.207386 0.757102 0.198864 0.757102 0.198864 0.505682
0 0.198864 0.491568 0.193183 0.231630 0.201704 0.231444 0.207385 0.491382
0 0.528409 0.231534 0.569602 0.231534 0.569602 0.240057 0.528409 0.240057
0 0.588068 0.504261 0.588068 0.562500 0.579545 0.562500 0.579545 0.504261
0 0.590908 0.417698 0.589488 0.484472 0.580967 0.484291 0.582387 0.417516
0 0.579527 0.660908 0.572424 0.736199 0.563939 0.735398 0.571042 0.660108
0 0.474360 0.491478 0.551051 0.490058 0.551209 0.498579 0.474517 0.499999
0 0.544411 0.869301 0.464870 0.876404 0.464112 0.867915 0.543653 0.860812
0 0.571009 0.750346 0.562486 0.855456 0.553991 0.854767 0.562514 0.749658
