0 0.649453 0.420465 0.728995 0.426147 0.728388 0.434648 0.648846 0.428967
0 0.393466 0.413352 0.464489 0.413352 0.464489 0.421875 0.393466 0.421875
0 0.484375 0.413352 0.546875 0.413352 0.546875 0.421875 0.484375 0.421875
0 0.200286 0.484261 0.201706 0.433116 0.210226 0.433353 0.208805 0.484498
0 0.471740 0.829543 0.197603 0.839486 0.197294 0.830968 0.471432 0.821026
0 0.752893 0.826704 0.484413 0.829545 0.484323 0.821023 0.752803 0.818182
0 0.211631 0.650950 0.196006 0.827076 0.187517 0.826323 0.203141 0.650197
0 0.884936 0.657427 0.894880 0.830721 0.886371 0.831210 0.876427 0.657915
0 0.474432 0.811115 0.473012 0.656292 0.481534 0.656214 0.482954 0.811037
0 0.754265 0.806984 0.748583 0.659252 0.757099 0.658925 0.762781 0.806657
0 0.767749 0.816820 0.885657 0.836708 0.884240 0.845112 0.766331 0.825224
0 0.332696 0.413341 0.214793 0.421864 0.214179 0.413364 0.332082 0.404840
0 0.744591 0.427566 0.855386 0.434668 0.854841 0.443173 0.744046 0.436071
0 0.478693 0.443123 0.480113 0.536862 0.471591 0.536991 0.470171 0.443252
0 0.738642 0.532884 0.734380 0.446228 0.742892 0.445809 0.747154 0.532466
0 0.869334 0.538722 0.862232 0.456328 0.870723 0.455596 0.877825 0.537990
