0 0.688920 0.579470 0.691761 0.742825 0.683239 0.742974 0.680398 0.579618
0 0.610717 0.400569 0.681726 0.399149 0.681896 0.407670 0.610888 0.409090
0 0.227376 0.268464 0.164863 0.269886 0.164670 0.261365 0.227182 0.259944
0 0.422220 0.403423 0.474775 0.407684 0.474086 0.416179 0.421532 0.411918
0 0.476087 0.252834 0.423521 0.255676 0.423061 0.247166 0.475626 0.244324
0 0.407677 0.723246 0.404835 0.670680 0.413346 0.670220 0.416187 0.722786
0 0.698857 0.419267 0.696016 0.470410 0.687506 0.469937 0.690348 0.418795
0 0.471313 0.749991 0.427286 0.747150 0.427834 0.738645 0.471862 0.741486
0 0.481549 0.724785 0.480128 0.707741 0.488622 0.707034 0.490042 0.724077
0 0.303988 0.729083 0.277000 0.435049 0.285487 0.434270 0.312475 0.728304
0 0.723270 0.238644 0.838335 0.245747 0.837810 0.254253 0.722745 0.247151
0 0.390625 0.420455 0.298295 0.420455 0.298295 0.411932 0.390625 0.411932
0 0.492889 0.510212 0.487208 0.601115 0.478702 0.600583 0.484383 0.509681
0 0.604045 0.232969 0.690686 0.240071 0.689990 0.248565 0.603348 0.241463
0 0.390488 0.259941 0.305251 0.257100 0.305535 0.248582 0.390772 0.251423
0 0.266285 0.414721 0.185328 0.427504 0.183999 0.419086 0.264956 0.406303
0 0.316761 0.737216 0.397727 0.737216 0.397727 0.745739 0.316761 0.745739
0 0.498735 0.734378 0.575444 0.737219 0.575128 0.745736 0.498420 0.742895
0 0.601019 0.745742 0.673463 0.748583 0.673129 0.757099 0.600685 0.754258
0 0.713216 0.399150 0.832543 0.403412 0.832239 0.411929 0.712912 0.407668
0 0.707371 0.260298 0.697429 0.381026 0.688935 0.380327 0.698877 0.259599
0 0.411931 0.269984 0.409090 0.396401 0.400569 0.396209 0.403410 0.269792
0 0.411932 0.436128 0.410511 0.572484 0.401989 0.572395 0.403410 0.436039
0 0.599427 0.510138 0.589484 0.727467 0.580970 0.727078 0.590913 0.509748
