0 0.605103 0.503135 0.589478 0.728987 0.580976 0.728399 0.596601 0.502547
0 0.684659 0.575284 0.684659 0.741477 0.676136 0.741477 0.676136 0.575284
0 0.427547 0.429260 0.417604 0.576994 0.409100 0.576422 0.419044 0.428688
0 0.434654 0.285728 0.428972 0.397942 0.420460 0.397511 0.426142 0.285297
0 0.698850 0.290119 0.690327 0.395229 0.681832 0.394540 0.690355 0.289430
0 0.505654 0.503325 0.494292 0.604164 0.485823 0.603209 0.497185 0.502370
0 0.703369 0.409098 0.801386 0.414780 0.800893 0.423289 0.702875 0.417606
0 0.315471 0.410513 0.413469 0.413354 0.413222 0.421873 0.315224 0.419032
0 0.710703 0.269913 0.800181 0.279855 0.799240 0.288326 0.709762 0.278384
0 0.332804 0.255703 0.420858 0.264223 0.420037 0.272706 0.331983 0.264186
0 0.439410 0.404858 0.489115 0.410538 0.488147 0.419006 0.438442 0.413325
0 0.448978 0.261365 0.500123 0.262786 0.499886 0.271305 0.448741 0.269885
0 0.407677 0.733194 0.404836 0.682051 0.413345 0.681579 0.416187 0.732721
0 0.199072 0.258528 0.258720 0.261368 0.258315 0.269881 0.198666 0.267041
0 0.612570 0.403424 0.679346 0.409107 0.678623 0.417599 0.611847 0.411916
0 0.600852 0.747159 0.669034 0.747159 0.669034 0.755682 0.600852 0.755682
0 0.574031 0.748576 0.501587 0.751417 0.501253 0.742901 0.573697 0.740060
0 0.608529 0.259982 0.682380 0.269923 0.681243 0.278370 0.607392 0.268429
0 0.283180 0.413322 0.200795 0.423265 0.199774 0.414803 0.282159 0.404860
0 0.396521 0.759938 0.309864 0.764199 0.309445 0.755687 0.396102 0.751426
0 0.492898 0.711648 0.492898 0.731534 0.484375 0.731534 0.484375 0.711648
0 0.695918 0.427075 0.685975 0.471109 0.677662 0.469232 0.687605 0.425198
0 0.474944 0.758492 0.428071 0.764174 0.427045 0.755713 0.473918 0.750031
0 0.302557 0.433206 0.305398 0.747114 0.296875 0.747191 0.294034 0.433284
