0 0.224430 0.314019 0.223010 0.372269 0.214490 0.372061 0.215910 0.313811
0 0.206239 0.671884 0.407937 0.684667 0.407397 0.693173 0.205700 0.680389
0 0.450448 0.556821 0.596758 0.562503 0.596427 0.571020 0.450117 0.565338
0 0.615011 0.286931 0.471552 0.285511 0.471637 0.276989 0.615095 0.278409
0 0.235843 0.375000 0.373620 0.376420 0.373532 0.384943 0.235755 0.383523
0 0.434632 0.577177 0.423270 0.679446 0.414799 0.678505 0.426162 0.576236
0 0.637784 0.167679 0.636363 0.268521 0.627841 0.268401 0.629262 0.167559
0 0.203084 0.571609 0.190298 0.662532 0.181859 0.661346 0.194645 0.570422
0 0.421862 0.704874 0.414760 0.795790 0.406263 0.795126 0.413365 0.704210
0 0.440341 0.467330 0.440341 0.552557 0.431818 0.552557 0.431818 0.467330
0 0.460225 0.194751 0.457384 0.274303 0.448866 0.273999 0.451707 0.194447
0 0.620727 0.579858 0.615046 0.657976 0.606546 0.657358 0.612227 0.579240
0 0.624963 0.477831 0.615020 0.553115 0.606571 0.551999 0.616514 0.476715
0 0.458804 0.297038 0.455963 0.370904 0.447446 0.370576 0.450287 0.296710
0 0.634922 0.293033 0.627821 0.365469 0.619339 0.364638 0.626440 0.292201
0 0.301227 0.453126 0.373656 0.454546 0.373489 0.463067 0.301060 0.461647
0 0.234283 0.295455 0.305320 0.294035 0.305490 0.302556 0.234453 0.303976
0 0.211616 0.476374 0.203094 0.545968 0.194634 0.544932 0.203156 0.475339
0 0.416193 0.569602 0.352273 0.569602 0.352273 0.561080 0.416193 0.561080
0 0.610795 0.754261 0.610795 0.818182 0.602273 0.818182 0.602273 0.754261
0 0.224395 0.398289 0.217294 0.452255 0.208844 0.451143 0.215945 0.397177
0 0.437961 0.291168 0.385398 0.296851 0.384482 0.288377 0.437045 0.282695
0 0.213543 0.552584 0.251887 0.556844 0.250946 0.565314 0.212602 0.561054
0 0.265592 0.506209 0.257135 0.505151 0.258556 0.493791 0.267013 0.494849
0 0.225591 0.462723 0.228948 0.454889 0.238897 0.459152 0.235540 0.466986
