0 0.606569 0.598559 0.593786 0.500554 0.602237 0.499452 0.615021 0.597457
0 0.494387 0.419035 0.589547 0.420455 0.589420 0.428976 0.494260 0.427557
0 0.159032 0.173296 0.252771 0.171875 0.252900 0.180397 0.159161 0.181818
0 0.791226 0.682345 0.779860 0.590002 0.788319 0.588961 0.799685 0.681304
0 0.367400 0.184760 0.456892 0.204648 0.455044 0.212968 0.365551 0.193079
0 0.601590 0.728629 0.512092 0.744256 0.510626 0.735860 0.600124 0.720233
0 0.768829 0.223026 0.851222 0.230130 0.850490 0.238621 0.768096 0.231518
0 0.481531 0.441608 0.484373 0.522581 0.475855 0.522880 0.473014 0.441907
0 0.482955 0.210227 0.561080 0.210227 0.561080 0.218750 0.482955 0.218750
0 0.330962 0.443015 0.342327 0.744164 0.333810 0.744485 0.322446 0.443336
0 0.695566 0.704435 0.628819 0.720057 0.626877 0.711758 0.693624 0.696136
0 0.572796 0.649133 0.555753 0.650553 0.555045 0.642060 0.572088 0.640640
0 0.612572 0.699148 0.602631 0.676427 0.610439 0.673011 0.620380 0.695732
0 0.775570 0.490164 0.774148 0.430493 0.782669 0.430291 0.784090 0.489961
0 0.792792 0.403413 0.860972 0.406254 0.860617 0.414769 0.792437 0.411928
0 0.492936 0.716480 0.484415 0.653990 0.492859 0.652838 0.501381 0.715328
0 0.679063 0.220171 0.744417 0.221592 0.744232 0.230113 0.678878 0.228692
0 0.787756 0.698783 0.722404 0.711569 0.720767 0.703205 0.786119 0.690419
0 0.697712 0.406259 0.764479 0.410520 0.763936 0.419025 0.697169 0.414764
0 0.690321 0.500939 0.711628 0.688440 0.703159 0.689402 0.681852 0.501901
0 0.473001 0.225550 0.485785 0.405950 0.477283 0.406552 0.464499 0.226152
0 0.772771 0.395497 0.751464 0.247765 0.759900 0.246548 0.781206 0.394281
0 0.311208 0.421873 0.174854 0.426134 0.174588 0.417615 0.310942 0.413355
0 0.485141 0.748510 0.353040 0.772658 0.351507 0.764274 0.483608 0.740126
0 0.344099 0.413366 0.466252 0.423310 0.465560 0.431804 0.343407 0.421861
