0 0.588068 0.545400 0.589488 0.647663 0.580966 0.647782 0.579546 0.545519
0 0.588052 0.675085 0.579530 0.773096 0.571039 0.772358 0.579561 0.674347
0 0.792614 0.144886 0.792614 0.244318 0.784091 0.244318 0.784091 0.144886
0 0.335206 0.541614 0.325264 0.642461 0.316782 0.641624 0.326725 0.540778
0 0.617893 0.150773 0.613631 0.237430 0.605118 0.237011 0.609381 0.150354
0 0.628147 0.245750 0.768761 0.255692 0.768160 0.264193 0.627545 0.254251
0 0.605157 0.528409 0.757139 0.529830 0.757059 0.538352 0.605077 0.536931
0 0.372439 0.333816 0.525839 0.343759 0.525288 0.352263 0.371888 0.342321
0 0.339587 0.650569 0.568295 0.656252 0.568083 0.664772 0.339375 0.659089
0 0.396324 0.477655 0.394904 0.462037 0.403392 0.461266 0.404811 0.476883
0 0.365543 0.420904 0.379746 0.428007 0.375935 0.435630 0.361731 0.428527
0 0.357009 0.524174 0.395353 0.528435 0.394411 0.536905 0.356068 0.532645
0 0.599812 0.252824 0.551505 0.257086 0.550756 0.248596 0.599063 0.244334
0 0.357949 0.353907 0.355109 0.412133 0.346597 0.411718 0.349436 0.353492
0 0.772711 0.716285 0.767028 0.780209 0.758539 0.779454 0.764222 0.715530
0 0.575284 0.541193 0.508523 0.541193 0.508523 0.532670 0.575284 0.532670
0 0.791189 0.271485 0.788349 0.339665 0.779833 0.339310 0.782674 0.271131
0 0.459165 0.420470 0.527338 0.426151 0.526630 0.434644 0.458457 0.428963
0 0.357932 0.258964 0.350829 0.327146 0.342352 0.326263 0.349455 0.258081
0 0.778406 0.549882 0.775565 0.622327 0.767049 0.621993 0.769890 0.549548
0 0.781211 0.449438 0.771270 0.523289 0.762823 0.522152 0.772764 0.448301
0 0.612209 0.260187 0.607948 0.335465 0.599439 0.334983 0.603700 0.259706
0 0.343738 0.439235 0.338056 0.514532 0.329557 0.513890 0.335239 0.438593
0 0.369474 0.245741 0.446183 0.248583 0.445867 0.257099 0.369158 0.254258
0 0.593750 0.440421 0.592329 0.522795 0.583807 0.522648 0.585228 0.440274
