0 0.144847 0.324711 0.149109 0.355956 0.140664 0.357107 0.136403 0.325863
0 0.424746 0.316254 0.429008 0.280742 0.437470 0.281757 0.433208 0.317270
0 0.350875 0.393908 0.346613 0.352707 0.355091 0.351831 0.359353 0.393031
0 0.448278 0.333847 0.489478 0.328164 0.490643 0.336607 0.449442 0.342290
0 0.359151 0.338074 0.414561 0.335232 0.414997 0.343744 0.359587 0.346586
0 0.622468 0.103705 0.682117 0.107965 0.681510 0.116466 0.621860 0.112206
0 0.423545 0.093758 0.497400 0.098018 0.496909 0.106527 0.423055 0.102266
0 0.501414 0.500233 0.497153 0.578356 0.488643 0.577892 0.492904 0.499769
0 0.853692 0.490128 0.852273 0.582446 0.843751 0.582315 0.845171 0.489997
0 0.144863 0.287910 0.147704 0.314891 0.139228 0.315784 0.136387 0.288802
0 0.143460 0.255472 0.144881 0.283874 0.136369 0.284300 0.134948 0.255898
0 0.853737 0.341471 0.823908 0.117038 0.832357 0.115915 0.862186 0.340348
0 0.149144 0.112034 0.153405 0.210039 0.144890 0.210409 0.140629 0.112405
0 0.764683 0.416167 0.553045 0.440313 0.552078 0.431845 0.763717 0.407699
0 0.150567 0.413453 0.146306 0.589594 0.137785 0.589388 0.142047 0.413247
0 0.326882 0.599428 0.160698 0.606530 0.160334 0.598015 0.326518 0.590913
0 0.482259 0.595108 0.367204 0.614995 0.365752 0.606597 0.480808 0.586710
0 0.362214 0.444737 0.357953 0.583933 0.349434 0.583672 0.353695 0.444476
0 0.515625 0.588068 0.832386 0.588068 0.832386 0.596591 0.515625 0.596591
0 0.389263 0.098011 0.160559 0.100852 0.160453 0.092330 0.389157 0.089489
0 0.794350 0.107585 0.790889 0.099797 0.803661 0.094120 0.807123 0.101908
0 0.494400 0.377008 0.500083 0.348593 0.508441 0.350265 0.502757 0.378679
0 0.417609 0.117706 0.419030 0.148952 0.410516 0.149339 0.409095 0.118093
