0 0.167521 0.803978 0.238558 0.802558 0.238729 0.811079 0.167692 0.812499
0 0.392037 0.341169 0.390617 0.363908 0.382110 0.363377 0.383531 0.340637
0 0.271307 0.221591 0.271307 0.197443 0.279830 0.197443 0.279830 0.221591
0 0.840888 0.766621 0.843729 0.795031 0.835248 0.795879 0.832408 0.767469
0 0.265673 0.378627 0.269933 0.350223 0.278361 0.351487 0.274101 0.379891
0 0.420415 0.629840 0.416155 0.661085 0.407710 0.659933 0.411970 0.628688
0 0.653412 0.629426 0.651992 0.592493 0.660508 0.592165 0.661928 0.629098
0 0.274148 0.424716 0.274148 0.468750 0.265625 0.468750 0.265625 0.424716
0 0.628933 0.123438 0.586331 0.134797 0.584135 0.126562 0.626737 0.115203
0 0.383446 0.743704 0.374922 0.787745 0.366554 0.786125 0.375078 0.742085
0 0.589603 0.803979 0.640748 0.805400 0.640511 0.813919 0.589366 0.812498
0 0.342559 0.497153 0.288571 0.499994 0.288123 0.491483 0.342111 0.488642
0 0.259531 0.163232 0.201295 0.177435 0.199276 0.169155 0.257512 0.154952
0 0.271298 0.513068 0.267036 0.576988 0.258532 0.576421 0.262794 0.512501
0 0.365966 0.151890 0.300617 0.166097 0.298807 0.157769 0.364155 0.143562
0 0.270185 0.801147 0.351150 0.806829 0.350554 0.815331 0.269588 0.809649
0 0.804091 0.426135 0.703251 0.428975 0.703011 0.420456 0.803851 0.417615
0 0.269869 0.676528 0.259925 0.784481 0.251438 0.783699 0.261382 0.675747
0 0.572443 0.153358 0.573863 0.262724 0.565341 0.262835 0.563921 0.153469
0 0.410407 0.487217 0.522616 0.484376 0.522831 0.492896 0.410623 0.495737
0 0.518779 0.440329 0.403725 0.448852 0.403096 0.440353 0.518150 0.431830
0 0.659086 0.673086 0.664768 0.789567 0.656255 0.789982 0.650573 0.673501
0 0.644881 0.143260 0.650564 0.262585 0.642051 0.262990 0.636368 0.143665
0 0.522823 0.396306 0.399248 0.399147 0.399052 0.390626 0.522627 0.387785
0 0.380678 0.525745 0.374996 0.663526 0.366481 0.663175 0.372163 0.525394
0 0.676391 0.806826 0.818437 0.815349 0.817927 0.823856 0.675881 0.815333
0 0.558706 0.130656 0.405303 0.147701 0.404362 0.139230 0.557765 0.122186
0 0.164759 0.619655 0.151975 0.780169 0.143479 0.779493 0.156264 0.618978
0 0.558200 0.816761 0.389172 0.815341 0.389243 0.806819 0.558271 0.808239
0 0.823873 0.621018 0.812510 0.450572 0.821013 0.450005 0.832377 0.620451
0 0.576704 0.592264 0.579545 0.786873 0.571023 0.786998 0.568182 0.592388
0 0.177548 0.201981 0.160503 0.467599 0.151997 0.467053 0.169043 0.201435
