0 0.476640 0.168418 0.401345 0.213878 0.396940 0.206582 0.472235 0.161122
0 0.437216 0.385511 0.432102 0.378693 0.443466 0.370171 0.448580 0.376989
0 0.259761 0.378330 0.245563 0.389688 0.240239 0.383033 0.254437 0.371675
0 0.770882 0.331635 0.748151 0.347263 0.743322 0.340240 0.766054 0.324612
0 0.599179 0.293158 0.575032 0.311623 0.569855 0.304853 0.594002 0.286388
0 0.434296 0.400267 0.471231 0.484080 0.463432 0.487517 0.426497 0.403704
0 0.725320 0.358696 0.645766 0.409837 0.641158 0.402668 0.720711 0.351526
0 0.273836 0.523968 0.309352 0.612049 0.301448 0.615236 0.265932 0.527156
0 0.641711 0.516812 0.678648 0.604892 0.670789 0.608188 0.633852 0.520108
0 0.685619 0.246652 0.729649 0.333293 0.722052 0.337155 0.678021 0.250513
0 0.378260 0.769468 0.277410 0.817764 0.273728 0.810077 0.374579 0.761782
0 0.400098 0.233850 0.456917 0.344647 0.449334 0.348536 0.392514 0.237739
0 0.496800 0.173003 0.549352 0.292311 0.541553 0.295747 0.489000 0.176439
0 0.378554 0.233803 0.263507 0.300558 0.259230 0.293186 0.374277 0.226431
0 0.240909 0.313264 0.121594 0.388546 0.117046 0.381338 0.236361 0.306056
0 0.665262 0.624549 0.401050 0.756654 0.397238 0.749031 0.661450 0.616926
0 0.261188 0.318392 0.272552 0.356744 0.264380 0.359165 0.253016 0.320813
0 0.462760 0.500586 0.430090 0.524734 0.425024 0.517880 0.457694 0.493732
0 0.377961 0.752425 0.368016 0.711222 0.376300 0.709222 0.386246 0.750426
0 0.316090 0.482361 0.277743 0.505085 0.273399 0.497753 0.311745 0.475029
0 0.868819 0.267765 0.827614 0.294762 0.822943 0.287633 0.864148 0.260636
0 0.388956 0.455952 0.410264 0.515613 0.402237 0.518480 0.380930 0.458818
0 0.540321 0.323382 0.474985 0.357470 0.471043 0.349914 0.536378 0.315826
0 0.238370 0.427492 0.265356 0.499930 0.257369 0.502905 0.230383 0.430468
0 0.566342 0.331964 0.600432 0.402984 0.592749 0.406672 0.558659 0.335652
0 0.468453 0.381959 0.498277 0.457231 0.490354 0.460371 0.460530 0.385098
