0 0.342247 0.322850 0.303904 0.355513 0.298378 0.349025 0.336721 0.316362
0 0.682934 0.553140 0.518164 0.675297 0.513088 0.668451 0.677859 0.546294
0 0.535352 0.175187 0.408929 0.277462 0.403568 0.270836 0.529992 0.168561
0 0.549404 0.171695 0.576395 0.238463 0.568493 0.241657 0.541503 0.174889
0 0.665926 0.465844 0.688653 0.526923 0.680665 0.529895 0.657938 0.468816
0 0.542241 0.328758 0.438556 0.402616 0.433611 0.395674 0.537296 0.321816
0 0.364898 0.645154 0.393306 0.746002 0.385102 0.748312 0.356694 0.647464
0 0.298216 0.374184 0.315265 0.462265 0.306897 0.463884 0.289849 0.375803
0 0.540886 0.137616 0.546573 0.151833 0.538660 0.154998 0.532973 0.140781
0 0.618244 0.386627 0.609718 0.366730 0.617551 0.363373 0.626078 0.383270
0 0.368778 0.446769 0.329013 0.472332 0.324404 0.465163 0.364169 0.439600
0 0.457036 0.717946 0.405908 0.754872 0.400918 0.747963 0.452046 0.711037
