0 0.711645 0.292758 0.703123 0.545597 0.694605 0.545310 0.703127 0.292471
0 0.384942 0.272821 0.379260 0.537021 0.370740 0.536838 0.376421 0.272638
0 0.611171 0.792631 0.675095 0.798312 0.674341 0.806801 0.610416 0.801120
0 0.683540 0.561069 0.603999 0.566750 0.603391 0.558249 0.682933 0.552568
0 0.479155 0.806793 0.388249 0.816736 0.387322 0.808264 0.478229 0.798321
0 0.598851 0.255766 0.698275 0.275650 0.696603 0.284007 0.597180 0.264123
0 0.399737 0.251461 0.510544 0.267088 0.509354 0.275527 0.398547 0.259901
0 0.391201 0.544073 0.506253 0.559698 0.505106 0.568143 0.390054 0.552518
0 0.696020 0.572582 0.688918 0.791331 0.680400 0.791054 0.687502 0.572306
0 0.387781 0.564073 0.379259 0.792778 0.370742 0.792461 0.379264 0.563756
