0 0.491477 0.502841 0.538352 0.502841 0.538352 0.511364 0.491477 0.511364
0 0.510065 0.610797 0.558368 0.612218 0.558117 0.620737 0.509814 0.619316
0 0.410382 0.232956 0.458685 0.231536 0.458936 0.240055 0.410633 0.241475
0 0.423417 0.167615 0.471720 0.169036 0.471469 0.177555 0.423166 0.176134
0 0.548050 0.944609 0.597770 0.941768 0.598257 0.950277 0.548537 0.953118
0 0.748536 0.208201 0.755639 0.257923 0.747202 0.259129 0.740099 0.209406
0 0.786925 0.555631 0.784084 0.606774 0.775575 0.606301 0.778416 0.555158
0 0.474447 0.165123 0.470185 0.113994 0.478678 0.113286 0.482940 0.164415
0 0.489998 0.554695 0.498522 0.605836 0.490115 0.607237 0.481592 0.556096
0 0.779816 0.413009 0.784077 0.465564 0.775582 0.466252 0.771321 0.413698
0 0.329545 0.166193 0.383523 0.166193 0.383523 0.174716 0.329545 0.174716
0 0.548574 0.169043 0.569891 0.170464 0.569323 0.178968 0.548007 0.177547
0 0.627878 0.713930 0.630720 0.692613 0.639168 0.693740 0.636325 0.715057
0 0.624967 0.473906 0.627808 0.496627 0.619351 0.497684 0.616511 0.474964
0 0.637949 0.778103 0.616637 0.786628 0.613471 0.778715 0.634784 0.770190
0 0.319675 0.198229 0.315414 0.175500 0.323791 0.173930 0.328052 0.196659
0 0.782641 0.479614 0.785482 0.503765 0.777018 0.504761 0.774177 0.480610
0 0.506990 0.687947 0.512670 0.712089 0.504374 0.714041 0.498693 0.689899
0 0.601094 0.352279 0.626651 0.353700 0.626178 0.362209 0.600621 0.360789
0 0.373810 0.242891 0.348253 0.244312 0.347780 0.235802 0.373338 0.234382
0 0.481561 0.541670 0.478719 0.516089 0.487189 0.515148 0.490031 0.540729
0 0.404612 0.495661 0.396087 0.521238 0.388002 0.518543 0.396527 0.492966
0 0.578125 0.237216 0.551136 0.237216 0.551136 0.228693 0.578125 0.228693
0 0.436080 0.103693 0.463068 0.103693 0.463068 0.112216 0.436080 0.112216
0 0.623574 0.436308 0.622153 0.463288 0.613642 0.462840 0.615063 0.435860
0 0.331163 0.235655 0.322642 0.208673 0.330769 0.206106 0.339290 0.233088
0 0.627836 0.510160 0.626415 0.538562 0.617903 0.538136 0.619324 0.509734
0 0.728910 0.352278 0.757312 0.353699 0.756886 0.362211 0.728484 0.360790
0 0.478647 0.472382 0.482907 0.500786 0.474478 0.502050 0.470218 0.473646
0 0.786932 0.515625 0.786932 0.545455 0.778409 0.545455 0.778409 0.515625
0 0.592129 0.612221 0.621954 0.610800 0.622359 0.619313 0.592535 0.620734
0 0.775976 0.514185 0.746139 0.517027 0.745331 0.508542 0.775168 0.505701
0 0.512784 0.799716 0.544034 0.799716 0.544034 0.808239 0.512784 0.808239
0 0.585423 0.542618 0.616669 0.544038 0.616282 0.552552 0.585036 0.551132
0 0.786950 0.937892 0.784108 0.906629 0.792595 0.905858 0.795438 0.937121
0 0.764244 0.394039 0.759982 0.362794 0.768427 0.361643 0.772688 0.392887
0 0.472943 0.239295 0.478624 0.270544 0.470239 0.272069 0.464558 0.240819
0 0.554128 0.659388 0.562650 0.628143 0.570872 0.630385 0.562350 0.661630
0 0.491493 0.792978 0.488653 0.760317 0.497143 0.759579 0.499984 0.792240
0 0.579369 0.502845 0.613458 0.501424 0.613813 0.509939 0.579724 0.511360
0 0.514205 0.240057 0.478693 0.240057 0.478693 0.231534 0.514205 0.231534
0 0.575454 0.464492 0.610966 0.465912 0.610625 0.474428 0.575114 0.473008
0 0.427570 0.942101 0.424729 0.906590 0.433225 0.905910 0.436066 0.941422
0 0.521617 0.715920 0.559978 0.718762 0.559349 0.727261 0.520988 0.724420
0 0.627531 0.377852 0.667316 0.375010 0.667923 0.383511 0.628138 0.386353
0 0.430537 0.504264 0.473156 0.505684 0.472872 0.514202 0.430253 0.512782
0 0.487356 0.465911 0.529974 0.467332 0.529690 0.475850 0.487072 0.474429
0 0.436209 0.799718 0.481670 0.801138 0.481404 0.809657 0.435943 0.808237
0 0.492906 0.855378 0.490065 0.809927 0.498571 0.809395 0.501412 0.854846
0 0.731802 0.545463 0.777253 0.548304 0.776721 0.556810 0.731270 0.553969
0 0.512784 0.546875 0.561080 0.546875 0.561080 0.555398 0.512784 0.555398
0 0.279771 0.112931 0.306761 0.274873 0.298354 0.276274 0.271364 0.114332
0 0.593711 0.201704 0.737170 0.200285 0.737255 0.208807 0.593796 0.210227
0 0.461818 0.284088 0.319773 0.289769 0.319432 0.281253 0.461477 0.275572
0 0.644937 0.609375 0.775611 0.610796 0.775518 0.619318 0.644844 0.617897
0 0.785554 0.947443 0.654880 0.948863 0.654787 0.940341 0.785461 0.938921
0 0.782714 0.904829 0.656302 0.906250 0.656206 0.897728 0.782619 0.896307
0 0.629307 0.866477 0.507156 0.867897 0.507057 0.859375 0.629208 0.857955
0 0.634997 0.751420 0.532735 0.752840 0.532616 0.744318 0.634879 0.742898
0 0.445963 0.944602 0.538281 0.943183 0.538412 0.951704 0.446094 0.953124
0 0.759986 0.351455 0.747202 0.261966 0.755639 0.260761 0.768423 0.350250
0 0.423305 0.895175 0.417623 0.809938 0.426127 0.809371 0.431809 0.894608
0 0.801134 0.815493 0.798293 0.893623 0.789775 0.893314 0.792617 0.815183
0 0.562585 0.897728 0.639277 0.899148 0.639119 0.907669 0.562428 0.906250
0 0.291193 0.103693 0.367898 0.103693 0.367898 0.112216 0.291193 0.112216
0 0.635266 0.542626 0.709138 0.548308 0.708484 0.556806 0.634612 0.551123
0 0.635122 0.502845 0.703301 0.505686 0.702946 0.514201 0.634767 0.511360
0 0.715686 0.451876 0.773924 0.468922 0.771530 0.477101 0.713292 0.460055
0 0.570521 0.697413 0.510857 0.690311 0.511865 0.681848 0.571529 0.688950
0 0.629357 0.465910 0.689028 0.467331 0.688825 0.475851 0.629154 0.474430
0 0.501419 0.619211 0.502840 0.678882 0.494320 0.679084 0.492899 0.619414
0 0.456180 0.896312 0.514406 0.899153 0.513991 0.907665 0.455764 0.904825
0 0.603409 0.729261 0.598295 0.722443 0.609659 0.713921 0.614773 0.720739
0 0.628029 0.604945 0.622348 0.586481 0.630494 0.583975 0.636175 0.602439
