0 0.525982 0.309679 0.570009 0.313940 0.569188 0.322423 0.525161 0.318163
0 0.539903 0.193184 0.585363 0.194604 0.585097 0.203123 0.539637 0.201703
0 0.461915 0.190349 0.507366 0.193190 0.506835 0.201696 0.461384 0.198855
0 0.448777 0.203979 0.438832 0.252285 0.430484 0.250566 0.440429 0.202261
0 0.551254 0.774150 0.600978 0.775570 0.600735 0.784089 0.551011 0.782669
0 0.602333 0.773434 0.610858 0.723705 0.619258 0.725145 0.610733 0.774874
0 0.552499 0.510641 0.543976 0.561783 0.535569 0.560381 0.544093 0.509240
0 0.613650 0.712734 0.617911 0.658754 0.626407 0.659425 0.622146 0.713405
0 0.228544 0.708503 0.214343 0.761050 0.206115 0.758826 0.220316 0.706280
0 0.559760 0.646308 0.616589 0.647729 0.616376 0.656249 0.559547 0.654828
0 0.549814 0.713069 0.608064 0.714490 0.607856 0.723010 0.549606 0.721589
0 0.353792 0.711649 0.412041 0.713070 0.411833 0.721590 0.353584 0.720169
0 0.434755 0.305399 0.494425 0.306820 0.494222 0.315340 0.434552 0.313919
0 0.589539 0.193946 0.599482 0.130028 0.607904 0.131338 0.597961 0.195256
0 0.366477 0.190341 0.438920 0.190341 0.438920 0.198864 0.366477 0.198864
0 0.431955 0.714491 0.517192 0.717332 0.516908 0.725850 0.431671 0.723009
0 0.623623 0.644281 0.636409 0.556199 0.644843 0.557423 0.632057 0.645506
0 0.498849 0.886372 0.589751 0.892054 0.589219 0.900560 0.498317 0.894878
0 0.445964 0.500000 0.541124 0.498580 0.541251 0.507102 0.446092 0.508522
0 0.419164 0.771309 0.517163 0.774149 0.516916 0.782669 0.418917 0.779828
0 0.654814 0.454907 0.646291 0.554344 0.637799 0.553616 0.646323 0.454179
0 0.404895 0.646307 0.505737 0.647728 0.505617 0.656250 0.404775 0.654829
0 0.592354 0.891590 0.603717 0.785063 0.612192 0.785967 0.600828 0.892494
0 0.573892 0.313426 0.586678 0.205458 0.595142 0.206461 0.582356 0.314428
0 0.578079 0.325913 0.561032 0.439556 0.552603 0.438292 0.569650 0.324648
0 0.423084 0.318085 0.381894 0.444498 0.373791 0.441858 0.414981 0.315445
0 0.221832 0.762791 0.396550 0.772734 0.396065 0.781243 0.221348 0.771300
0 0.383458 0.507842 0.347948 0.710955 0.339553 0.709487 0.375063 0.506375
0 0.354992 0.201297 0.237091 0.680003 0.228815 0.677965 0.346716 0.199259
0 0.407995 0.880694 0.444931 0.883536 0.444278 0.892033 0.407341 0.889192
0 0.404830 0.784091 0.404830 0.821023 0.396307 0.821023 0.396307 0.784091
0 0.338601 0.460261 0.372683 0.464521 0.371626 0.472978 0.337544 0.468718
0 0.389612 0.887765 0.359775 0.890606 0.358968 0.882122 0.388804 0.879280
0 0.549716 0.470170 0.549716 0.498580 0.541193 0.498580 0.541193 0.470170
0 0.539574 0.579412 0.531053 0.606394 0.522926 0.603827 0.531447 0.576845
0 0.447342 0.475356 0.441660 0.500925 0.433340 0.499076 0.439022 0.473507
0 0.427550 0.280072 0.426130 0.305629 0.417620 0.305156 0.419041 0.279599
0 0.404801 0.855610 0.401959 0.879761 0.393495 0.878765 0.396336 0.854614
0 0.405024 0.745886 0.412125 0.723163 0.420260 0.725705 0.413159 0.748428
0 0.388084 0.498590 0.429264 0.501430 0.428678 0.509933 0.387497 0.507093
