0 0.748581 0.514100 0.750001 0.458693 0.758521 0.458911 0.757101 0.514319
0 0.354532 0.306735 0.326117 0.312418 0.324446 0.304061 0.352860 0.298378
0 0.421084 0.305351 0.392680 0.309612 0.391416 0.301183 0.419820 0.296922
0 0.119339 0.761788 0.116498 0.733378 0.124979 0.732530 0.127820 0.760940
0 0.164277 0.536830 0.138708 0.542512 0.136859 0.534193 0.162428 0.528510
0 0.613893 0.448872 0.638028 0.450291 0.637527 0.458799 0.613393 0.457380
0 0.262150 0.698791 0.239421 0.703052 0.237850 0.694675 0.260579 0.690414
0 0.890913 0.421865 0.869597 0.423286 0.869030 0.414782 0.890346 0.413362
0 0.206567 0.328082 0.186684 0.330923 0.185478 0.322486 0.205362 0.319645
0 0.142646 0.347969 0.122763 0.350809 0.121558 0.342372 0.141442 0.339532
0 0.698198 0.536378 0.688254 0.552005 0.681063 0.547429 0.691008 0.531802
0 0.656939 0.167670 0.908359 0.208863 0.906981 0.217273 0.655561 0.176080
0 0.494318 0.474493 0.491477 0.662000 0.482955 0.661871 0.485796 0.474364
0 0.201147 0.340226 0.217845 0.338765 0.231182 0.491209 0.214485 0.492669
0 0.487217 0.444382 0.493532 0.318091 0.502044 0.318516 0.495729 0.444807
0 0.920455 0.237216 0.920455 0.449432 0.911932 0.449432 0.911932 0.237216
0 0.603692 0.610882 0.600851 0.751506 0.592330 0.751334 0.595171 0.610710
0 0.227276 0.689094 0.221595 0.551314 0.230110 0.550963 0.235791 0.688743
0 0.593756 0.592105 0.600859 0.459994 0.609369 0.460452 0.602266 0.592562
0 0.603695 0.437355 0.607957 0.306686 0.616475 0.306963 0.612214 0.437633
0 0.313927 0.669274 0.306825 0.544277 0.315334 0.543794 0.322436 0.668791
0 0.607961 0.289541 0.613642 0.183016 0.622153 0.183470 0.616471 0.289995
0 0.502961 0.291195 0.608065 0.294036 0.607834 0.302555 0.502731 0.299714
0 0.313318 0.311000 0.219579 0.329464 0.217932 0.321102 0.311671 0.302638
0 0.421875 0.553908 0.423296 0.458749 0.431818 0.458876 0.430397 0.554036
0 0.647727 0.352273 0.647727 0.444602 0.639205 0.444602 0.639205 0.352273
0 0.756652 0.596703 0.836185 0.615166 0.834257 0.623468 0.754725 0.605005
0 0.431818 0.585227 0.431818 0.663352 0.423295 0.663352 0.423295 0.585227
0 0.832620 0.305391 0.755921 0.309653 0.755448 0.301143 0.832148 0.296881
0 0.760106 0.447446 0.833972 0.450287 0.833644 0.458804 0.759778 0.455963
0 0.248051 0.519792 0.181279 0.533999 0.179505 0.525663 0.246278 0.511456
0 0.634952 0.529546 0.639214 0.465626 0.647718 0.466193 0.643456 0.530113
0 0.747163 0.379451 0.744323 0.316959 0.752837 0.316572 0.755677 0.379064
0 0.490375 0.301125 0.432122 0.305387 0.431500 0.296887 0.489753 0.292625
0 0.686181 0.302558 0.743010 0.303979 0.742797 0.312499 0.685968 0.311078
0 0.690341 0.598011 0.744318 0.598011 0.744318 0.606534 0.690341 0.606534
0 0.323864 0.316761 0.323864 0.363636 0.315341 0.363636 0.315341 0.316761
0 0.480250 0.678975 0.434789 0.680396 0.434523 0.671877 0.479984 0.670457
0 0.538759 0.674697 0.494732 0.678957 0.493911 0.670474 0.537938 0.666213
0 0.549714 0.615196 0.548293 0.657815 0.539775 0.657531 0.541196 0.614912
0 0.755682 0.548295 0.755682 0.590909 0.747159 0.590909 0.747159 0.548295
0 0.319612 0.450571 0.316772 0.409390 0.325274 0.408804 0.328115 0.449985
0 0.594037 0.606524 0.552856 0.609365 0.552270 0.600862 0.593451 0.598022
0 0.166120 0.714270 0.127768 0.727054 0.125073 0.718969 0.163425 0.706185
0 0.433239 0.384943 0.433239 0.424716 0.424716 0.424716 0.424716 0.384943
0 0.422831 0.676028 0.385904 0.684549 0.383987 0.676245 0.420915 0.667724
0 0.838072 0.500164 0.836651 0.463231 0.845167 0.462904 0.846588 0.499837
0 0.636548 0.603689 0.603880 0.605110 0.603509 0.596595 0.636177 0.595174
0 0.226614 0.703056 0.195365 0.708738 0.193840 0.700353 0.225089 0.694671
0 0.325905 0.676212 0.355738 0.670529 0.357333 0.678902 0.327500 0.684584
