0 0.812688 0.845175 0.878024 0.848015 0.877653 0.856530 0.812317 0.853689
0 0.022789 0.906250 0.795518 0.917614 0.795393 0.926136 0.022664 0.914772
0 0.893466 0.335258 0.889204 0.835269 0.880682 0.835196 0.884944 0.335186
0 0.008522 0.450188 0.018465 0.896213 0.009944 0.896403 0.000001 0.450378
0 0.802558 0.826790 0.794035 0.402074 0.802556 0.401903 0.811079 0.826619
0 0.122158 0.262706 0.127840 0.585156 0.119319 0.585306 0.113637 0.262856
0 0.052557 0.075250 0.055398 0.369270 0.046875 0.369352 0.044034 0.075332
0 0.528542 0.836650 0.795594 0.845173 0.795322 0.853691 0.528270 0.845168
0 0.056997 0.059663 0.319791 0.071027 0.319423 0.079542 0.056629 0.068177
0 0.384937 0.459990 0.399141 0.719943 0.390631 0.720408 0.376427 0.460455
0 0.264205 0.463068 0.264205 0.720170 0.255682 0.720170 0.255682 0.463068
0 0.693252 0.676136 0.511427 0.678977 0.511294 0.670455 0.693118 0.667614
0 0.409419 0.069615 0.554315 0.080980 0.553649 0.089476 0.408753 0.078111
0 0.383522 0.298254 0.384943 0.433190 0.376421 0.433280 0.375000 0.298344
0 0.696023 0.434700 0.694603 0.299764 0.703125 0.299675 0.704545 0.434611
0 0.333807 0.086701 0.332386 0.210272 0.323864 0.210174 0.325285 0.086603
0 0.689076 0.080963 0.568327 0.085225 0.568026 0.076707 0.688775 0.072446
0 0.882120 0.305787 0.872177 0.197835 0.880664 0.197054 0.890607 0.305006
0 0.254261 0.436080 0.254261 0.339489 0.262784 0.339489 0.262784 0.436080
0 0.184659 0.347952 0.186079 0.441691 0.177557 0.441821 0.176137 0.348081
0 0.197443 0.713009 0.198863 0.806748 0.190341 0.806877 0.188921 0.713138
0 0.907933 0.083799 0.817031 0.089480 0.816499 0.080974 0.907401 0.075293
0 0.561085 0.264416 0.556823 0.176337 0.565336 0.175925 0.569597 0.264004
0 0.058314 0.818183 0.144950 0.819602 0.144811 0.828124 0.058175 0.826704
0 0.204624 0.825285 0.288418 0.826705 0.288274 0.835226 0.204479 0.833807
0 0.700284 0.652057 0.698865 0.571104 0.707386 0.570954 0.708806 0.651908
0 0.705894 0.078125 0.782585 0.076706 0.782743 0.085227 0.706051 0.086647
0 0.764209 0.626603 0.761368 0.561267 0.769882 0.560897 0.772723 0.626233
0 0.626704 0.278418 0.690624 0.282680 0.690057 0.291184 0.626137 0.286922
0 0.383523 0.835227 0.447443 0.835227 0.447443 0.843750 0.383523 0.843750
0 0.250485 0.338041 0.189419 0.345141 0.188435 0.336675 0.249501 0.329575
0 0.896307 0.235795 0.896307 0.176136 0.904830 0.176136 0.904830 0.235795
0 0.393575 0.078124 0.335326 0.079544 0.335118 0.071024 0.393368 0.069604
0 0.801149 0.270210 0.796887 0.213381 0.805386 0.212744 0.809647 0.269573
0 0.691763 0.152100 0.690342 0.095272 0.698862 0.095059 0.700283 0.151887
0 0.700285 0.537046 0.698865 0.481638 0.707385 0.481420 0.708805 0.536828
0 0.045456 0.585123 0.046876 0.529715 0.055396 0.529934 0.053976 0.585342
0 0.179680 0.607897 0.128539 0.616419 0.127138 0.608013 0.178279 0.599490
0 0.045471 0.806449 0.049733 0.758143 0.058222 0.758892 0.053960 0.807198
0 0.048297 0.663481 0.046877 0.615178 0.055396 0.614928 0.056816 0.663231
0 0.801136 0.906250 0.801136 0.857955 0.809659 0.857955 0.809659 0.906250
0 0.103826 0.610794 0.056944 0.612214 0.056686 0.603695 0.103568 0.602275
0 0.236212 0.252862 0.278826 0.257123 0.277978 0.265604 0.235364 0.261343
0 0.558264 0.133989 0.554004 0.095645 0.562475 0.094704 0.566735 0.133048
0 0.751740 0.553965 0.713379 0.556807 0.712749 0.548307 0.751110 0.545466
0 0.190341 0.549716 0.190341 0.588068 0.181818 0.588068 0.181818 0.549716
0 0.845978 0.194525 0.809041 0.201628 0.807431 0.193259 0.844368 0.186156
0 0.337574 0.447472 0.374517 0.443209 0.375494 0.451676 0.338551 0.455938
0 0.757116 0.530169 0.754275 0.494658 0.762770 0.493978 0.765611 0.529490
0 0.125694 0.252898 0.159798 0.258582 0.158397 0.266989 0.124293 0.261305
0 0.528988 0.274187 0.560232 0.278448 0.559081 0.286893 0.527836 0.282631
0 0.497159 0.656250 0.497159 0.629261 0.505682 0.629261 0.505682 0.656250
0 0.474201 0.288359 0.499758 0.286938 0.500231 0.295448 0.474674 0.296868
0 0.161714 0.814094 0.185861 0.821196 0.183457 0.829372 0.159309 0.822270
0 0.787670 0.390561 0.763526 0.394821 0.762045 0.386428 0.786189 0.382168
0 0.577201 0.279858 0.601352 0.282700 0.600356 0.291164 0.576205 0.288323
0 0.708807 0.282670 0.732955 0.282670 0.732955 0.291193 0.708807 0.291193
0 0.751420 0.427557 0.751420 0.406250 0.759943 0.406250 0.759943 0.427557
0 0.272347 0.731663 0.289379 0.735921 0.287312 0.744189 0.270280 0.739931
0 0.265429 0.324043 0.279633 0.328305 0.277184 0.336468 0.262980 0.332207
0 0.026792 0.440161 0.012588 0.444422 0.010139 0.436259 0.024344 0.431998
0 0.373084 0.282772 0.371235 0.291092 0.358450 0.288251 0.360299 0.279931
0 0.816294 0.380708 0.817235 0.389178 0.804444 0.390599 0.803504 0.382129
0 0.272002 0.455404 0.267774 0.448004 0.277714 0.442324 0.281942 0.449723
0 0.401261 0.449424 0.397032 0.456824 0.387092 0.451144 0.391320 0.443744
0 0.482474 0.459780 0.486286 0.452157 0.494798 0.456414 0.490986 0.464036
