0 0.937512 0.613964 0.936092 0.595496 0.944590 0.594843 0.946010 0.613311
0 0.769940 0.448121 0.752897 0.343016 0.761310 0.341652 0.778353 0.446756
0 0.683248 0.694883 0.676146 0.589782 0.684649 0.589208 0.691752 0.694309
0 0.240287 0.116483 0.342572 0.122166 0.342100 0.130676 0.239814 0.124993
0 0.917630 0.206332 0.909106 0.106896 0.917598 0.106168 0.926121 0.205604
0 0.380674 0.465655 0.386356 0.560826 0.377849 0.561334 0.372167 0.466163
0 0.537041 0.717328 0.430516 0.720169 0.430289 0.711649 0.536813 0.708808
0 0.750010 0.206261 0.744328 0.123871 0.752831 0.123285 0.758513 0.205674
0 0.604880 0.704552 0.681579 0.700290 0.682052 0.708800 0.605352 0.713062
0 0.338472 0.946004 0.263181 0.953106 0.262381 0.944621 0.337671 0.937519
0 0.669034 0.093750 0.740057 0.093750 0.740057 0.102273 0.669034 0.102273
0 0.394929 0.668218 0.384986 0.598612 0.393423 0.597407 0.403366 0.667013
0 0.799754 0.537503 0.791233 0.475013 0.799677 0.473861 0.808199 0.536351
0 0.764711 0.470140 0.705047 0.477243 0.704039 0.468780 0.763703 0.461677
0 0.460733 0.572413 0.401070 0.579516 0.400062 0.571053 0.459726 0.563950
0 0.420968 0.116446 0.362734 0.123548 0.361703 0.115088 0.419936 0.107986
0 0.933289 0.507754 0.926188 0.462312 0.934609 0.460996 0.941710 0.506438
0 0.525855 0.565331 0.484675 0.568171 0.484088 0.559669 0.525269 0.556829
0 0.939252 0.893453 0.419376 0.934645 0.418703 0.926149 0.938579 0.884957
0 0.922329 0.451680 0.882557 0.455942 0.881648 0.447468 0.921421 0.443206
0 0.799024 0.551074 0.692488 0.569540 0.691032 0.561142 0.797569 0.542676
0 0.666300 0.575283 0.556933 0.578123 0.556712 0.569604 0.666078 0.566763
0 0.924729 0.433653 0.913366 0.317175 0.921848 0.316347 0.933211 0.432825
0 0.944609 0.879503 0.937507 0.755929 0.946016 0.755440 0.953118 0.879014
0 0.409090 0.784050 0.410511 0.918985 0.401989 0.919075 0.400568 0.784140
0 0.905239 0.093731 0.760365 0.107933 0.759534 0.099451 0.904407 0.085249
0 0.460239 0.554293 0.448875 0.398030 0.457375 0.397411 0.468739 0.553675
0 0.437515 0.305755 0.423310 0.136720 0.431803 0.136006 0.446008 0.305041
0 0.443154 0.105114 0.646275 0.103693 0.646334 0.112216 0.443214 0.113637
0 0.669041 0.422116 0.651996 0.128093 0.660505 0.127600 0.677549 0.421623
0 0.251420 0.615025 0.254261 0.927512 0.245739 0.927589 0.242898 0.615102
0 0.238642 0.484602 0.221597 0.156465 0.230108 0.156023 0.247153 0.484160
0 0.670457 0.549875 0.669037 0.511520 0.677554 0.511205 0.678974 0.549559
0 0.362216 0.365057 0.362216 0.342330 0.370739 0.342330 0.370739 0.365057
0 0.824949 0.446629 0.809326 0.457991 0.804313 0.451099 0.819936 0.439736
0 0.349444 0.166521 0.348024 0.148053 0.356522 0.147399 0.357942 0.165868
