0 0.275471 0.369831 0.282574 0.402506 0.274245 0.404316 0.267142 0.371642
0 0.575309 0.289773 0.833828 0.291194 0.833781 0.299716 0.575263 0.298295
0 0.289815 0.676137 0.541248 0.678978 0.541151 0.687500 0.289718 0.684659
0 0.161929 0.489889 0.169031 0.671710 0.160515 0.672043 0.153412 0.490221
0 0.482954 0.154897 0.480113 0.328197 0.471591 0.328058 0.474432 0.154757
0 0.838068 0.698932 0.835227 0.869392 0.826705 0.869250 0.829546 0.698790
0 0.856521 0.307154 0.843738 0.471914 0.835241 0.471255 0.848024 0.306495
0 0.173279 0.694228 0.187483 0.854737 0.178994 0.855488 0.164790 0.694979
0 0.200412 0.863638 0.345293 0.867900 0.345042 0.876419 0.200162 0.872157
0 0.433323 0.360795 0.289857 0.363636 0.289688 0.355115 0.433154 0.352274
0 0.690435 0.590910 0.821114 0.593751 0.820929 0.602272 0.690250 0.599431
0 0.566757 0.156445 0.561076 0.284274 0.552561 0.283895 0.558243 0.156067
0 0.683388 0.869321 0.811229 0.873582 0.810945 0.882100 0.683104 0.877839
0 0.385086 0.757105 0.507256 0.761366 0.506959 0.769884 0.384789 0.765622
0 0.458852 0.484375 0.336701 0.485795 0.336602 0.477273 0.458753 0.475853
0 0.547048 0.761367 0.652161 0.765628 0.651815 0.774144 0.546703 0.769883
0 0.714556 0.678978 0.812557 0.680398 0.812433 0.688920 0.714432 0.687500
0 0.623637 0.365057 0.527056 0.366477 0.526931 0.357955 0.623512 0.356535
0 0.384943 0.867898 0.481534 0.867898 0.481534 0.876420 0.384943 0.876420
0 0.846574 0.491858 0.838050 0.585619 0.829562 0.584847 0.838086 0.491086
0 0.637784 0.370739 0.637784 0.463068 0.629261 0.463068 0.629261 0.370739
0 0.572589 0.588071 0.653562 0.590912 0.653263 0.599429 0.572290 0.596588
0 0.677554 0.782816 0.674713 0.863789 0.666196 0.863490 0.669037 0.782518
0 0.382330 0.411938 0.461875 0.416200 0.461420 0.424710 0.381875 0.420448
0 0.367897 0.779759 0.369317 0.857871 0.360796 0.858026 0.359376 0.779913
0 0.584083 0.869327 0.649427 0.873589 0.648872 0.882094 0.583528 0.877831
0 0.835226 0.610886 0.833806 0.673398 0.825285 0.673205 0.826706 0.610693
0 0.561078 0.608053 0.559658 0.666303 0.551138 0.666095 0.552558 0.607845
0 0.575533 0.674723 0.623831 0.677564 0.623330 0.686072 0.575033 0.683231
0 0.782670 0.475852 0.829545 0.475852 0.829545 0.484375 0.782670 0.484375
0 0.177557 0.473011 0.221591 0.473011 0.221591 0.481534 0.177557 0.481534
0 0.173147 0.414775 0.214344 0.413355 0.214637 0.421873 0.173440 0.423293
0 0.159088 0.426300 0.157667 0.463233 0.149151 0.462905 0.150572 0.425972
0 0.650924 0.471606 0.685011 0.474446 0.684303 0.482940 0.650217 0.480099
0 0.470174 0.405006 0.468754 0.370917 0.477269 0.370562 0.478689 0.404652
0 0.548295 0.569602 0.556818 0.569602 0.556818 0.582386 0.548295 0.582386
0 0.478676 0.432857 0.480096 0.448474 0.471608 0.449246 0.470189 0.433628
0 0.253800 0.414882 0.272264 0.419143 0.270348 0.427447 0.251884 0.423187
0 0.308062 0.417618 0.342151 0.416197 0.342506 0.424712 0.308417 0.426133
