0 0.814400 0.302584 0.928030 0.315367 0.927077 0.323837 0.813447 0.311053
0 0.646277 0.391131 0.630653 0.523222 0.622189 0.522221 0.637813 0.390130
0 0.457518 0.657672 0.599556 0.661934 0.599300 0.670453 0.457262 0.666191
0 0.632067 0.657670 0.788310 0.656250 0.788388 0.664773 0.632144 0.666193
0 0.370266 0.207493 0.526509 0.243003 0.524620 0.251314 0.368377 0.215804
0 0.622138 0.680828 0.605092 0.849857 0.596612 0.849002 0.613658 0.679973
0 0.941758 0.329727 0.923292 0.777159 0.914777 0.776807 0.933242 0.329376
0 0.357922 0.216434 0.285477 0.793151 0.277021 0.792089 0.349466 0.215371
0 0.696198 0.346760 0.684828 0.358130 0.678802 0.352103 0.690172 0.340734
0 0.798253 0.363035 0.801093 0.382919 0.792656 0.384124 0.789816 0.364240
0 0.807841 0.636741 0.797894 0.658057 0.790170 0.654453 0.800118 0.633137
0 0.534061 0.327625 0.536903 0.351777 0.528439 0.352773 0.525597 0.328621
0 0.640152 0.334526 0.661450 0.348724 0.656723 0.355815 0.635425 0.341617
0 0.803836 0.312169 0.796736 0.339148 0.788494 0.336979 0.795593 0.310000
0 0.676400 0.369240 0.697715 0.391976 0.691498 0.397805 0.670183 0.375069
0 0.828122 0.635114 0.826701 0.670625 0.818185 0.670284 0.819606 0.634773
0 0.457239 0.620430 0.447298 0.657354 0.439068 0.655138 0.449009 0.618214
0 0.545319 0.265269 0.535374 0.303631 0.527124 0.301492 0.537069 0.263130
0 0.377661 0.752646 0.364877 0.795258 0.356714 0.792809 0.369498 0.750197
0 0.701826 0.529831 0.750129 0.531252 0.749878 0.539771 0.701575 0.538350
0 0.416010 0.620555 0.401806 0.667428 0.393649 0.664956 0.407853 0.618084
0 0.851936 0.784104 0.905916 0.779843 0.906587 0.788339 0.852607 0.792600
0 0.774054 0.472479 0.761268 0.532147 0.752935 0.530362 0.765721 0.470693
0 0.289773 0.802557 0.350852 0.802557 0.350852 0.811080 0.289773 0.811080
0 0.716565 0.332437 0.780484 0.342380 0.779174 0.350802 0.715255 0.340858
0 0.551567 0.318203 0.622576 0.325305 0.621728 0.333785 0.550719 0.326684
0 0.536814 0.442756 0.519769 0.513779 0.511482 0.511790 0.528527 0.440767
0 0.809653 0.206184 0.805392 0.288574 0.796881 0.288134 0.801142 0.205744
0 0.556772 0.154035 0.543986 0.239275 0.535558 0.238010 0.548344 0.152771
0 0.525912 0.519900 0.613978 0.527002 0.613293 0.535497 0.525227 0.528396
0 0.815336 0.470367 0.811075 0.559868 0.802562 0.559463 0.806823 0.469962
0 0.830899 0.743653 0.813854 0.838815 0.805465 0.837313 0.822509 0.742151
0 0.502572 0.443232 0.467061 0.539823 0.459062 0.536882 0.494573 0.440291
0 0.406214 0.751973 0.392008 0.859934 0.383558 0.858823 0.397764 0.750861
0 0.710205 0.406686 0.697419 0.528860 0.688943 0.527973 0.701728 0.405799
