0 0.768466 0.619318 0.768466 0.757102 0.759943 0.757102 0.759943 0.619318
0 0.514203 0.326589 0.518465 0.482838 0.509945 0.483070 0.505683 0.326821
0 0.289772 0.619241 0.292613 0.779756 0.284092 0.779907 0.281251 0.619392
0 0.305368 0.286932 0.492863 0.285511 0.492927 0.294034 0.305433 0.295455
0 0.497596 0.785489 0.305840 0.805375 0.304961 0.796897 0.496717 0.777012
0 0.518464 0.556933 0.512782 0.761485 0.504263 0.761248 0.509945 0.556697
0 0.752901 0.786931 0.534141 0.789772 0.534031 0.781250 0.752791 0.778409
0 0.701091 0.291270 0.745131 0.299794 0.743512 0.308162 0.699471 0.299637
0 0.600061 0.293988 0.533297 0.303931 0.532042 0.295501 0.598805 0.285558
0 0.294033 0.314034 0.291192 0.424821 0.282672 0.424603 0.285513 0.313815
0 0.767045 0.325334 0.765625 0.457428 0.757103 0.457337 0.758523 0.325242
