0 0.619548 0.491483 0.721834 0.497166 0.721361 0.505676 0.619075 0.499993
0 0.454545 0.370800 0.453125 0.477325 0.444603 0.477211 0.446023 0.370687
0 0.382104 0.479997 0.384944 0.372051 0.393464 0.372276 0.390624 0.480221
0 0.538355 0.413193 0.542617 0.300972 0.551133 0.301296 0.546872 0.413516
0 0.607956 0.484269 0.610797 0.366378 0.619317 0.366583 0.616476 0.484475
0 0.694601 0.296974 0.691760 0.421970 0.683240 0.421776 0.686081 0.296780
0 0.277290 0.651999 0.500294 0.667624 0.499699 0.676126 0.276694 0.660501
0 0.604019 0.605126 0.622487 0.606547 0.621833 0.615045 0.603365 0.613623
0 0.815336 0.612432 0.813915 0.640834 0.805403 0.640409 0.806824 0.612007
0 0.284465 0.480130 0.317126 0.482970 0.316387 0.491461 0.283727 0.488621
0 0.646647 0.421889 0.682158 0.424730 0.681478 0.433225 0.645967 0.430384
0 0.697606 0.284094 0.734539 0.285515 0.734212 0.294031 0.697279 0.292610
0 0.321026 0.533934 0.322446 0.495580 0.330963 0.495895 0.329543 0.534250
0 0.341384 0.484402 0.379728 0.488662 0.378786 0.497132 0.340443 0.492872
0 0.501420 0.666193 0.501420 0.626420 0.509943 0.626420 0.509943 0.666193
0 0.130832 0.373582 0.170608 0.375003 0.170304 0.383520 0.130528 0.382100
0 0.548593 0.414784 0.588378 0.417624 0.587771 0.426126 0.547986 0.423285
0 0.505682 0.535511 0.505682 0.494318 0.514205 0.494318 0.514205 0.535511
0 0.129406 0.487218 0.170603 0.488639 0.170310 0.497157 0.129112 0.495736
0 0.269889 0.471446 0.271309 0.430249 0.279827 0.430543 0.278407 0.471740
0 0.505684 0.580826 0.507105 0.538208 0.515623 0.538492 0.514202 0.581110
0 0.333807 0.390625 0.333807 0.434659 0.325284 0.434659 0.325284 0.390625
0 0.598011 0.625000 0.598011 0.670455 0.589489 0.670455 0.589489 0.625000
0 0.447445 0.332261 0.448865 0.285379 0.457384 0.285637 0.455964 0.332519
0 0.454544 0.493019 0.453123 0.541322 0.444604 0.541072 0.446025 0.492769
0 0.329795 0.585235 0.378092 0.588076 0.377592 0.596584 0.329294 0.593743
0 0.745913 0.288356 0.815514 0.291197 0.815167 0.299712 0.745565 0.296871
0 0.734643 0.686088 0.801411 0.690350 0.800868 0.698855 0.734100 0.694594
0 0.524423 0.599441 0.589768 0.603702 0.589213 0.612207 0.523869 0.607946
0 0.657946 0.680406 0.723290 0.684669 0.722736 0.693173 0.657391 0.688911
0 0.740244 0.500004 0.805580 0.502845 0.805210 0.511360 0.739874 0.508519
0 0.725853 0.573768 0.727274 0.514097 0.735795 0.514300 0.734373 0.573971
0 0.394886 0.276989 0.394886 0.333807 0.386364 0.333807 0.386364 0.276989
0 0.812823 0.691774 0.868228 0.696035 0.867574 0.704533 0.812170 0.700271
0 0.322445 0.328021 0.323865 0.272613 0.332385 0.272831 0.330965 0.328239
0 0.334152 0.261377 0.386707 0.265639 0.386018 0.274134 0.333463 0.269872
0 0.396533 0.265631 0.449098 0.268472 0.448638 0.276983 0.396073 0.274141
0 0.821249 0.504267 0.873814 0.507109 0.873354 0.515619 0.820788 0.512778
0 0.826815 0.291194 0.879381 0.292616 0.879151 0.301135 0.826585 0.299714
0 0.734375 0.352273 0.734375 0.299716 0.742898 0.299716 0.742898 0.352273
0 0.451946 0.595177 0.501666 0.598018 0.501179 0.606527 0.451459 0.603686
0 0.389574 0.589505 0.439278 0.593765 0.438551 0.602256 0.388847 0.597997
0 0.821015 0.450533 0.818174 0.498831 0.809666 0.498330 0.812507 0.450033
0 0.456215 0.480121 0.504512 0.482962 0.504012 0.491470 0.455715 0.488629
0 0.647727 0.677557 0.647727 0.603693 0.656250 0.603693 0.656250 0.677557
0 0.732954 0.606623 0.731533 0.680473 0.723012 0.680309 0.724433 0.606459
0 0.247480 0.370751 0.324173 0.376432 0.323543 0.384931 0.246850 0.379250
0 0.510092 0.669037 0.589644 0.671878 0.589340 0.680395 0.509788 0.677554
0 0.460519 0.269896 0.542908 0.275579 0.542322 0.284081 0.459932 0.278399
0 0.740055 0.403544 0.737213 0.490202 0.728695 0.489922 0.731537 0.403264
0 0.514669 0.481559 0.605576 0.491503 0.604649 0.499975 0.513742 0.490031
0 0.278409 0.500070 0.276988 0.593809 0.268466 0.593680 0.269887 0.499941
