0 0.450359 0.153410 0.609453 0.156251 0.609300 0.164772 0.450206 0.161931
0 0.460224 0.632281 0.457383 0.700460 0.448867 0.700106 0.451708 0.631926
0 0.557062 0.382109 0.632340 0.386371 0.631858 0.394880 0.556581 0.390618
0 0.555397 0.798226 0.556818 0.877758 0.548296 0.877911 0.546876 0.798378
0 0.666271 0.389205 0.750066 0.390625 0.749922 0.399147 0.666127 0.397727
0 0.463068 0.788352 0.463068 0.876420 0.454545 0.876420 0.454545 0.788352
0 0.380627 0.270566 0.366423 0.358632 0.358009 0.357275 0.372213 0.269209
0 0.397711 0.125378 0.389188 0.221962 0.380698 0.221213 0.389221 0.124628
0 0.676200 0.720171 0.778463 0.721591 0.778345 0.730113 0.676082 0.728693
0 0.743002 0.242896 0.630793 0.245737 0.630578 0.237217 0.742786 0.234376
0 0.767044 0.254170 0.769885 0.384849 0.761365 0.385035 0.758524 0.254355
0 0.258487 0.551687 0.241441 0.682370 0.232990 0.681267 0.250036 0.550585
0 0.784077 0.580622 0.795439 0.718393 0.786945 0.719094 0.775583 0.581323
0 0.778419 0.555690 0.768476 0.410803 0.776979 0.410220 0.786922 0.555106
0 0.370729 0.389492 0.360786 0.535802 0.352282 0.535224 0.362226 0.388914
0 0.697443 0.562500 0.762784 0.562500 0.762784 0.571023 0.697443 0.571023
0 0.566988 0.778415 0.785727 0.789778 0.785285 0.798289 0.566546 0.786927
0 0.284070 0.256109 0.257080 0.523157 0.248601 0.522300 0.275590 0.255252
0 0.630624 0.171155 0.620681 0.230815 0.612274 0.229414 0.622217 0.169754
0 0.385398 0.705990 0.437961 0.711673 0.437045 0.720146 0.384482 0.714464
0 0.546861 0.490402 0.542600 0.542957 0.534105 0.542268 0.538366 0.489713
0 0.554235 0.235803 0.601110 0.238644 0.600594 0.247151 0.553720 0.244310
0 0.440605 0.245730 0.395154 0.248571 0.394622 0.240065 0.440073 0.237224
0 0.802546 0.738327 0.805387 0.778112 0.796886 0.778719 0.794044 0.738934
0 0.305722 0.240069 0.342659 0.242911 0.342005 0.251408 0.305069 0.248567
0 0.585437 0.558233 0.557035 0.559654 0.556609 0.551142 0.585011 0.549721
0 0.454598 0.754929 0.450336 0.727934 0.458754 0.726605 0.463016 0.753600
0 0.545390 0.395629 0.541128 0.419773 0.532735 0.418292 0.536997 0.394148
0 0.258801 0.691771 0.280118 0.693191 0.279551 0.701695 0.258235 0.700275
0 0.438792 0.130301 0.434534 0.147334 0.426265 0.145267 0.430523 0.128234
0 0.473011 0.713068 0.538352 0.713068 0.538352 0.721591 0.473011 0.721591
