0 0.327147 0.264181 0.300166 0.267022 0.299273 0.258546 0.326255 0.255706
0 0.524177 0.222091 0.521336 0.197939 0.529800 0.196943 0.532642 0.221095
0 0.271300 0.207143 0.272720 0.231277 0.264212 0.231778 0.262792 0.207643
0 0.510706 0.504330 0.526330 0.507171 0.524806 0.515556 0.509181 0.512715
0 0.082386 0.372159 0.082386 0.380682 0.069602 0.380682 0.069602 0.372159
0 0.725850 0.428838 0.728691 0.519759 0.720173 0.520026 0.717331 0.429104
0 0.897736 0.780108 0.882111 0.535777 0.890616 0.535233 0.906242 0.779564
0 0.276989 0.447427 0.278409 0.782651 0.269886 0.782687 0.268466 0.447463
0 0.093750 0.390611 0.095170 0.784074 0.086648 0.784105 0.085228 0.390642
0 0.392045 0.784091 0.392045 0.680398 0.400568 0.680398 0.400568 0.784091
0 0.414833 0.799716 0.522779 0.801137 0.522667 0.809659 0.414721 0.808238
0 0.401989 0.528409 0.401989 0.646307 0.393466 0.646307 0.393466 0.528409
0 0.815446 0.403411 0.933338 0.406251 0.933133 0.414771 0.815241 0.411931
0 0.751598 0.792617 0.889378 0.798299 0.889027 0.806815 0.751247 0.801133
0 0.731539 0.778618 0.724437 0.636580 0.732950 0.636154 0.740051 0.778193
0 0.079545 0.255682 0.230114 0.255682 0.230114 0.264205 0.079545 0.264205
0 0.103837 0.796878 0.264362 0.802559 0.264060 0.811077 0.103536 0.805395
0 0.706103 0.186077 0.535658 0.191759 0.535374 0.183241 0.705819 0.177559
0 0.551453 0.777000 0.721912 0.789785 0.721274 0.798284 0.550816 0.785499
0 0.511576 0.180392 0.282881 0.191756 0.282458 0.183244 0.511153 0.171880
0 0.296533 0.806832 0.384600 0.799730 0.385285 0.808225 0.297218 0.815327
0 0.539772 0.696102 0.538351 0.778476 0.529830 0.778329 0.531251 0.695955
0 0.626420 0.392045 0.704545 0.392045 0.704545 0.400568 0.626420 0.400568
0 0.420455 0.338068 0.357955 0.338068 0.357955 0.329545 0.420455 0.329545
0 0.258552 0.336146 0.265655 0.276482 0.274118 0.277490 0.267015 0.337154
0 0.510280 0.336634 0.456300 0.340896 0.455629 0.332400 0.509609 0.328138
0 0.534091 0.522727 0.534091 0.575284 0.525568 0.575284 0.525568 0.522727
0 0.714515 0.247629 0.708833 0.196494 0.717304 0.195553 0.722985 0.246687
0 0.721655 0.382839 0.713134 0.334551 0.721527 0.333070 0.730048 0.381358
0 0.338086 0.321411 0.333824 0.274531 0.342311 0.273759 0.346574 0.320640
0 0.784227 0.410509 0.738766 0.411930 0.738500 0.403411 0.783961 0.401991
0 0.940201 0.522725 0.897583 0.521304 0.897867 0.512786 0.940485 0.514207
0 0.409091 0.504261 0.443182 0.504261 0.443182 0.512784 0.409091 0.512784
