0 0.274145 0.079390 0.289770 0.506946 0.281253 0.507257 0.265628 0.079702
0 0.731534 0.298362 0.727272 0.578188 0.718750 0.578058 0.723012 0.298233
0 0.281248 0.663234 0.286931 0.877733 0.278411 0.877959 0.272729 0.663460
0 0.396306 0.534150 0.393465 0.725919 0.384944 0.725793 0.387785 0.534024
0 0.571023 0.105157 0.569602 0.257139 0.561080 0.257059 0.562500 0.105077
0 0.406414 0.062503 0.552724 0.068185 0.552393 0.076701 0.406083 0.071019
0 0.389226 0.285080 0.397707 0.285928 0.396285 0.300147 0.387805 0.299299
0 0.534130 0.591167 0.549749 0.596846 0.546836 0.604856 0.531217 0.599176
0 0.691232 0.586742 0.711122 0.591004 0.709336 0.599338 0.689446 0.595075
0 0.532670 0.413352 0.553977 0.413352 0.553977 0.421875 0.532670 0.421875
0 0.565341 0.697193 0.566761 0.721341 0.558253 0.721842 0.556833 0.697693
0 0.387848 0.867216 0.383588 0.843072 0.391981 0.841591 0.396241 0.865735
0 0.556824 0.851072 0.555404 0.824092 0.563915 0.823644 0.565335 0.850624
0 0.594806 0.271322 0.627467 0.268482 0.628205 0.276973 0.595544 0.279813
0 0.674716 0.279830 0.717330 0.279830 0.717330 0.288352 0.674716 0.288352
0 0.730115 0.152114 0.728695 0.102390 0.737214 0.102147 0.738635 0.151871
0 0.389187 0.077734 0.394868 0.138806 0.386382 0.139595 0.380700 0.078524
0 0.576791 0.590910 0.642145 0.592330 0.641959 0.600851 0.576605 0.599431
0 0.379563 0.890614 0.300021 0.896296 0.299414 0.887795 0.378956 0.882113
0 0.569602 0.313857 0.571022 0.401914 0.562500 0.402052 0.561080 0.313995
0 0.550011 0.874990 0.409397 0.884932 0.408795 0.876431 0.549410 0.866488
0 0.586997 0.072457 0.723370 0.083822 0.722663 0.092315 0.586289 0.080951
0 0.404938 0.265626 0.519988 0.268467 0.519778 0.276987 0.404728 0.274146
0 0.392044 0.386258 0.394885 0.497046 0.386365 0.497264 0.383524 0.386477
0 0.288213 0.055400 0.379134 0.052559 0.379401 0.061077 0.288479 0.063919
