0 0.511364 0.406250 0.511364 0.441761 0.502841 0.441761 0.502841 0.406250
0 0.649147 0.211591 0.651988 0.447397 0.643466 0.447500 0.640625 0.211693
0 0.576701 0.231694 0.569600 0.429123 0.561083 0.428817 0.568184 0.231388
0 0.653409 0.470104 0.656250 0.664714 0.647728 0.664839 0.644887 0.470229
0 0.209021 0.832392 0.382306 0.840914 0.381888 0.849427 0.208603 0.840904
0 0.396593 0.065351 0.562796 0.076714 0.562214 0.085217 0.396011 0.073854
0 0.194598 0.257291 0.187496 0.413550 0.178982 0.413163 0.186084 0.256904
0 0.493253 0.848026 0.645245 0.860811 0.644531 0.869303 0.492539 0.856519
0 0.299983 0.767054 0.437759 0.775576 0.437233 0.784082 0.299457 0.775561
0 0.184650 0.521029 0.193174 0.654564 0.184668 0.655107 0.176145 0.521572
0 0.659080 0.736910 0.667603 0.857661 0.659102 0.858261 0.650579 0.737510
0 0.566770 0.703398 0.559668 0.592602 0.568173 0.592057 0.575275 0.702852
0 0.267320 0.504270 0.356799 0.509951 0.356259 0.518457 0.266780 0.512776
0 0.463412 0.777003 0.551478 0.784105 0.550793 0.792600 0.462727 0.785498
0 0.579545 0.093831 0.578124 0.174784 0.569603 0.174635 0.571024 0.093681
0 0.288675 0.247171 0.362547 0.252854 0.361894 0.261352 0.288021 0.255669
0 0.200467 0.690345 0.267225 0.693186 0.266862 0.701701 0.200105 0.698860
0 0.183237 0.430486 0.181817 0.494419 0.173297 0.494230 0.174717 0.430297
0 0.572641 0.450289 0.635133 0.453129 0.634746 0.461643 0.572254 0.458803
0 0.568177 0.496966 0.571018 0.558036 0.562504 0.558432 0.559664 0.497362
0 0.584027 0.717335 0.640845 0.720176 0.640419 0.728688 0.583601 0.725847
0 0.374999 0.322331 0.376419 0.379160 0.367899 0.379373 0.366479 0.322544
0 0.190347 0.831190 0.187505 0.775780 0.196017 0.775344 0.198858 0.830754
0 0.532669 0.657556 0.534090 0.712964 0.525570 0.713183 0.524149 0.657775
0 0.192096 0.417626 0.246075 0.421889 0.245404 0.430385 0.191425 0.426123
0 0.206185 0.176142 0.260172 0.178983 0.259724 0.187494 0.205737 0.184653
0 0.386357 0.082620 0.383516 0.133762 0.375006 0.133290 0.377848 0.082147
0 0.191760 0.189034 0.190339 0.240180 0.181819 0.239943 0.183241 0.188798
0 0.582504 0.194604 0.632228 0.196024 0.631985 0.204544 0.582261 0.203123
0 0.647756 0.716835 0.653439 0.668532 0.661903 0.669528 0.656220 0.717831
0 0.388167 0.255699 0.435048 0.259961 0.434276 0.268449 0.387395 0.264186
0 0.373571 0.648884 0.376412 0.694335 0.367906 0.694866 0.365065 0.649415
0 0.190333 0.708543 0.193173 0.753994 0.184667 0.754525 0.181827 0.709074
0 0.382390 0.515635 0.424995 0.518475 0.424428 0.526979 0.381823 0.524139
0 0.518466 0.650568 0.480114 0.650568 0.480114 0.642045 0.518466 0.642045
0 0.325658 0.430414 0.358319 0.433254 0.357581 0.441745 0.324920 0.438905
0 0.375000 0.598011 0.375000 0.630682 0.366477 0.630682 0.366477 0.598011
0 0.575167 0.752412 0.568067 0.782232 0.559776 0.780258 0.566876 0.750438
0 0.375000 0.181818 0.375000 0.151989 0.383523 0.151989 0.383523 0.181818
0 0.382319 0.384949 0.410721 0.386369 0.410295 0.394881 0.381893 0.393461
0 0.390625 0.137784 0.419034 0.137784 0.419034 0.146307 0.390625 0.146307
0 0.373556 0.401018 0.370716 0.427999 0.362240 0.427107 0.365080 0.400126
0 0.464269 0.392051 0.491249 0.390631 0.491697 0.399142 0.464717 0.400562
0 0.510686 0.444668 0.534830 0.448928 0.533349 0.457321 0.509205 0.453061
0 0.195957 0.662674 0.191697 0.686818 0.183304 0.685337 0.187564 0.661193
0 0.369289 0.529330 0.372130 0.553481 0.363666 0.554477 0.360824 0.530326
0 0.385200 0.632110 0.409334 0.633529 0.408834 0.642037 0.384700 0.640618
0 0.512912 0.182857 0.507228 0.160119 0.515497 0.158052 0.521181 0.180790
0 0.523259 0.186113 0.545980 0.188953 0.544923 0.197410 0.522202 0.194570
0 0.197155 0.242907 0.218471 0.241487 0.219038 0.249990 0.197722 0.251411
0 0.350852 0.186080 0.370739 0.186080 0.370739 0.194602 0.350852 0.194602
0 0.339489 0.698864 0.359375 0.698864 0.359375 0.707386 0.339489 0.707386
0 0.377792 0.270529 0.374950 0.289005 0.366526 0.287709 0.369369 0.269233
0 0.436106 0.500947 0.444577 0.501888 0.443155 0.514678 0.434685 0.513737
