0 0.519886 0.286932 0.600852 0.286932 0.600852 0.295455 0.519886 0.295455
0 0.083888 0.230115 0.164841 0.231534 0.164692 0.240056 0.083738 0.238636
0 0.189212 0.664783 0.271602 0.670465 0.271015 0.678967 0.188626 0.673285
0 0.656250 0.524226 0.654829 0.608021 0.646307 0.607876 0.647728 0.524082
0 0.190339 0.578262 0.187497 0.663499 0.178979 0.663215 0.181821 0.577978
0 0.602270 0.397878 0.600850 0.437654 0.592332 0.437349 0.593753 0.397574
0 0.294031 0.190491 0.292611 0.230267 0.284094 0.229963 0.285514 0.190187
0 0.144889 0.477133 0.146309 0.434515 0.154827 0.434799 0.153407 0.477417
0 0.073873 0.341188 0.071032 0.298584 0.079536 0.298017 0.082377 0.340621
0 0.491477 0.525568 0.491477 0.569602 0.482955 0.569602 0.482955 0.525568
0 0.609375 0.524148 0.609375 0.569602 0.600852 0.569602 0.600852 0.524148
0 0.552682 0.571025 0.599564 0.572445 0.599306 0.580964 0.552424 0.579544
0 0.690157 0.443186 0.722825 0.441765 0.723195 0.450280 0.690527 0.451701
0 0.194418 0.565345 0.227086 0.563924 0.227457 0.572439 0.194789 0.573860
0 0.195831 0.524152 0.227077 0.522732 0.227464 0.531246 0.196218 0.532666
0 0.171875 0.309659 0.171875 0.340909 0.163352 0.340909 0.163352 0.309659
0 0.600647 0.522722 0.570823 0.521302 0.571228 0.512789 0.601052 0.514209
0 0.284091 0.670455 0.301136 0.670455 0.301136 0.678977 0.284091 0.678977
0 0.495386 0.514219 0.512429 0.512799 0.513137 0.521292 0.496094 0.522713
0 0.734364 0.584920 0.735785 0.604813 0.727284 0.605420 0.725863 0.585528
0 0.174707 0.247438 0.173286 0.268754 0.164782 0.268187 0.166203 0.246871
0 0.183247 0.560820 0.184668 0.538080 0.193174 0.538612 0.191753 0.561352
0 0.759411 0.453092 0.736691 0.450252 0.737748 0.441795 0.760469 0.444635
0 0.511364 0.404830 0.511364 0.431818 0.502841 0.431818 0.502841 0.404830
0 0.071023 0.268466 0.071023 0.241477 0.079545 0.241477 0.079545 0.268466
0 0.522937 0.579540 0.494535 0.580961 0.494109 0.572449 0.522511 0.571028
0 0.379478 0.562505 0.407880 0.563926 0.407454 0.572438 0.379052 0.571017
0 0.732949 0.454336 0.734370 0.482738 0.725858 0.483164 0.724437 0.454762
0 0.271307 0.721591 0.271307 0.684659 0.279830 0.684659 0.279830 0.721591
0 0.076737 0.395410 0.072477 0.361329 0.080934 0.360272 0.085194 0.394353
0 0.421523 0.289787 0.455610 0.286947 0.456318 0.295440 0.422231 0.298281
0 0.321023 0.281250 0.321023 0.247159 0.329545 0.247159 0.329545 0.281250
0 0.613636 0.512784 0.647727 0.512784 0.647727 0.521307 0.613636 0.521307
0 0.602273 0.440341 0.650568 0.440341 0.650568 0.448864 0.602273 0.448864
0 0.686080 0.457386 0.686080 0.508523 0.677557 0.508523 0.677557 0.457386
0 0.504445 0.295451 0.471777 0.296871 0.471407 0.288356 0.504075 0.286936
0 0.333567 0.286939 0.384710 0.284097 0.385183 0.292607 0.334040 0.295448
0 0.657670 0.453125 0.657670 0.507102 0.649148 0.507102 0.649148 0.453125
0 0.505687 0.357749 0.508528 0.300916 0.517041 0.301342 0.514199 0.358174
0 0.328124 0.299606 0.329544 0.357856 0.321024 0.358064 0.319604 0.299814
0 0.082386 0.481534 0.142045 0.481534 0.142045 0.490057 0.082386 0.490057
0 0.828328 0.610800 0.889398 0.613641 0.889002 0.622154 0.827932 0.619314
0 0.721591 0.620739 0.659091 0.620739 0.659091 0.612216 0.721591 0.612216
0 0.285510 0.603782 0.284090 0.667715 0.275569 0.667525 0.276990 0.603592
0 0.313919 0.603779 0.312499 0.669133 0.303978 0.668948 0.305399 0.603594
0 0.227535 0.423288 0.156498 0.427549 0.155988 0.419042 0.227025 0.414780
0 0.610789 0.298544 0.606526 0.369581 0.598018 0.369070 0.602281 0.298033
0 0.181948 0.230116 0.279947 0.232956 0.279700 0.241475 0.181701 0.238635
0 0.379150 0.514206 0.482833 0.511365 0.483066 0.519885 0.379383 0.522726
0 0.379021 0.384950 0.452875 0.380689 0.453366 0.389198 0.379511 0.393458
0 0.498678 0.443181 0.379366 0.446022 0.379163 0.437501 0.498475 0.434660
0 0.825284 0.495739 0.825284 0.606534 0.816761 0.606534 0.816761 0.495739
0 0.839479 0.284369 0.832378 0.393741 0.823873 0.393188 0.830975 0.283816
0 0.289773 0.248580 0.289773 0.357955 0.281250 0.357955 0.281250 0.248580
0 0.086648 0.343750 0.161932 0.343750 0.161932 0.352273 0.086648 0.352273
0 0.514364 0.440344 0.589651 0.443185 0.589330 0.451702 0.514042 0.448860
0 0.737460 0.609382 0.812737 0.613643 0.812256 0.622152 0.736979 0.617891
0 0.465906 0.301289 0.463065 0.379419 0.454548 0.379109 0.457389 0.300979
