0 0.335227 0.602273 0.343750 0.602273 0.343750 0.613636 0.335227 0.613636
0 0.179026 0.491478 0.538404 0.495739 0.538303 0.504261 0.178925 0.500000
0 0.181818 0.414773 0.538352 0.414773 0.538352 0.423295 0.181818 0.423295
0 0.725851 0.247265 0.717328 0.581077 0.708808 0.580860 0.717331 0.247048
0 0.119317 0.505783 0.113635 0.730228 0.105115 0.730012 0.110797 0.505567
0 0.493045 0.782673 0.689081 0.789776 0.688773 0.798293 0.492737 0.791190
0 0.221698 0.315342 0.389314 0.319604 0.389098 0.328124 0.221481 0.323862
0 0.557003 0.529833 0.690518 0.535515 0.690156 0.544030 0.556641 0.538348
0 0.884943 0.177557 0.884943 0.308239 0.876420 0.308239 0.876420 0.177557
0 0.704542 0.680574 0.700280 0.784265 0.691765 0.783915 0.696027 0.680224
0 0.173295 0.508594 0.171875 0.600912 0.163353 0.600781 0.164773 0.508463
0 0.600852 0.420455 0.691761 0.420455 0.691761 0.428977 0.600852 0.428977
0 0.551136 0.627841 0.551136 0.708807 0.542614 0.708807 0.542614 0.627841
0 0.220170 0.184746 0.218749 0.260017 0.210228 0.259856 0.211649 0.184585
0 0.403482 0.707387 0.478767 0.708808 0.478606 0.717329 0.403321 0.715908
0 0.403335 0.781250 0.478606 0.779831 0.478767 0.788352 0.403496 0.789772
0 0.774232 0.071023 0.841006 0.072445 0.840825 0.080965 0.774050 0.079544
0 0.735983 0.414777 0.801319 0.417618 0.800949 0.426132 0.735613 0.423291
0 0.811080 0.161932 0.875000 0.161932 0.875000 0.170455 0.811080 0.170455
0 0.552557 0.350852 0.552557 0.413352 0.544034 0.413352 0.544034 0.350852
0 0.815641 0.419044 0.876714 0.423306 0.876121 0.431808 0.815048 0.427546
0 0.176135 0.427650 0.174715 0.488741 0.166194 0.488543 0.167615 0.427452
0 0.802557 0.312500 0.802557 0.252841 0.811080 0.252841 0.811080 0.312500
0 0.884943 0.357955 0.884943 0.417614 0.876420 0.417614 0.876420 0.357955
0 0.223225 0.264210 0.281451 0.267050 0.281036 0.275563 0.222810 0.272722
0 0.150667 0.261365 0.208916 0.262786 0.208708 0.271306 0.150459 0.269885
0 0.541193 0.490057 0.541193 0.431818 0.549716 0.431818 0.549716 0.490057
0 0.809653 0.357735 0.812495 0.414567 0.803983 0.414993 0.801141 0.358160
0 0.390626 0.847907 0.392047 0.792499 0.400567 0.792718 0.399146 0.848126
0 0.284673 0.089449 0.233545 0.096550 0.232372 0.088108 0.283501 0.081007
0 0.493015 0.707388 0.542739 0.708809 0.542496 0.717328 0.492772 0.715907
0 0.495350 0.164790 0.542231 0.160529 0.543002 0.169017 0.496122 0.173278
0 0.889463 0.163360 0.936337 0.166201 0.935821 0.174708 0.888947 0.171867
0 0.646433 0.160513 0.693314 0.161934 0.693056 0.170453 0.646174 0.169032
0 0.888940 0.424724 0.934392 0.421883 0.934923 0.430389 0.889472 0.433230
0 0.389923 0.173235 0.348741 0.180335 0.347293 0.171936 0.388475 0.164836
0 0.589489 0.291193 0.589489 0.250000 0.598011 0.250000 0.598011 0.291193
0 0.125751 0.488703 0.165520 0.495804 0.164022 0.504194 0.124253 0.497093
0 0.551125 0.257413 0.548283 0.295774 0.539784 0.295144 0.542626 0.256783
0 0.703122 0.120574 0.704542 0.157507 0.696026 0.157835 0.694606 0.120902
0 0.354033 0.700298 0.389544 0.703139 0.388865 0.711634 0.353353 0.708793
0 0.393296 0.600856 0.428807 0.599435 0.429148 0.607951 0.393636 0.609372
0 0.808239 0.120739 0.808239 0.156250 0.799716 0.156250 0.799716 0.120739
0 0.850849 0.083985 0.849428 0.118075 0.840913 0.117720 0.842333 0.083630
0 0.545455 0.208807 0.545455 0.174716 0.553977 0.174716 0.553977 0.208807
0 0.155377 0.089524 0.188055 0.093787 0.186952 0.102238 0.154275 0.097975
0 0.116477 0.732955 0.149148 0.732955 0.149148 0.741477 0.116477 0.741477
0 0.557846 0.163370 0.589110 0.160529 0.589881 0.169016 0.558618 0.171858
0 0.113832 0.821027 0.145078 0.822448 0.144691 0.830962 0.113445 0.829541
0 0.390625 0.311080 0.390625 0.279830 0.399148 0.279830 0.399148 0.311080
0 0.603265 0.235912 0.633084 0.243013 0.631110 0.251304 0.601291 0.244203
0 0.555996 0.414815 0.585835 0.419077 0.584629 0.427514 0.554790 0.423252
0 0.481539 0.310874 0.482959 0.281050 0.491472 0.281455 0.490052 0.311279
0 0.545455 0.575284 0.545455 0.545455 0.553977 0.545455 0.553977 0.575284
0 0.604526 0.159173 0.632941 0.164856 0.631269 0.173213 0.602855 0.167531
0 0.218729 0.278833 0.215888 0.307242 0.207407 0.306394 0.210248 0.277985
0 0.707177 0.106539 0.735579 0.105119 0.736005 0.113631 0.707603 0.115051
0 0.147727 0.821023 0.147727 0.792614 0.156250 0.792614 0.156250 0.821023
0 0.706194 0.066767 0.733174 0.068188 0.732726 0.076699 0.705746 0.075278
0 0.484375 0.357955 0.484375 0.330966 0.492898 0.330966 0.492898 0.357955
0 0.188920 0.744318 0.161932 0.744318 0.161932 0.735795 0.188920 0.735795
0 0.353935 0.605120 0.379492 0.606541 0.379019 0.615050 0.353462 0.613630
0 0.353935 0.640632 0.379492 0.642052 0.379019 0.650562 0.353462 0.649141
0 0.636364 0.488636 0.636364 0.463068 0.644886 0.463068 0.644886 0.488636
0 0.775127 0.105227 0.799269 0.110908 0.797316 0.119204 0.773175 0.113524
0 0.636370 0.199107 0.634951 0.174973 0.643459 0.174472 0.644878 0.198607
0 0.100852 0.818182 0.100852 0.794034 0.109375 0.794034 0.109375 0.818182
0 0.744286 0.172770 0.747126 0.195491 0.738669 0.196548 0.735829 0.173827
0 0.480121 0.202865 0.481543 0.180126 0.490049 0.180657 0.488627 0.203397
0 0.600845 0.344010 0.599423 0.366749 0.590917 0.366218 0.592339 0.343478
0 0.701705 0.079545 0.701705 0.102273 0.693182 0.102273 0.693182 0.079545
0 0.481534 0.242898 0.481534 0.220170 0.490057 0.220170 0.490057 0.242898
0 0.383532 0.638072 0.382112 0.616756 0.390615 0.616189 0.392036 0.637505
0 0.806818 0.173295 0.806818 0.194602 0.798295 0.194602 0.798295 0.173295
0 0.399053 0.219276 0.403315 0.239166 0.394981 0.240951 0.390719 0.221062
0 0.802568 0.233261 0.801147 0.213369 0.809648 0.212761 0.811069 0.232654
0 0.598001 0.393767 0.596580 0.413659 0.588079 0.413052 0.589500 0.393159
0 0.610489 0.492909 0.630381 0.491488 0.630989 0.499989 0.611096 0.501410
0 0.405789 0.204655 0.424252 0.208915 0.422336 0.217220 0.403873 0.212960
0 0.371698 0.775677 0.390162 0.779939 0.388245 0.788243 0.369782 0.783982
0 0.392058 0.199959 0.393478 0.181490 0.401976 0.182144 0.400556 0.200612
0 0.282683 0.263879 0.284103 0.245411 0.292601 0.246064 0.291181 0.264532
0 0.405155 0.318195 0.423623 0.319615 0.422970 0.328112 0.404502 0.326692
0 0.110783 0.750326 0.109362 0.768794 0.100864 0.768140 0.102286 0.749672
0 0.149161 0.859703 0.147739 0.841235 0.156237 0.840581 0.157658 0.859049
0 0.747159 0.552557 0.747159 0.571023 0.738636 0.571023 0.738636 0.552557
0 0.738636 0.625000 0.738636 0.606534 0.747159 0.606534 0.747159 0.625000
0 0.708586 0.178911 0.702908 0.195944 0.694823 0.193249 0.700501 0.176215
0 0.696148 0.657277 0.691890 0.640244 0.700159 0.638177 0.704417 0.655210
0 0.465611 0.163502 0.481234 0.167764 0.478991 0.175986 0.463369 0.171725
0 0.465251 0.315410 0.480876 0.318251 0.479351 0.326636 0.463727 0.323795
0 0.554367 0.494336 0.569984 0.495756 0.569213 0.504244 0.553595 0.502823
0 0.163370 0.634553 0.164790 0.618936 0.173278 0.619708 0.171858 0.635325
0 0.173685 0.640643 0.189302 0.642062 0.188531 0.650550 0.172914 0.649131
0 0.646307 0.453125 0.661932 0.453125 0.661932 0.461648 0.646307 0.461648
0 0.335227 0.714489 0.335227 0.698864 0.343750 0.698864 0.343750 0.714489
0 0.333807 0.759943 0.333807 0.744318 0.342330 0.744318 0.342330 0.759943
0 0.406054 0.166373 0.420258 0.170634 0.417809 0.178798 0.403605 0.174536
0 0.693182 0.451705 0.693182 0.460227 0.678977 0.460227 0.678977 0.451705
0 0.798600 0.163717 0.795138 0.171505 0.782366 0.165828 0.785827 0.158040
0 0.235479 0.167983 0.238941 0.175772 0.226168 0.181448 0.222707 0.173660
0 0.190263 0.606751 0.187568 0.614837 0.174793 0.610578 0.177489 0.602493
0 0.362433 0.760021 0.370518 0.762716 0.366260 0.775491 0.358175 0.772796
0 0.690815 0.497185 0.689874 0.505656 0.677083 0.504235 0.678024 0.495764
0 0.191761 0.738636 0.200284 0.738636 0.200284 0.751420 0.191761 0.751420
0 0.298744 0.215427 0.306367 0.219238 0.300688 0.230596 0.293065 0.226785
0 0.762254 0.156283 0.763311 0.164740 0.751950 0.166160 0.750894 0.157703
0 0.655356 0.491510 0.654300 0.499967 0.642939 0.498547 0.643996 0.490090
0 0.335227 0.637784 0.343750 0.637784 0.343750 0.649148 0.335227 0.649148
0 0.201705 0.651989 0.193182 0.651989 0.193182 0.640625 0.201705 0.640625
0 0.469222 0.210929 0.473949 0.203837 0.482483 0.209526 0.477755 0.216617
