0 0.498583 0.355293 0.495743 0.288535 0.504258 0.288173 0.507098 0.354931
0 0.205963 0.329705 0.200281 0.478858 0.191764 0.478534 0.197446 0.329381
0 0.669046 0.488953 0.659103 0.355430 0.667602 0.354797 0.677545 0.488320
0 0.436734 0.312449 0.307460 0.332338 0.306164 0.323914 0.435438 0.304026
0 0.436589 0.278378 0.307331 0.294003 0.306309 0.285542 0.435566 0.269917
0 0.657686 0.339851 0.647742 0.221945 0.656235 0.221229 0.666178 0.339134
0 0.645326 0.217307 0.550162 0.227249 0.549276 0.218773 0.644440 0.208830
0 0.655204 0.349415 0.560045 0.357937 0.559285 0.349448 0.654444 0.340926
0 0.208804 0.243064 0.205963 0.315508 0.197446 0.315174 0.200287 0.242730
0 0.247613 0.319578 0.207840 0.323839 0.206933 0.315365 0.246705 0.311104
0 0.495742 0.275738 0.494322 0.240227 0.502838 0.239887 0.504258 0.275398
0 0.646312 0.207596 0.644892 0.179194 0.653404 0.178768 0.654824 0.207170
0 0.531750 0.360766 0.507598 0.363607 0.506602 0.355143 0.530754 0.352302
0 0.526094 0.232922 0.503373 0.235762 0.502316 0.227305 0.525036 0.224465
