0 0.430354 0.532671 0.556766 0.531250 0.556862 0.539772 0.430450 0.541193
0 0.566822 0.698863 0.275632 0.703125 0.275507 0.694603 0.566698 0.690341
0 0.507201 0.613635 0.314010 0.617897 0.313822 0.609376 0.507013 0.605114
0 0.750075 0.694602 0.583878 0.697443 0.583732 0.688921 0.749929 0.686080
0 0.548478 0.419030 0.420650 0.424712 0.420272 0.416197 0.548100 0.410516
0 0.417620 0.532901 0.416200 0.507344 0.424709 0.506871 0.426130 0.532428
0 0.562518 0.572836 0.559676 0.541572 0.568164 0.540801 0.571006 0.572064
0 0.576692 0.650239 0.579533 0.687175 0.571035 0.687829 0.568194 0.650893
0 0.414808 0.472138 0.409126 0.428100 0.417578 0.427009 0.423261 0.471048
0 0.677825 0.410503 0.564183 0.417605 0.563652 0.409099 0.677294 0.401997
0 0.403672 0.423287 0.285761 0.430390 0.285248 0.421883 0.403160 0.414780
0 0.559649 0.420161 0.563910 0.481234 0.555408 0.481827 0.551147 0.420754
