0 0.491752 0.697435 0.424984 0.701696 0.424441 0.693190 0.491209 0.688929
0 0.741477 0.375084 0.740055 0.441859 0.731535 0.441677 0.732956 0.374903
0 0.889947 0.558174 0.826034 0.569536 0.824542 0.561144 0.888455 0.549783
0 0.196677 0.745688 0.132758 0.755631 0.131448 0.747209 0.195367 0.737267
0 0.875418 0.153389 0.817171 0.159071 0.816344 0.150589 0.874590 0.144906
0 0.644900 0.475518 0.649161 0.421538 0.657657 0.422209 0.653396 0.476189
0 0.868845 0.312393 0.819133 0.323756 0.817234 0.315448 0.866946 0.304085
0 0.563530 0.678851 0.518082 0.690213 0.516015 0.681944 0.561463 0.670583
0 0.970568 0.357936 0.925114 0.362197 0.924318 0.353712 0.969773 0.349451
0 0.632650 0.667578 0.588611 0.673261 0.587521 0.664808 0.631559 0.659126
0 0.778696 0.571013 0.737515 0.573853 0.736929 0.565351 0.778110 0.562510
0 0.569605 0.732810 0.571025 0.691613 0.579543 0.691906 0.578123 0.733103
0 0.586816 0.498273 0.572599 0.503959 0.569434 0.496045 0.583651 0.490359
0 0.203122 0.579378 0.208804 0.725689 0.200287 0.726019 0.194605 0.579709
0 0.644913 0.184659 0.433270 0.186080 0.433212 0.177557 0.644855 0.176136
0 0.404855 0.190341 0.187530 0.191761 0.187474 0.183238 0.404799 0.181819
0 0.734365 0.579831 0.717319 0.828423 0.708817 0.827840 0.725862 0.579248
0 0.410512 0.501357 0.414773 0.207326 0.423295 0.207449 0.419034 0.501481
0 0.114836 0.980047 0.109158 0.997080 0.101073 0.994385 0.106751 0.977352
0 0.801146 0.197165 0.802566 0.175848 0.811070 0.176415 0.809650 0.197731
0 0.725852 0.561080 0.725852 0.538352 0.734375 0.538352 0.734375 0.561080
0 0.633548 0.657206 0.636390 0.631625 0.644861 0.632566 0.642019 0.658148
0 0.642067 0.529406 0.644908 0.500996 0.653388 0.501844 0.650547 0.530254
0 0.653414 0.167814 0.651994 0.137989 0.660507 0.137584 0.661927 0.167408
0 0.791189 0.376616 0.789768 0.407862 0.781254 0.407475 0.782675 0.376229
0 0.746968 0.359379 0.778214 0.357959 0.778601 0.366473 0.747354 0.367893
0 0.709362 0.845134 0.676684 0.849396 0.675582 0.840945 0.708259 0.836683
0 0.946895 0.549626 0.912798 0.556729 0.911059 0.548386 0.945157 0.541282
0 0.643974 0.494288 0.608462 0.498549 0.607446 0.490087 0.642959 0.485826
0 0.404365 0.707278 0.367438 0.715799 0.365521 0.707495 0.402449 0.698974
0 0.873591 0.202814 0.876432 0.164454 0.884932 0.165083 0.882090 0.203444
0 0.726629 0.575213 0.688275 0.582315 0.686723 0.573935 0.725077 0.566833
0 0.186084 0.520090 0.171880 0.213259 0.180393 0.212865 0.194598 0.519695
0 0.561892 0.873501 0.158478 0.951627 0.156858 0.943260 0.560272 0.865134
0 0.797351 0.164746 0.670930 0.178950 0.669979 0.170481 0.796399 0.156277
0 0.421873 0.547010 0.417612 0.686206 0.409093 0.685945 0.413354 0.546749
0 0.661929 0.200435 0.657668 0.326841 0.649151 0.326554 0.653411 0.200148
0 0.674033 0.849367 0.584535 0.864994 0.583069 0.856599 0.672567 0.840972
0 0.301847 0.728633 0.218043 0.742838 0.216618 0.734435 0.300423 0.720230
0 0.905165 0.365043 0.832717 0.370726 0.832051 0.362229 0.904499 0.356547
0 0.798280 0.271665 0.792599 0.339838 0.784106 0.339130 0.789787 0.270957
