0 0.453123 0.228833 0.451702 0.271451 0.443184 0.271167 0.444605 0.228549
0 0.442280 0.080934 0.102781 0.122129 0.101754 0.113668 0.441253 0.072474
0 0.619318 0.059641 0.620739 0.367876 0.612216 0.367916 0.610795 0.059680
0 0.268470 0.793849 0.281254 0.502652 0.289769 0.503026 0.276984 0.794223
0 0.086660 0.783764 0.107966 0.502524 0.116465 0.503168 0.095159 0.784408
0 0.284439 0.813935 0.490411 0.830980 0.489708 0.839474 0.283736 0.822429
0 0.099730 0.795465 0.261662 0.806829 0.261065 0.815331 0.099134 0.803967
0 0.516499 0.832477 0.665647 0.863727 0.663899 0.872068 0.514751 0.840819
0 0.611491 0.058182 0.466614 0.082327 0.465213 0.073920 0.610090 0.049775
0 0.509943 0.671923 0.508522 0.809699 0.500000 0.809611 0.501421 0.671835
0 0.296874 0.318271 0.294033 0.454634 0.285512 0.454456 0.288353 0.318094
0 0.115063 0.448632 0.122166 0.319367 0.130676 0.319834 0.123573 0.449099
0 0.728642 0.615057 0.838008 0.613637 0.838119 0.622159 0.728753 0.623579
0 0.673284 0.645994 0.680385 0.741156 0.671886 0.741790 0.664785 0.646628
0 0.738761 0.357957 0.831103 0.360797 0.830841 0.369316 0.738499 0.366476
0 0.861260 0.610821 0.952167 0.620764 0.951240 0.629236 0.860333 0.619293
0 0.691377 0.865185 0.770917 0.885070 0.768850 0.893338 0.689310 0.873453
0 0.616471 0.535750 0.612209 0.612450 0.603700 0.611977 0.607961 0.535277
0 0.860874 0.352274 0.931910 0.353694 0.931740 0.362215 0.860703 0.360795
0 0.706825 0.667701 0.776413 0.681903 0.774709 0.690253 0.705121 0.676052
0 0.784091 0.799716 0.784091 0.869318 0.775568 0.869318 0.775568 0.799716
0 0.849431 0.528308 0.850851 0.592241 0.842330 0.592431 0.840910 0.528497
0 0.511364 0.566761 0.511364 0.502841 0.519886 0.502841 0.519886 0.566761
0 0.140432 0.296879 0.201502 0.294039 0.201898 0.302552 0.140828 0.305393
0 0.365570 0.295424 0.307337 0.302525 0.306305 0.294065 0.364538 0.286964
0 0.676839 0.374941 0.625698 0.383465 0.624297 0.375059 0.675438 0.366535
0 0.561080 0.376420 0.610795 0.376420 0.610795 0.384943 0.561080 0.384943
0 0.390245 0.291210 0.438551 0.286948 0.439301 0.295437 0.390994 0.299700
0 0.507780 0.291139 0.463747 0.298241 0.462390 0.289827 0.506423 0.282725
0 0.664782 0.609098 0.667622 0.565070 0.676127 0.565618 0.673287 0.609646
0 0.619618 0.619329 0.660798 0.622169 0.660212 0.630671 0.619031 0.627831
0 0.507261 0.488634 0.468907 0.490054 0.468591 0.481537 0.506946 0.480117
0 0.116817 0.308225 0.081306 0.311066 0.080626 0.302570 0.116138 0.299729
0 0.509947 0.471761 0.508526 0.436250 0.517042 0.435909 0.518463 0.471421
0 0.724417 0.565697 0.721576 0.599783 0.713083 0.599076 0.715924 0.564989
0 0.776992 0.742720 0.778413 0.708630 0.786928 0.708985 0.785507 0.743075
0 0.254448 0.292618 0.287116 0.294038 0.286746 0.302553 0.254078 0.301133
0 0.836667 0.411531 0.839508 0.381695 0.847993 0.382503 0.845151 0.412339
0 0.504255 0.849674 0.502834 0.875231 0.494325 0.874758 0.495745 0.849201
0 0.518458 0.299973 0.517038 0.324107 0.508530 0.323607 0.509950 0.299472
0 0.673295 0.849432 0.673295 0.826705 0.681818 0.826705 0.681818 0.849432
0 0.610805 0.411653 0.612225 0.390337 0.620729 0.390904 0.619309 0.412220
0 0.688756 0.645136 0.694438 0.665022 0.686244 0.667364 0.680562 0.647478
0 0.075273 0.081266 0.073853 0.101159 0.065352 0.100552 0.066772 0.080659
0 0.723026 0.394531 0.724447 0.377488 0.732940 0.378196 0.731519 0.395239
0 0.446096 0.483225 0.443104 0.491205 0.431745 0.486946 0.434737 0.478966
