0 0.339464 0.662386 0.335203 0.702158 0.326729 0.701250 0.330990 0.661478
0 0.452772 0.732969 0.469816 0.731549 0.470523 0.740042 0.453480 0.741462
0 0.297800 0.558340 0.295951 0.566660 0.283166 0.563819 0.285015 0.555499
0 0.351743 0.822476 0.352800 0.830933 0.341439 0.832353 0.340382 0.823896
0 0.613636 0.708807 0.613636 0.717330 0.602273 0.717330 0.602273 0.708807
0 0.532670 0.794034 0.532670 0.785511 0.544034 0.785511 0.544034 0.794034
0 0.528482 0.563921 0.603767 0.565342 0.603606 0.573863 0.528321 0.572442
0 0.292605 0.184920 0.288344 0.253111 0.279838 0.252580 0.284099 0.184389
0 0.323865 0.816673 0.325285 0.752740 0.333806 0.752929 0.332385 0.816862
0 0.470170 0.904830 0.470170 0.846591 0.478693 0.846591 0.478693 0.904830
0 0.286907 0.365510 0.281228 0.419473 0.272752 0.418581 0.278431 0.364618
0 0.629261 0.725852 0.629261 0.775568 0.620739 0.775568 0.620739 0.725852
0 0.519886 0.732955 0.519886 0.778409 0.511364 0.778409 0.511364 0.732955
0 0.319602 0.890625 0.319602 0.845170 0.328125 0.845170 0.328125 0.890625
0 0.296855 0.118312 0.292594 0.162339 0.284111 0.161518 0.288372 0.117491
0 0.505821 0.700286 0.548440 0.701707 0.548156 0.710225 0.505537 0.708804
0 0.335227 0.647727 0.335227 0.606534 0.343750 0.606534 0.343750 0.647727
0 0.440491 0.647730 0.480267 0.649150 0.479963 0.657668 0.440187 0.656247
0 0.286886 0.516246 0.281203 0.554606 0.272773 0.553356 0.278456 0.514997
0 0.284091 0.446023 0.284091 0.484375 0.275568 0.484375 0.275568 0.446023
0 0.578499 0.781266 0.611160 0.784107 0.610421 0.792597 0.577761 0.789757
0 0.421875 0.565341 0.454545 0.565341 0.454545 0.573864 0.421875 0.573864
0 0.422071 0.828129 0.453317 0.829550 0.452929 0.838064 0.421683 0.836643
0 0.278409 0.338068 0.278409 0.309659 0.286932 0.309659 0.286932 0.338068
0 0.417590 0.531700 0.414750 0.558681 0.406274 0.557789 0.409114 0.530807
0 0.233183 0.494324 0.260163 0.495744 0.259715 0.504255 0.232735 0.502835
0 0.485795 0.688920 0.485795 0.663352 0.494318 0.663352 0.494318 0.688920
0 0.374106 0.566856 0.393995 0.562594 0.395781 0.570928 0.375891 0.575190
0 0.453768 0.696071 0.472244 0.698914 0.470948 0.707338 0.452472 0.704495
0 0.110795 0.075284 0.129261 0.075284 0.129261 0.083807 0.110795 0.083807
0 0.642043 0.193330 0.636361 0.351011 0.627843 0.350704 0.633526 0.193023
0 0.136353 0.508821 0.127831 0.632391 0.119328 0.631804 0.127851 0.508234
0 0.620740 0.700385 0.617899 0.583914 0.626419 0.583706 0.629260 0.700177
0 0.297321 0.345194 0.392485 0.355136 0.391599 0.363613 0.296435 0.353671
0 0.301339 0.169039 0.393656 0.173300 0.393263 0.181814 0.300946 0.177552
0 0.485770 0.747624 0.477246 0.824340 0.468776 0.823399 0.477299 0.746683
0 0.133795 0.636372 0.329828 0.649157 0.329273 0.657662 0.133241 0.644877
0 0.431944 0.169036 0.623706 0.174718 0.623454 0.183237 0.431691 0.177555
0 0.150563 0.123792 0.132096 0.484598 0.123585 0.484163 0.142051 0.123356
0 0.434859 0.353698 0.616676 0.362221 0.616277 0.370734 0.434460 0.362211
0 0.637778 0.380917 0.627834 0.558480 0.619325 0.558003 0.629268 0.380441
