0 0.071011 0.273036 0.035501 0.764510 0.027000 0.763896 0.062511 0.272422
0 0.904793 0.510805 0.913317 0.576161 0.904866 0.577263 0.896342 0.511907
0 0.205311 0.359946 0.243668 0.421033 0.236451 0.425565 0.198093 0.364479
0 0.383853 0.207381 0.432158 0.261368 0.425806 0.267051 0.377501 0.213063
0 0.372156 0.119485 0.369315 0.191929 0.360799 0.191595 0.363640 0.119151
0 0.362139 0.206368 0.293965 0.264601 0.288429 0.258120 0.356604 0.199888
0 0.519120 0.408688 0.466561 0.483975 0.459573 0.479096 0.512132 0.403809
0 0.782979 0.480125 0.880989 0.487227 0.880373 0.495727 0.782363 0.488625
0 0.126420 0.839434 0.127840 0.940276 0.119318 0.940396 0.117898 0.839554
0 0.291952 0.517606 0.348766 0.607088 0.341571 0.611656 0.284757 0.522174
0 0.092294 0.048847 0.076668 0.168169 0.068218 0.167062 0.083843 0.047740
0 0.741490 0.623916 0.731547 0.496063 0.740044 0.495402 0.749988 0.623255
0 0.764463 0.934652 0.143714 0.971583 0.143208 0.963076 0.763957 0.926144
0 0.054468 0.778861 0.077184 0.790220 0.073373 0.797843 0.050657 0.786484
0 0.139203 0.349550 0.127839 0.745865 0.119320 0.745620 0.130684 0.349306
0 0.103381 0.018612 0.350546 0.085376 0.348323 0.093603 0.101159 0.026840
0 0.953158 0.895421 0.923329 0.658199 0.931785 0.657135 0.961615 0.894358
0 0.774173 0.910973 0.748605 0.678025 0.757077 0.677095 0.782645 0.910043
0 0.136445 0.789774 0.342424 0.794035 0.342248 0.802556 0.136269 0.798295
0 0.530389 0.387821 0.722158 0.413390 0.721031 0.421838 0.529263 0.396269
0 0.947744 0.920444 0.790085 0.931806 0.789472 0.923306 0.947131 0.911944
0 0.357954 0.629180 0.360795 0.778329 0.352274 0.778491 0.349433 0.629342
0 0.405304 0.556655 0.369796 0.600684 0.363162 0.595334 0.398670 0.551305
0 0.486207 0.336735 0.517458 0.373669 0.510952 0.379174 0.479701 0.342241
0 0.145465 0.331005 0.186666 0.336688 0.185501 0.345131 0.144300 0.339448
0 0.227121 0.312964 0.204389 0.331434 0.199015 0.324820 0.221747 0.306350
