0 0.246045 0.333796 0.226153 0.335216 0.225546 0.326715 0.245438 0.325295
0 0.314489 0.249716 0.301705 0.266761 0.294886 0.261648 0.307670 0.244602
0 0.271973 0.302137 0.259182 0.320612 0.252174 0.315761 0.264966 0.297285
0 0.263492 0.334288 0.277690 0.355586 0.270599 0.360314 0.256401 0.339016
0 0.385558 0.307166 0.404021 0.332730 0.397112 0.337720 0.378649 0.312156
0 0.776989 0.406250 0.776989 0.438920 0.768466 0.438920 0.768466 0.406250
0 0.405089 0.350935 0.382367 0.375077 0.376161 0.369236 0.398883 0.345094
0 0.146307 0.514205 0.184659 0.514205 0.184659 0.522727 0.146307 0.522727
0 0.331217 0.244227 0.358200 0.272630 0.352021 0.278500 0.325038 0.250097
0 0.298828 0.389441 0.322973 0.420688 0.316229 0.425900 0.292084 0.394652
0 0.223014 0.600707 0.224434 0.559510 0.232952 0.559804 0.231532 0.601001
0 0.619307 0.400886 0.615046 0.459111 0.606546 0.458489 0.610807 0.400264
0 0.323862 0.170349 0.325283 0.231441 0.316763 0.231639 0.315342 0.170548
0 0.330976 0.501709 0.326714 0.439212 0.335217 0.438632 0.339479 0.501129
0 0.698070 0.380728 0.764833 0.390672 0.763578 0.399101 0.696814 0.389158
0 0.781237 0.524478 0.775555 0.596926 0.767059 0.596260 0.772740 0.523812
0 0.143465 0.173222 0.144886 0.248492 0.136365 0.248653 0.134944 0.173383
0 0.230114 0.511364 0.322443 0.511364 0.322443 0.519886 0.230114 0.519886
0 0.613636 0.504331 0.612216 0.598071 0.603694 0.597941 0.605114 0.504202
0 0.223011 0.342330 0.223011 0.485795 0.214489 0.485795 0.214489 0.342330
0 0.762784 0.615057 0.616477 0.615057 0.616477 0.606534 0.762784 0.606534
0 0.240075 0.606534 0.596606 0.607955 0.596573 0.616477 0.240041 0.615057
0 0.309773 0.159090 0.150682 0.163351 0.150454 0.154831 0.309545 0.150570
0 0.143466 0.338068 0.143466 0.505682 0.134943 0.505682 0.134943 0.338068
0 0.418967 0.335228 0.609315 0.332387 0.609442 0.340909 0.419094 0.343750
