0 0.607955 0.330966 0.741477 0.330966 0.741477 0.339489 0.607955 0.339489
0 0.740566 0.539742 0.609878 0.555368 0.608866 0.546906 0.739554 0.531280
0 0.505780 0.309658 0.385046 0.312498 0.384845 0.303978 0.505579 0.301138
0 0.095373 0.294039 0.213276 0.299721 0.212866 0.308234 0.094963 0.302552
0 0.393420 0.195224 0.377794 0.300347 0.369364 0.299094 0.384990 0.193971
0 0.377841 0.455966 0.377841 0.546875 0.369318 0.546875 0.369318 0.455966
0 0.078123 0.464346 0.080964 0.552425 0.072446 0.552700 0.069604 0.464621
0 0.271516 0.301142 0.356750 0.305403 0.356325 0.313915 0.271090 0.309654
0 0.603693 0.458807 0.603693 0.538352 0.595170 0.538352 0.595170 0.458807
0 0.585184 0.194051 0.593707 0.259392 0.585256 0.260495 0.576733 0.195153
0 0.085190 0.310220 0.078089 0.364187 0.069640 0.363075 0.076740 0.309108
0 0.377841 0.321023 0.377841 0.373580 0.369318 0.373580 0.369318 0.321023
0 0.744318 0.528409 0.744318 0.487216 0.752841 0.487216 0.752841 0.528409
0 0.607951 0.347841 0.609372 0.383352 0.600856 0.383693 0.599435 0.348182
0 0.751358 0.388478 0.757039 0.421141 0.748642 0.422601 0.742961 0.389938
0 0.580961 0.119535 0.579540 0.147937 0.571028 0.147511 0.572449 0.119109
0 0.751420 0.228693 0.751420 0.205966 0.759943 0.205966 0.759943 0.228693
0 0.385190 0.137793 0.378090 0.117915 0.386117 0.115048 0.393216 0.134926
0 0.752852 0.361102 0.751431 0.341210 0.759932 0.340602 0.761353 0.360495
0 0.750381 0.136705 0.743280 0.121084 0.751039 0.117557 0.758140 0.133178
0 0.356598 0.562499 0.085297 0.566761 0.085163 0.558239 0.356465 0.553978
0 0.585427 0.555393 0.380896 0.565335 0.380482 0.556823 0.585013 0.546880
0 0.399217 0.103694 0.568256 0.106535 0.568112 0.115056 0.399074 0.112215
0 0.737216 0.116477 0.588068 0.116477 0.588068 0.107955 0.737216 0.107955
