0 0.383509 0.512551 0.389191 0.616244 0.380681 0.616711 0.374999 0.513017
0 0.630855 0.619314 0.392227 0.629258 0.391872 0.620743 0.630500 0.610799
0 0.369379 0.632102 0.154881 0.634943 0.154768 0.626421 0.369267 0.623580
0 0.387819 0.215909 0.578154 0.217330 0.578091 0.225852 0.387755 0.224431
0 0.814219 0.607944 0.653712 0.619308 0.653110 0.610806 0.813617 0.599442
0 0.778608 0.421870 0.623771 0.428973 0.623380 0.420459 0.778218 0.413357
0 0.387936 0.383526 0.542775 0.389207 0.542462 0.397724 0.387623 0.392043
0 0.136379 0.622527 0.126437 0.508898 0.134927 0.508155 0.144870 0.621784
0 0.603925 0.217336 0.710450 0.223017 0.709996 0.231528 0.603471 0.225846
0 0.277129 0.382105 0.360944 0.384946 0.360655 0.393464 0.276840 0.390622
0 0.157670 0.383523 0.225852 0.383523 0.225852 0.392045 0.157670 0.392045
0 0.644885 0.539674 0.646306 0.605028 0.637785 0.605213 0.636365 0.539859
0 0.146306 0.395000 0.144884 0.446145 0.136365 0.445909 0.137786 0.394764
0 0.375043 0.281856 0.367940 0.232133 0.376377 0.230928 0.383480 0.280651
0 0.376300 0.396720 0.387665 0.443601 0.379382 0.445609 0.368017 0.398728
0 0.380679 0.336499 0.382100 0.377696 0.373582 0.377990 0.372161 0.336793
0 0.621892 0.430333 0.636100 0.468696 0.628108 0.471656 0.613900 0.433293
0 0.821168 0.599115 0.811227 0.562191 0.819457 0.559976 0.829398 0.596900
0 0.598212 0.269759 0.586853 0.234259 0.594970 0.231662 0.606329 0.267161
0 0.603711 0.361188 0.600869 0.329925 0.609357 0.329153 0.612199 0.360416
0 0.789438 0.424480 0.800804 0.451474 0.792949 0.454782 0.781583 0.427787
0 0.800768 0.481222 0.812134 0.506793 0.804345 0.510255 0.792980 0.484684
0 0.721031 0.228002 0.732391 0.247883 0.724992 0.252111 0.713631 0.232231
0 0.736140 0.301147 0.747502 0.313930 0.741132 0.319592 0.729770 0.306809
