0 0.477545 0.089480 0.257378 0.103684 0.256830 0.095179 0.476997 0.080975
0 0.495781 0.144066 0.490100 0.104299 0.498538 0.103094 0.504218 0.142860
0 0.264502 0.366488 0.304287 0.369329 0.303680 0.377831 0.263895 0.374989
0 0.511503 0.640623 0.245873 0.649146 0.245599 0.640627 0.511230 0.632104
0 0.805404 0.601076 0.796880 0.436296 0.805392 0.435856 0.813915 0.600636
0 0.788361 0.355388 0.781259 0.246016 0.789764 0.245464 0.796866 0.354836
0 0.250004 0.208990 0.245743 0.112408 0.254257 0.112032 0.258519 0.208615
0 0.242897 0.535582 0.241477 0.627901 0.232955 0.627770 0.234375 0.535451
0 0.454884 0.374987 0.365393 0.382089 0.364718 0.373593 0.454210 0.366491
0 0.521337 0.506188 0.511393 0.422373 0.519856 0.421369 0.529800 0.505184
0 0.769909 0.169476 0.762807 0.101294 0.771284 0.100411 0.778386 0.168593
0 0.514213 0.311350 0.509951 0.243159 0.518458 0.242627 0.522719 0.310818
0 0.249999 0.283990 0.251419 0.347923 0.242899 0.348112 0.241478 0.284179
0 0.522727 0.612216 0.522727 0.559659 0.531250 0.559659 0.531250 0.612216
0 0.241480 0.427701 0.240059 0.385083 0.248577 0.384799 0.249998 0.427417
0 0.800031 0.620727 0.537260 0.640613 0.536617 0.632114 0.799388 0.612228
0 0.504239 0.083807 0.754235 0.082386 0.754284 0.090909 0.504288 0.092330
