0 0.809713 0.340165 0.798349 0.269136 0.806764 0.267790 0.818128 0.338818
0 0.639226 0.673725 0.617921 0.466351 0.626399 0.465480 0.647704 0.672854
0 0.434295 0.582688 0.367530 0.733266 0.359739 0.729812 0.426504 0.579234
0 0.600454 0.264583 0.491084 0.500367 0.483353 0.496781 0.592722 0.260997
0 0.477226 0.248580 0.596536 0.247159 0.596637 0.255681 0.477328 0.257102
0 0.216118 0.224437 0.331177 0.230119 0.330757 0.238631 0.215698 0.232949
0 0.609858 0.270052 0.680881 0.358121 0.674247 0.363471 0.603224 0.275402
0 0.471003 0.730032 0.364476 0.751337 0.362804 0.742979 0.469331 0.721675
0 0.616607 0.245741 0.662068 0.247161 0.661802 0.255680 0.616341 0.254259
0 0.749419 0.458079 0.865903 0.658375 0.858536 0.662660 0.742052 0.462364
0 0.345171 0.703077 0.348012 0.474374 0.356534 0.474479 0.353693 0.703183
0 0.352273 0.228693 0.399148 0.228693 0.399148 0.237216 0.352273 0.237216
0 0.659474 0.698881 0.706355 0.703143 0.705583 0.711631 0.658702 0.707368
0 0.339490 0.319719 0.338070 0.265732 0.346590 0.265508 0.348010 0.319495
0 0.343263 0.747055 0.044962 0.813819 0.043100 0.805502 0.341402 0.738738
0 0.082695 0.224443 0.142344 0.228703 0.141737 0.237205 0.082088 0.232944
0 0.728262 0.228810 0.793607 0.244436 0.791625 0.252725 0.726280 0.237099
0 0.550444 0.696085 0.639942 0.711712 0.638476 0.720108 0.548978 0.704481
0 0.859825 0.678953 0.778852 0.687477 0.777959 0.679001 0.858932 0.670477
