0 0.556648 0.365060 0.627671 0.362219 0.628011 0.370735 0.556988 0.373576
0 0.619768 0.130548 0.526010 0.244194 0.519436 0.238770 0.613194 0.125124
0 0.767271 0.235677 0.885169 0.357836 0.879036 0.363755 0.761138 0.241596
0 0.395034 0.383520 0.159251 0.392043 0.158943 0.383525 0.394726 0.375003
0 0.219161 0.127821 0.159488 0.133504 0.158680 0.125020 0.218353 0.119337
0 0.649409 0.362224 0.717600 0.366486 0.717068 0.374992 0.648877 0.370730
0 0.640494 0.121711 0.697317 0.168590 0.691893 0.175164 0.635070 0.128285
0 0.716140 0.113630 0.638017 0.117891 0.637553 0.109381 0.715676 0.105120
0 0.411932 0.227320 0.410511 0.365097 0.401989 0.365009 0.403410 0.227232
0 0.768620 0.357957 0.883684 0.362219 0.883368 0.370736 0.768305 0.366474
0 0.278466 0.109375 0.393514 0.110796 0.393409 0.119318 0.278361 0.117897
0 0.501372 0.110796 0.616420 0.109375 0.616526 0.117897 0.501477 0.119318
0 0.892051 0.356749 0.886369 0.244535 0.894881 0.244104 0.900563 0.356318
0 0.879311 0.112216 0.768525 0.113636 0.768416 0.105114 0.879202 0.103694
0 0.640623 0.261223 0.643464 0.350723 0.634946 0.350993 0.632104 0.261493
0 0.503109 0.377832 0.415053 0.383514 0.414505 0.375009 0.502560 0.369327
0 0.476023 0.314094 0.417787 0.372330 0.411761 0.366304 0.469997 0.308068
0 0.402004 0.159455 0.399164 0.126794 0.407655 0.126056 0.410495 0.158717
0 0.889230 0.159557 0.884970 0.121214 0.893440 0.120272 0.897701 0.158616
0 0.456245 0.116468 0.413640 0.119309 0.413073 0.110805 0.455678 0.107964
0 0.630697 0.182176 0.626437 0.132472 0.634928 0.131744 0.639188 0.181448
