0 0.697464 0.159508 0.691781 0.101262 0.700264 0.100435 0.705946 0.158681
0 0.172199 0.401976 0.115370 0.406238 0.114733 0.397739 0.171562 0.393478
0 0.570185 0.099392 0.519056 0.106493 0.517884 0.098051 0.569012 0.090950
0 0.685096 0.089466 0.588504 0.099409 0.587631 0.090931 0.684223 0.080988
0 0.791257 0.088068 0.704621 0.089488 0.704481 0.080966 0.791118 0.079546
0 0.799643 0.482954 0.724344 0.481533 0.724505 0.473012 0.799804 0.474433
0 0.269811 0.100853 0.343661 0.099433 0.343825 0.107954 0.269975 0.109374
0 0.288360 0.484641 0.284099 0.415027 0.292606 0.414506 0.296867 0.484120
0 0.172243 0.190325 0.105468 0.196008 0.104745 0.187516 0.171521 0.181833
0 0.375192 0.484379 0.439107 0.487220 0.438728 0.495734 0.374814 0.492894
0 0.588068 0.289742 0.589489 0.468713 0.580966 0.468781 0.579545 0.289809
0 0.708810 0.467489 0.703127 0.309807 0.711645 0.309500 0.717327 0.467182
0 0.576706 0.235892 0.573865 0.113738 0.582385 0.113540 0.585226 0.235694
0 0.575386 0.488635 0.460336 0.491476 0.460125 0.482956 0.575176 0.480115
0 0.595234 0.478694 0.698917 0.480114 0.698800 0.488636 0.595117 0.487216
0 0.355583 0.492872 0.304449 0.498553 0.303508 0.490082 0.354642 0.484402
0 0.259951 0.166457 0.257111 0.121006 0.265617 0.120475 0.268458 0.165926
0 0.372159 0.098011 0.397727 0.098011 0.397727 0.106534 0.372159 0.106534
0 0.497356 0.102268 0.437708 0.105109 0.437303 0.096596 0.496951 0.093755
