0 0.083802 0.348216 0.079540 0.434873 0.071027 0.434454 0.075290 0.347798
0 0.734395 0.528824 0.697462 0.146712 0.705946 0.145892 0.742878 0.528004
0 0.578549 0.940320 0.247572 0.972991 0.246735 0.964510 0.577712 0.931838
0 0.417607 0.128081 0.400561 0.429219 0.392052 0.428737 0.409098 0.127600
0 0.592334 0.913545 0.580970 0.663547 0.589484 0.663160 0.600848 0.913158
0 0.851522 0.901935 0.611470 0.940288 0.610125 0.931872 0.850178 0.893519
0 0.249153 0.028448 0.470734 0.058276 0.469597 0.066722 0.248016 0.036895
0 0.240056 0.241540 0.237215 0.426205 0.228694 0.426074 0.231535 0.241408
0 0.623590 0.385244 0.612227 0.227585 0.620728 0.226972 0.632091 0.384631
0 0.244625 0.494329 0.399464 0.505694 0.398841 0.514194 0.244001 0.502829
0 0.830972 0.477504 0.829553 0.451946 0.838062 0.451474 0.839482 0.477031
0 0.829326 0.346597 0.856306 0.345176 0.856754 0.353687 0.829774 0.355108
0 0.245529 0.433244 0.273931 0.431824 0.274357 0.440336 0.245955 0.441756
0 0.917742 0.648764 0.910638 0.620349 0.918906 0.618282 0.926010 0.646697
0 0.818182 0.244318 0.848011 0.244318 0.848011 0.252841 0.818182 0.252841
0 0.849476 0.654017 0.845212 0.624178 0.853649 0.622972 0.857913 0.652811
0 0.906211 0.513631 0.910472 0.544876 0.902027 0.546028 0.897767 0.514783
0 0.798295 0.130682 0.835227 0.130682 0.835227 0.139205 0.798295 0.139205
0 0.845946 0.485867 0.884299 0.492969 0.882748 0.501349 0.844394 0.494247
0 0.567537 0.206037 0.605890 0.213140 0.604338 0.221520 0.565985 0.214417
0 0.839452 0.506543 0.845133 0.549149 0.836685 0.550275 0.831004 0.507669
0 0.340909 0.444602 0.384943 0.444602 0.384943 0.453125 0.340909 0.453125
0 0.892077 0.480636 0.886398 0.435194 0.894855 0.434137 0.900534 0.479579
0 0.422659 0.102345 0.468117 0.110869 0.466546 0.119246 0.421088 0.110722
0 0.642045 0.120739 0.688920 0.120739 0.688920 0.129261 0.642045 0.129261
0 0.471723 0.623578 0.424841 0.624998 0.424583 0.616479 0.471465 0.615059
0 0.912444 0.669003 0.865571 0.674685 0.864545 0.666224 0.911418 0.660542
0 0.231528 0.647507 0.234370 0.704340 0.225858 0.704765 0.223016 0.647933
0 0.146403 0.500001 0.206073 0.501422 0.205870 0.509942 0.146200 0.508521
0 0.412140 0.446028 0.471788 0.448868 0.471383 0.457381 0.411735 0.454541
0 0.937397 0.873371 0.880578 0.891837 0.877944 0.883731 0.934763 0.865265
0 0.573837 0.321964 0.580938 0.384460 0.572470 0.385422 0.565369 0.322927
0 0.240053 0.525756 0.237212 0.591092 0.228697 0.590722 0.231538 0.525386
0 0.713323 0.126428 0.782937 0.130690 0.782416 0.139197 0.712802 0.134935
0 0.411933 0.596683 0.410512 0.525646 0.419033 0.525476 0.420454 0.596513
0 0.493148 0.107962 0.567002 0.112223 0.566511 0.120732 0.492657 0.116470
0 0.401026 0.617873 0.322910 0.626394 0.321985 0.617922 0.400102 0.609401
0 0.730645 0.545421 0.651094 0.555365 0.650037 0.546908 0.729588 0.536964
0 0.235795 0.869318 0.235795 0.953125 0.227273 0.953125 0.227273 0.869318
0 0.212969 0.627840 0.087973 0.624999 0.088167 0.616478 0.213163 0.619319
0 0.491493 0.257466 0.481550 0.140986 0.490041 0.140261 0.499985 0.256741
0 0.857983 0.871230 0.846621 0.774652 0.855085 0.773656 0.866448 0.870234
0 0.242897 0.052625 0.241477 0.149205 0.232955 0.149080 0.234375 0.052499
0 0.938929 0.855379 0.933247 0.765900 0.941753 0.765360 0.947434 0.854839
0 0.498584 0.385152 0.494323 0.295651 0.502836 0.295246 0.507098 0.384747
0 0.247631 0.621440 0.252359 0.614349 0.260892 0.620037 0.256164 0.627129
0 0.224734 0.465753 0.230421 0.451536 0.238334 0.454701 0.232647 0.468919
0 0.850852 0.231534 0.850852 0.215909 0.859375 0.215909 0.859375 0.231534
0 0.533841 0.279666 0.513955 0.285347 0.511614 0.277152 0.531500 0.271471
0 0.789802 0.170954 0.786961 0.146803 0.795425 0.145807 0.798267 0.169959
