0 0.198894 0.626420 0.413378 0.627841 0.413322 0.636364 0.198838 0.634943
0 0.059636 0.422321 0.036907 0.635402 0.028433 0.634498 0.051161 0.421417
0 0.667613 0.423358 0.664773 0.608023 0.656251 0.607892 0.659091 0.423227
0 0.197508 0.123580 0.376491 0.126421 0.376356 0.134943 0.197373 0.132102
0 0.396579 0.122168 0.552826 0.132111 0.552284 0.140616 0.396038 0.130673
0 0.380074 0.319646 0.409914 0.315383 0.411119 0.323820 0.381280 0.328083
0 0.551136 0.471591 0.551136 0.501420 0.542614 0.501420 0.542614 0.471591
0 0.280497 0.393413 0.253502 0.397676 0.252173 0.389257 0.279168 0.384995
0 0.808245 0.487447 0.806825 0.461890 0.815335 0.461417 0.816754 0.486974
0 0.170281 0.462850 0.163179 0.486998 0.155003 0.484593 0.162105 0.460445
0 0.428830 0.622354 0.451553 0.629455 0.449011 0.637589 0.426288 0.630489
0 0.366550 0.308875 0.370812 0.286146 0.379188 0.287716 0.374927 0.310445
0 0.775577 0.184380 0.776999 0.163064 0.785502 0.163631 0.784081 0.184947
0 0.779913 0.264788 0.788270 0.266459 0.785428 0.280667 0.777071 0.278995
0 0.073011 0.405114 0.066193 0.410227 0.061932 0.404545 0.068750 0.399432
0 0.648091 0.619303 0.531611 0.629246 0.530886 0.620754 0.647366 0.610811
0 0.424709 0.432062 0.419027 0.530079 0.410519 0.529586 0.416200 0.431569
0 0.563086 0.302597 0.654010 0.315383 0.652823 0.323823 0.561899 0.311037
0 0.115969 0.639106 0.037836 0.656153 0.036019 0.647826 0.114153 0.630779
0 0.659094 0.401830 0.661935 0.326542 0.670452 0.326864 0.667610 0.402151
0 0.247156 0.309492 0.249997 0.381936 0.241481 0.382270 0.238640 0.309826
0 0.423279 0.340541 0.428963 0.407316 0.420471 0.408039 0.414787 0.341263
0 0.798294 0.306711 0.799715 0.366382 0.791195 0.366584 0.789773 0.306914
0 0.671875 0.404830 0.731534 0.404830 0.731534 0.413352 0.671875 0.413352
0 0.188920 0.134943 0.188920 0.191761 0.180398 0.191761 0.180398 0.134943
0 0.183692 0.289796 0.237669 0.295478 0.236777 0.303954 0.182800 0.298272
0 0.177519 0.310227 0.170416 0.362789 0.161970 0.361648 0.169073 0.309086
0 0.390618 0.140866 0.387777 0.190586 0.379268 0.190100 0.382109 0.140380
0 0.556799 0.320000 0.552538 0.365454 0.544053 0.364659 0.548314 0.319205
0 0.430321 0.577511 0.421797 0.621552 0.413429 0.619932 0.421953 0.575892
0 0.799285 0.288373 0.841899 0.284112 0.842747 0.292592 0.800133 0.296854
0 0.559659 0.186080 0.559659 0.147727 0.568182 0.147727 0.568182 0.186080
0 0.430576 0.419038 0.464666 0.420458 0.464311 0.428974 0.430221 0.427553
0 0.367894 0.457564 0.366473 0.491654 0.357958 0.491299 0.359379 0.457209
0 0.379156 0.330491 0.372053 0.361739 0.363742 0.359850 0.370845 0.328602
