0 0.302824 0.178986 0.348275 0.181826 0.347744 0.190332 0.302293 0.187492
0 0.461648 0.389205 0.461648 0.642045 0.453125 0.642045 0.453125 0.389205
0 0.620698 0.184659 0.460193 0.183238 0.460268 0.174716 0.620773 0.176137
0 0.856532 0.501570 0.852270 0.629396 0.843752 0.629112 0.848014 0.501286
0 0.634937 0.603454 0.642039 0.729874 0.633529 0.730352 0.626427 0.603932
0 0.296873 0.254147 0.299714 0.354988 0.291195 0.355228 0.288354 0.254387
0 0.151988 0.203068 0.153409 0.299648 0.144887 0.299773 0.143466 0.203193
0 0.740056 0.294104 0.738636 0.387843 0.730114 0.387714 0.731534 0.293975
0 0.623640 0.603693 0.531321 0.605113 0.531190 0.596591 0.623509 0.595171
0 0.790466 0.582329 0.703810 0.596536 0.702432 0.588125 0.789087 0.573919
0 0.615542 0.285483 0.528895 0.295427 0.527924 0.286960 0.614571 0.277016
0 0.792627 0.571368 0.785526 0.484726 0.794020 0.484030 0.801122 0.570671
0 0.531034 0.497165 0.616268 0.492903 0.616694 0.501415 0.531459 0.505677
0 0.629259 0.187353 0.632100 0.272590 0.623582 0.272874 0.620741 0.187637
0 0.737215 0.406183 0.738636 0.488557 0.730114 0.488704 0.728694 0.406330
0 0.521307 0.592330 0.521307 0.514205 0.529830 0.514205 0.529830 0.592330
0 0.629306 0.585845 0.617945 0.509154 0.626376 0.507905 0.637737 0.584596
0 0.442943 0.190335 0.366243 0.186073 0.366716 0.177563 0.443416 0.181825
0 0.127834 0.130926 0.123573 0.206203 0.115064 0.205722 0.119325 0.130444
0 0.660237 0.397736 0.727004 0.393475 0.727547 0.401980 0.660780 0.406241
0 0.362215 0.198766 0.363636 0.265541 0.355115 0.265722 0.353694 0.198948
0 0.522727 0.296959 0.521305 0.363734 0.512785 0.363552 0.514206 0.296778
0 0.455961 0.306625 0.458802 0.367695 0.450289 0.368091 0.447448 0.307021
0 0.110797 0.303876 0.112217 0.247047 0.120737 0.247260 0.119317 0.304089
0 0.521307 0.495739 0.521307 0.440341 0.529830 0.440341 0.529830 0.495739
0 0.118353 0.061104 0.170916 0.066786 0.170000 0.075260 0.117437 0.069577
0 0.844332 0.386323 0.793204 0.393425 0.792031 0.384983 0.843160 0.377882
0 0.529830 0.610795 0.529830 0.661932 0.521307 0.661932 0.521307 0.610795
0 0.513648 0.374912 0.465343 0.384856 0.463625 0.376509 0.511930 0.366564
0 0.626419 0.289644 0.627839 0.337947 0.619320 0.338197 0.617900 0.289894
0 0.208799 0.073606 0.211640 0.120480 0.203133 0.120996 0.200292 0.074122
0 0.199261 0.305379 0.153807 0.309640 0.153012 0.301155 0.198466 0.296894
0 0.574271 0.428957 0.530244 0.433219 0.529422 0.424736 0.573450 0.420474
0 0.573148 0.372101 0.530526 0.379204 0.529125 0.370797 0.571747 0.363694
0 0.852275 0.433383 0.850855 0.390765 0.859373 0.390481 0.860793 0.433099
0 0.454545 0.194602 0.454545 0.237216 0.446023 0.237216 0.446023 0.194602
0 0.789770 0.397872 0.788350 0.439069 0.779832 0.438776 0.781252 0.397578
0 0.535508 0.701855 0.534088 0.741631 0.525571 0.741327 0.526991 0.701551
0 0.201707 0.294193 0.200287 0.255838 0.208804 0.255523 0.210224 0.293877
0 0.149144 0.316597 0.150565 0.353530 0.142049 0.353858 0.140628 0.316925
0 0.729217 0.495707 0.695136 0.499966 0.694079 0.491509 0.728160 0.487250
0 0.362153 0.327399 0.367834 0.360062 0.359437 0.361522 0.353757 0.328859
0 0.624964 0.458252 0.629226 0.490930 0.620775 0.492032 0.616513 0.459354
0 0.774384 0.390290 0.747389 0.401656 0.744082 0.393801 0.771076 0.382435
0 0.451705 0.718750 0.451705 0.747159 0.443182 0.747159 0.443182 0.718750
0 0.069262 0.120600 0.042282 0.127699 0.040113 0.119457 0.067093 0.112358
0 0.287151 0.193176 0.260172 0.194596 0.259724 0.186085 0.286703 0.184665
0 0.298295 0.197443 0.298295 0.224432 0.289773 0.224432 0.289773 0.197443
0 0.635867 0.275669 0.661436 0.281352 0.659588 0.289671 0.634018 0.283989
0 0.041193 0.061080 0.066761 0.061080 0.066761 0.069602 0.041193 0.069602
0 0.140021 0.315298 0.120137 0.312457 0.121343 0.304020 0.141226 0.306861
0 0.710342 0.275854 0.728797 0.282952 0.725737 0.290907 0.707283 0.283809
0 0.199914 0.242582 0.192126 0.246043 0.186449 0.233271 0.194237 0.229809
0 0.641211 0.492123 0.645728 0.499350 0.634357 0.506457 0.629840 0.499230
0 0.248554 0.178510 0.240083 0.179451 0.238662 0.166660 0.247133 0.165719
0 0.198375 0.060110 0.202187 0.067733 0.190829 0.073413 0.187017 0.065790
0 0.244143 0.193012 0.250170 0.199039 0.241652 0.207556 0.235626 0.201530
0 0.362183 0.174186 0.353726 0.175243 0.352306 0.163882 0.360763 0.162825
0 0.651392 0.588110 0.652597 0.596547 0.642642 0.597969 0.641437 0.589532
