0 0.235974 0.651992 0.270063 0.653413 0.269708 0.661928 0.235619 0.660507
0 0.413354 0.647848 0.409093 0.500125 0.417612 0.499879 0.421873 0.647602
0 0.230122 0.280982 0.232963 0.235531 0.241469 0.236063 0.238628 0.281514
0 0.610917 0.143468 0.659220 0.144888 0.658969 0.153407 0.610666 0.151987
0 0.607829 0.490059 0.657553 0.488638 0.657796 0.497157 0.608072 0.498578
0 0.288359 0.553736 0.291200 0.504016 0.299709 0.504502 0.296868 0.554222
0 0.221592 0.551026 0.223013 0.498460 0.231533 0.498690 0.230112 0.551256
0 0.228695 0.349302 0.230116 0.303841 0.238634 0.304107 0.237214 0.349568
0 0.352413 0.379259 0.308373 0.380680 0.308098 0.372162 0.352138 0.370740
0 0.183549 0.482966 0.221910 0.485807 0.221280 0.494307 0.182920 0.491465
0 0.191925 0.134946 0.228858 0.136367 0.228530 0.144884 0.191597 0.143462
0 0.252921 0.136365 0.402070 0.139205 0.401908 0.147726 0.252759 0.144886
0 0.420455 0.140625 0.474432 0.140625 0.474432 0.149148 0.420455 0.149148
0 0.234374 0.417709 0.232953 0.477380 0.224433 0.477177 0.225854 0.417506
0 0.409092 0.481626 0.407671 0.410590 0.416192 0.410419 0.417613 0.481456
0 0.223011 0.647727 0.223011 0.575284 0.231534 0.575284 0.231534 0.647727
0 0.494386 0.142046 0.590967 0.143466 0.590841 0.151988 0.494261 0.150568
0 0.403411 0.254129 0.406252 0.157552 0.414771 0.157802 0.411930 0.254380
0 0.600852 0.379326 0.599431 0.480169 0.590909 0.480049 0.592330 0.379206
0 0.305462 0.485796 0.407725 0.487216 0.407606 0.495738 0.305343 0.494318
0 0.186077 0.150692 0.183238 0.252954 0.174718 0.252717 0.177558 0.150455
0 0.352383 0.294033 0.247279 0.296873 0.247049 0.288353 0.352153 0.285514
0 0.272816 0.651990 0.410599 0.654830 0.410423 0.663351 0.272640 0.660510
0 0.181817 0.335312 0.178976 0.478778 0.170455 0.478609 0.173296 0.335143
0 0.602272 0.161972 0.600852 0.326738 0.592330 0.326665 0.593750 0.161898
0 0.423295 0.487216 0.585227 0.487216 0.585227 0.495739 0.423295 0.495739
