0 0.413694 0.237230 0.572784 0.250014 0.572101 0.258509 0.413012 0.245725
0 0.774129 0.485403 0.788334 0.637383 0.779848 0.638176 0.765644 0.486196
0 0.600975 0.258525 0.751539 0.262786 0.751298 0.271305 0.600733 0.267044
0 0.765581 0.670454 0.617860 0.669034 0.617942 0.660512 0.765663 0.661932
0 0.180397 0.512830 0.178977 0.656289 0.170455 0.656204 0.171875 0.512745
0 0.595164 0.513976 0.602267 0.650354 0.593756 0.650797 0.586653 0.514419
0 0.586634 0.276755 0.592316 0.380449 0.583806 0.380915 0.578124 0.277221
0 0.403409 0.271249 0.404829 0.367830 0.396307 0.367955 0.394887 0.271375
0 0.180398 0.345233 0.178978 0.257177 0.187500 0.257039 0.188920 0.345096
0 0.585470 0.674709 0.410753 0.684652 0.410269 0.676143 0.584986 0.666200
0 0.765621 0.283908 0.768462 0.349244 0.759947 0.349614 0.757106 0.284278
0 0.201895 0.231538 0.389401 0.240061 0.389014 0.248575 0.201508 0.240052
0 0.191542 0.677562 0.383301 0.667619 0.383742 0.676131 0.191983 0.686074
0 0.399147 0.495664 0.401988 0.661861 0.393467 0.662007 0.390626 0.495809
