0 0.292830 0.734380 0.405044 0.740062 0.404613 0.748574 0.292399 0.742892
0 0.557301 0.183266 0.594244 0.187529 0.593267 0.195996 0.556324 0.191732
0 0.625000 0.546875 0.625000 0.741477 0.616477 0.741477 0.616477 0.546875
0 0.609375 0.343689 0.610796 0.235744 0.619318 0.235856 0.617897 0.343801
0 0.354105 0.163372 0.456379 0.173315 0.455554 0.181798 0.353280 0.171855
0 0.330114 0.322481 0.425282 0.335265 0.424147 0.343712 0.328979 0.330928
0 0.288343 0.629536 0.282662 0.719015 0.274157 0.718475 0.279838 0.628996
0 0.294019 0.538704 0.286918 0.625345 0.278424 0.624649 0.285525 0.538007
0 0.529756 0.529830 0.605027 0.528410 0.605187 0.536931 0.529917 0.538352
0 0.533089 0.742918 0.605526 0.750020 0.604695 0.758502 0.532258 0.751401
0 0.524670 0.345202 0.594264 0.353724 0.593228 0.362184 0.523634 0.353662
0 0.286958 0.505211 0.305424 0.339018 0.313894 0.339959 0.295428 0.506152
0 0.615060 0.518634 0.609378 0.373745 0.617894 0.373411 0.623576 0.518300
0 0.330946 0.187904 0.319583 0.307222 0.311099 0.306414 0.322462 0.187096
0 0.310079 0.518486 0.426544 0.529849 0.425716 0.538332 0.309252 0.526969
