0 0.063854 0.244539 0.080887 0.250217 0.078192 0.258302 0.061159 0.252624
0 0.568399 0.464566 0.576484 0.467261 0.572226 0.480036 0.564141 0.477341
0 0.130194 0.146758 0.134005 0.154381 0.122647 0.160060 0.118836 0.152437
0 0.052515 0.185483 0.044078 0.186688 0.042656 0.176733 0.051093 0.175528
0 0.445049 0.356054 0.452672 0.359865 0.448417 0.368378 0.440794 0.364567
0 0.079565 0.579952 0.049735 0.266025 0.058219 0.265219 0.088049 0.579146
0 0.763394 0.176093 0.538970 0.208762 0.537742 0.200328 0.762167 0.167659
0 0.382073 0.360296 0.406221 0.564841 0.397757 0.565841 0.373609 0.361295
0 0.779835 0.539993 0.771312 0.369524 0.779824 0.369098 0.788347 0.539567
0 0.099471 0.593750 0.265658 0.595171 0.265586 0.603693 0.099398 0.602272
0 0.370784 0.143466 0.514243 0.144887 0.514159 0.153409 0.370700 0.151988
0 0.549893 0.582383 0.416378 0.588064 0.416016 0.579549 0.549531 0.573868
0 0.776988 0.184615 0.778409 0.309607 0.769887 0.309703 0.768466 0.184712
0 0.440341 0.237216 0.440341 0.352273 0.431818 0.352273 0.431818 0.237216
0 0.365065 0.277259 0.357963 0.165041 0.366469 0.164502 0.373571 0.276721
0 0.244938 0.136409 0.351469 0.152034 0.350232 0.160466 0.243701 0.144841
0 0.319683 0.573271 0.304056 0.493712 0.312419 0.492069 0.328046 0.571629
0 0.278490 0.581794 0.262863 0.502235 0.271226 0.500592 0.286853 0.580151
0 0.872324 0.551133 0.798458 0.553974 0.798131 0.545458 0.871996 0.542617
0 0.519311 0.211563 0.449723 0.225765 0.448018 0.217414 0.517607 0.203213
0 0.248602 0.348448 0.241499 0.278838 0.249978 0.277973 0.257081 0.347583
0 0.777436 0.558215 0.710682 0.565316 0.709780 0.556842 0.776534 0.549740
0 0.162411 0.323837 0.099915 0.330938 0.098953 0.322470 0.161448 0.315369
0 0.686115 0.440833 0.679013 0.379753 0.687479 0.378769 0.694581 0.439849
0 0.558274 0.558731 0.551172 0.497651 0.559638 0.496667 0.566740 0.557747
0 0.176978 0.279746 0.120148 0.291111 0.118477 0.282754 0.175306 0.271389
0 0.388357 0.588030 0.335795 0.595132 0.334654 0.586686 0.387216 0.579584
0 0.251422 0.423421 0.250002 0.373697 0.258521 0.373454 0.259941 0.423178
0 0.606893 0.321049 0.638141 0.356559 0.631743 0.362189 0.600495 0.326680
0 0.298332 0.412491 0.292651 0.369885 0.301099 0.368759 0.306780 0.411365
0 0.241404 0.360577 0.203052 0.373361 0.200357 0.365275 0.238709 0.352492
0 0.694614 0.554287 0.691772 0.514502 0.700273 0.513895 0.703115 0.553680
0 0.198370 0.267074 0.235312 0.262811 0.236289 0.271278 0.199347 0.275541
0 0.343750 0.353693 0.306818 0.353693 0.306818 0.345170 0.343750 0.345170
0 0.521310 0.194432 0.522731 0.158921 0.531247 0.159261 0.529826 0.194773
0 0.818737 0.170419 0.786059 0.174680 0.784957 0.166229 0.817634 0.161967
0 0.052537 0.208399 0.055379 0.238236 0.046895 0.239044 0.044053 0.209207
0 0.897263 0.166168 0.871682 0.163325 0.872623 0.154855 0.898204 0.157697
0 0.465704 0.370231 0.485585 0.385852 0.480319 0.392553 0.460438 0.376932
0 0.481339 0.329398 0.474239 0.352121 0.466104 0.349579 0.473205 0.326856
0 0.532970 0.450245 0.548596 0.467292 0.542314 0.473051 0.526688 0.456004
0 0.313025 0.596558 0.290304 0.599399 0.289247 0.590942 0.311968 0.588101
0 0.230150 0.178419 0.232993 0.157102 0.241441 0.158229 0.238598 0.179546
0 0.285233 0.362207 0.263916 0.360786 0.264483 0.352282 0.285800 0.353703
0 0.544488 0.257241 0.557279 0.272874 0.550682 0.278271 0.537892 0.262638
0 0.202524 0.142088 0.222407 0.139248 0.223613 0.147685 0.203729 0.150525
0 0.674112 0.376377 0.654228 0.373537 0.655434 0.365100 0.675317 0.367940
0 0.531239 0.220471 0.529819 0.240363 0.521318 0.239756 0.522738 0.219864
0 0.633536 0.395210 0.619324 0.408000 0.613623 0.401665 0.627835 0.388875
