0 0.405867 0.546747 0.403800 0.538478 0.415155 0.535640 0.417222 0.543908
0 0.234375 0.474432 0.234375 0.482955 0.220170 0.482955 0.220170 0.474432
0 0.238629 0.647473 0.247152 0.790942 0.238644 0.791447 0.230121 0.647979
0 0.248815 0.633529 0.353917 0.639211 0.353457 0.647721 0.248355 0.642039
0 0.352390 0.365055 0.254391 0.367896 0.254144 0.359377 0.352143 0.356536
0 0.237216 0.470228 0.235796 0.373647 0.244318 0.373522 0.245738 0.470103
0 0.633521 0.707506 0.630680 0.802691 0.622161 0.802437 0.625002 0.707252
0 0.473109 0.534999 0.454641 0.449761 0.462970 0.447956 0.481439 0.533194
0 0.620793 0.671132 0.600907 0.547551 0.609321 0.546197 0.629207 0.669778
0 0.812483 0.329929 0.802539 0.439308 0.794052 0.438536 0.803995 0.329158
0 0.245734 0.237415 0.240052 0.356740 0.231539 0.356335 0.237221 0.237010
0 0.534993 0.340941 0.611183 0.331706 0.612208 0.340167 0.536019 0.349402
0 0.495739 0.223011 0.504261 0.223011 0.504261 0.232955 0.495739 0.232955
0 0.568442 0.430405 0.591181 0.431827 0.590649 0.440333 0.567910 0.438911
0 0.391549 0.632204 0.417118 0.637886 0.415269 0.646205 0.389700 0.640523
0 0.793221 0.323820 0.763382 0.328083 0.762177 0.319646 0.792016 0.315383
0 0.697998 0.333771 0.665320 0.338033 0.664218 0.329582 0.696896 0.325320
0 0.434999 0.536945 0.470510 0.539786 0.469831 0.548282 0.434319 0.545441
0 0.518466 0.356534 0.518466 0.393466 0.509943 0.393466 0.509943 0.356534
0 0.854440 0.443115 0.814672 0.450218 0.813173 0.441828 0.852942 0.434725
0 0.240057 0.535511 0.240057 0.484375 0.248580 0.484375 0.248580 0.535511
0 0.515624 0.269783 0.517044 0.332296 0.508524 0.332489 0.507103 0.269977
0 0.806801 0.453500 0.801120 0.517425 0.792631 0.516670 0.798312 0.452746
0 0.500558 0.353656 0.425274 0.363600 0.424158 0.355151 0.499442 0.345207
0 0.697443 0.539773 0.619318 0.539773 0.619318 0.531250 0.697443 0.531250
0 0.332544 0.546872 0.254414 0.549713 0.254104 0.541196 0.332234 0.538355
0 0.245738 0.551219 0.244318 0.630752 0.235796 0.630599 0.237216 0.551067
0 0.426136 0.551136 0.426136 0.632102 0.417614 0.632102 0.417614 0.551136
0 0.602272 0.444535 0.603693 0.526909 0.595171 0.527056 0.593750 0.444682
