0 0.792613 0.651885 0.796874 0.833710 0.788353 0.833910 0.784092 0.652085
0 0.256420 0.761428 0.392793 0.785578 0.391307 0.793970 0.254934 0.769820
0 0.785468 0.497970 0.795409 0.566141 0.786976 0.567371 0.777034 0.499200
0 0.279822 0.500248 0.275560 0.571285 0.267053 0.570775 0.271315 0.499738
0 0.381160 0.424743 0.456446 0.433266 0.455488 0.441735 0.380201 0.433211
0 0.326679 0.398192 0.318155 0.474908 0.309685 0.473967 0.318208 0.397251
0 0.289747 0.393931 0.281223 0.470646 0.272753 0.469705 0.281277 0.392990
0 0.801819 0.840964 0.879955 0.853750 0.878579 0.862161 0.800442 0.849375
0 0.649148 0.730114 0.649148 0.809659 0.640625 0.809659 0.640625 0.730114
0 0.664013 0.620790 0.763446 0.636415 0.762123 0.644835 0.662690 0.629210
0 0.455973 0.590667 0.457393 0.565110 0.465902 0.565583 0.464482 0.591140
0 0.467322 0.406006 0.468743 0.430141 0.460234 0.430641 0.458814 0.406507
0 0.467293 0.453683 0.464451 0.475000 0.456003 0.473874 0.458845 0.452557
0 0.848981 0.343262 0.857506 0.360312 0.849883 0.364124 0.841358 0.347074
0 0.530134 0.523092 0.526673 0.530880 0.513900 0.525203 0.517362 0.517415
0 0.767440 0.431751 0.760969 0.426204 0.769492 0.416261 0.775963 0.421807
0 0.642774 0.642905 0.647002 0.635505 0.656942 0.641186 0.652714 0.648586
0 0.298545 0.483119 0.300886 0.491314 0.290943 0.494154 0.288602 0.485959
0 0.365115 0.441063 0.373521 0.442464 0.372101 0.450983 0.363694 0.449581
0 0.763088 0.381943 0.771001 0.385109 0.768162 0.392204 0.760249 0.389039
0 0.176977 0.211731 0.276400 0.231616 0.274728 0.239973 0.175305 0.220088
0 0.267013 0.648256 0.254228 0.750528 0.245771 0.749471 0.258556 0.647199
0 0.865065 0.621011 0.857963 0.510216 0.866469 0.509671 0.873571 0.620466
0 0.656987 0.295519 0.769216 0.315407 0.767729 0.323799 0.655500 0.303911
0 0.328360 0.379268 0.456203 0.386370 0.455730 0.394880 0.327888 0.387778
0 0.654114 0.815399 0.780541 0.836708 0.779125 0.845112 0.652698 0.823804
0 0.886389 0.847051 0.872185 0.717801 0.880657 0.716870 0.894860 0.846120
0 0.107216 0.730168 0.237905 0.751477 0.236534 0.759888 0.105845 0.738580
0 0.553438 0.518558 0.620211 0.532765 0.618437 0.541101 0.551664 0.526894
0 0.469464 0.596651 0.637074 0.625060 0.635650 0.633462 0.468040 0.605054
0 0.411004 0.785540 0.631172 0.811108 0.630189 0.819574 0.410021 0.794006
0 0.293252 0.238684 0.637013 0.291243 0.635725 0.299668 0.291964 0.247109
0 0.425559 0.588719 0.448276 0.602918 0.443759 0.610145 0.421042 0.595946
0 0.410294 0.757025 0.401769 0.782602 0.393683 0.779907 0.402208 0.754330
0 0.375406 0.578536 0.402390 0.591318 0.398742 0.599020 0.371758 0.586239
0 0.782593 0.431011 0.789697 0.467948 0.781327 0.469557 0.774224 0.432621
0 0.642043 0.431659 0.643463 0.470014 0.634946 0.470329 0.633526 0.431975
0 0.778338 0.335871 0.785440 0.374225 0.777060 0.375777 0.769958 0.337423
0 0.369316 0.529689 0.370736 0.573729 0.362218 0.574004 0.360798 0.529964
0 0.544021 0.457050 0.548282 0.511030 0.539786 0.511700 0.535525 0.457720
0 0.786073 0.325321 0.840039 0.332422 0.838927 0.340872 0.784961 0.333771
0 0.647715 0.312176 0.651977 0.369005 0.643479 0.369642 0.639216 0.312813
0 0.795977 0.477305 0.852807 0.484409 0.851750 0.492865 0.794920 0.485762
0 0.476592 0.434724 0.533400 0.444665 0.531930 0.453060 0.475123 0.443119
0 0.859370 0.418837 0.862211 0.478485 0.853698 0.478890 0.850857 0.419242
0 0.644715 0.554201 0.661760 0.612439 0.653581 0.614833 0.636535 0.556595
0 0.417603 0.609675 0.413342 0.670748 0.404840 0.670155 0.409101 0.609082
0 0.278410 0.318277 0.276989 0.250082 0.285510 0.249904 0.286931 0.318100
