0 0.647384 0.678991 0.699939 0.674730 0.700627 0.683225 0.648073 0.687486
0 0.397726 0.687397 0.399147 0.749909 0.390627 0.750103 0.389205 0.687591
0 0.637775 0.429261 0.633513 0.493181 0.625009 0.492614 0.629271 0.428694
0 0.633492 0.689832 0.642015 0.760857 0.633553 0.761872 0.625030 0.690848
0 0.540315 0.487251 0.617031 0.497195 0.615935 0.505647 0.539219 0.495703
0 0.465886 0.375442 0.455941 0.469206 0.447466 0.468308 0.457411 0.374544
0 0.529829 0.386306 0.531250 0.482887 0.522728 0.483012 0.521307 0.386432
0 0.558143 0.216808 0.536839 0.316227 0.528505 0.314442 0.549809 0.215023
0 0.568286 0.205967 0.687599 0.208808 0.687396 0.217328 0.568083 0.214487
0 0.487182 0.209340 0.470138 0.345694 0.461682 0.344637 0.478725 0.208283
0 0.409260 0.670458 0.623749 0.678981 0.623411 0.687497 0.408921 0.678974
0 0.725846 0.429221 0.711640 0.672129 0.703132 0.671632 0.717337 0.428723
0 0.419027 0.162174 0.390618 0.666431 0.382109 0.665951 0.410518 0.161694
0 0.703060 0.229436 0.698799 0.253580 0.690406 0.252099 0.694667 0.227955
0 0.627841 0.514205 0.627841 0.545455 0.619318 0.545455 0.619318 0.514205
0 0.494047 0.198872 0.538075 0.196032 0.538623 0.204537 0.494596 0.207377
0 0.701698 0.156010 0.704539 0.207153 0.696030 0.207626 0.693188 0.156483
0 0.463766 0.480172 0.514908 0.488694 0.513506 0.497101 0.462365 0.488578
0 0.636358 0.619544 0.633516 0.672109 0.625006 0.671649 0.627847 0.619084
