0 0.408124 0.137760 0.368352 0.142021 0.367444 0.133547 0.407216 0.129286
0 0.203134 0.602556 0.198873 0.538636 0.207377 0.538069 0.211638 0.601989
0 0.144917 0.430911 0.136396 0.361318 0.144856 0.360282 0.153377 0.429876
0 0.360797 0.393596 0.353695 0.153531 0.362214 0.153279 0.369316 0.393344
0 0.351565 0.144826 0.135667 0.181756 0.134230 0.173355 0.350128 0.136426
0 0.495737 0.528519 0.490055 0.740176 0.481535 0.739947 0.487218 0.528290
0 0.580965 0.564029 0.576703 0.730224 0.568183 0.730005 0.572445 0.563810
0 0.372534 0.759926 0.213451 0.774131 0.212693 0.765642 0.371776 0.751437
0 0.583259 0.102182 0.427008 0.134853 0.425263 0.126511 0.581515 0.093840
0 0.200285 0.762871 0.197444 0.625088 0.205965 0.624913 0.208806 0.762696
0 0.600834 0.368296 0.588050 0.504658 0.579564 0.503863 0.592348 0.367501
0 0.485802 0.500239 0.478700 0.373819 0.487209 0.373341 0.494311 0.499761
0 0.477507 0.369312 0.424942 0.372153 0.424482 0.363643 0.477047 0.360801
0 0.324132 0.526980 0.210490 0.534083 0.209959 0.525576 0.323601 0.518474
0 0.413353 0.245849 0.410514 0.140745 0.419033 0.140515 0.421873 0.245619
0 0.492708 0.352277 0.585024 0.348016 0.585417 0.356530 0.493101 0.360790
0 0.153363 0.432617 0.166148 0.519264 0.157716 0.520508 0.144932 0.433861
0 0.380681 0.668964 0.382101 0.748497 0.373580 0.748649 0.372160 0.669116
0 0.564429 0.744288 0.493405 0.752811 0.492389 0.744349 0.563414 0.735826
0 0.127854 0.265952 0.122171 0.190655 0.130669 0.190014 0.136352 0.265311
0 0.428978 0.747075 0.430398 0.668963 0.438920 0.669118 0.437499 0.747230
0 0.194535 0.529609 0.173217 0.536715 0.170522 0.528630 0.191840 0.521523
0 0.579774 0.735801 0.606754 0.737222 0.606306 0.745733 0.579326 0.744312
0 0.476360 0.754231 0.440848 0.758492 0.439833 0.750030 0.475345 0.745769
0 0.386364 0.755682 0.423295 0.755682 0.423295 0.764205 0.386364 0.764205
