0 0.495736 0.170592 0.492895 0.255829 0.484377 0.255545 0.487218 0.170308
0 0.192101 0.514191 0.156590 0.517032 0.155910 0.508536 0.191422 0.505695
0 0.727273 0.693182 0.684659 0.693182 0.684659 0.684659 0.727273 0.684659
0 0.486047 0.166186 0.437749 0.169027 0.437249 0.160519 0.485546 0.157678
0 0.477734 0.717305 0.425171 0.722987 0.424255 0.714514 0.476818 0.708831
0 0.551547 0.363616 0.491874 0.369300 0.491066 0.360815 0.550739 0.355132
0 0.553155 0.707345 0.493505 0.715865 0.492300 0.707428 0.551950 0.698907
0 0.201704 0.516943 0.203124 0.579455 0.194603 0.579648 0.193183 0.517136
0 0.156250 0.193182 0.156250 0.259943 0.147727 0.259943 0.147727 0.193182
0 0.480114 0.704545 0.480114 0.633523 0.488636 0.633523 0.488636 0.704545
0 0.419034 0.633523 0.419034 0.708807 0.410511 0.708807 0.410511 0.633523
0 0.669627 0.694561 0.567341 0.708767 0.566169 0.700325 0.668454 0.686119
0 0.565232 0.350854 0.671757 0.348013 0.671984 0.356533 0.565459 0.359373
0 0.555399 0.477379 0.552558 0.368013 0.561078 0.367791 0.563919 0.477158
0 0.271624 0.180386 0.159419 0.188908 0.158774 0.180410 0.270979 0.171888
0 0.686077 0.368055 0.681815 0.481696 0.673298 0.481377 0.677560 0.367735
0 0.196010 0.604026 0.186068 0.733275 0.177570 0.732621 0.187512 0.603373
0 0.677556 0.534053 0.678977 0.680353 0.670455 0.680436 0.669034 0.534136
0 0.422164 0.171865 0.274431 0.181809 0.273858 0.173305 0.421592 0.163362
0 0.150568 0.349432 0.150568 0.504261 0.142045 0.504261 0.142045 0.349432
0 0.376665 0.504254 0.204793 0.514197 0.204301 0.505689 0.376173 0.495746
0 0.683657 0.147707 0.499009 0.166171 0.498161 0.157691 0.682809 0.139226
0 0.562500 0.504261 0.562500 0.694602 0.553977 0.694602 0.553977 0.504261
0 0.434658 0.176217 0.430397 0.385037 0.421876 0.384863 0.426137 0.176043
0 0.411011 0.721562 0.195105 0.747129 0.194103 0.738666 0.410009 0.713098
