0 0.796833 0.456565 0.752799 0.767640 0.744361 0.766446 0.788394 0.455371
0 0.554076 0.774149 0.612325 0.775570 0.612117 0.784090 0.553868 0.782669
0 0.262784 0.561080 0.262784 0.502841 0.271307 0.502841 0.271307 0.561080
0 0.558334 0.734376 0.618005 0.735797 0.617802 0.744317 0.558131 0.742896
0 0.183234 0.512987 0.180393 0.574057 0.171880 0.573661 0.174720 0.512591
0 0.561379 0.691772 0.622452 0.696033 0.621859 0.704535 0.560786 0.700274
0 0.596165 0.402106 0.667188 0.419152 0.665199 0.427439 0.594176 0.410393
0 0.311056 0.818624 0.302533 0.899597 0.294057 0.898705 0.302580 0.817732
0 0.960181 0.487842 0.947395 0.573081 0.938967 0.571817 0.951753 0.486578
0 0.446459 0.723034 0.543050 0.732977 0.542178 0.741455 0.445586 0.731512
0 0.232954 0.517112 0.231534 0.615113 0.223012 0.614990 0.224432 0.516989
0 0.456275 0.636375 0.554285 0.643477 0.553669 0.651977 0.455659 0.644875
0 0.452074 0.683255 0.550085 0.691777 0.549346 0.700268 0.451336 0.691745
0 0.440703 0.765640 0.540139 0.774164 0.539411 0.782655 0.439975 0.774132
0 0.549680 0.786065 0.535477 0.895431 0.527025 0.894333 0.541228 0.784967
0 0.163497 0.897730 0.294167 0.901991 0.293889 0.910509 0.163220 0.906248
0 0.177552 0.659304 0.170449 0.802765 0.161937 0.802343 0.169040 0.658883
0 0.201675 0.348512 0.184630 0.493393 0.176166 0.492397 0.193210 0.347516
0 0.254987 0.342392 0.583115 0.399210 0.581661 0.407608 0.253533 0.350790
0 0.564033 0.903410 0.886477 0.911933 0.886252 0.920453 0.563807 0.911930
0 0.758480 0.448047 0.718709 0.729283 0.710270 0.728089 0.750041 0.446854
0 0.718706 0.440952 0.683196 0.688101 0.674760 0.686889 0.710270 0.439740
0 0.592297 0.415296 0.563888 0.643993 0.555430 0.642942 0.583840 0.414246
0 0.930345 0.688170 0.894835 0.912594 0.886417 0.911262 0.921927 0.686838
0 0.676088 0.431037 0.644838 0.637003 0.636412 0.635725 0.667662 0.429758
0 0.436050 0.463567 0.416164 0.632600 0.407700 0.631604 0.427586 0.462571
0 0.800596 0.441853 0.955425 0.474524 0.953665 0.482863 0.798836 0.450192
0 0.305597 0.897732 0.456168 0.904835 0.455767 0.913348 0.305195 0.906245
0 0.567095 0.644900 0.621075 0.649161 0.620405 0.657657 0.566425 0.653396
0 0.276943 0.435283 0.269842 0.483571 0.261410 0.482331 0.268510 0.434043
0 0.622120 0.790351 0.616437 0.831552 0.607994 0.830387 0.613677 0.789187
0 0.169037 0.641895 0.170457 0.602119 0.178974 0.602423 0.177554 0.642199
0 0.664727 0.793234 0.659044 0.831594 0.650614 0.830345 0.656297 0.791985
0 0.188591 0.501433 0.225528 0.498592 0.226181 0.507090 0.189245 0.509931
0 0.206798 0.329627 0.242316 0.336731 0.240645 0.345089 0.205127 0.337984
0 0.677897 0.420468 0.713408 0.423309 0.712728 0.431805 0.677217 0.428964
0 0.693245 0.827391 0.698926 0.794728 0.707323 0.796188 0.701642 0.828851
0 0.719297 0.427592 0.751975 0.431854 0.750873 0.440305 0.718195 0.436043
0 0.373954 0.720187 0.406614 0.723027 0.405876 0.731518 0.373215 0.728678
0 0.631056 0.738653 0.663717 0.741493 0.662978 0.749984 0.630317 0.747143
0 0.562460 0.658249 0.558200 0.689494 0.549756 0.688342 0.554016 0.657097
0 0.233334 0.617915 0.264597 0.620757 0.263825 0.629245 0.232562 0.626402
0 0.467330 0.904830 0.498580 0.904830 0.498580 0.913352 0.467330 0.913352
0 0.940224 0.621730 0.933124 0.651550 0.924833 0.649576 0.931933 0.619756
0 0.626821 0.775587 0.656658 0.778429 0.655849 0.786913 0.626013 0.784071
0 0.400144 0.447464 0.428553 0.444623 0.429401 0.453104 0.400992 0.455945
0 0.558217 0.703549 0.555377 0.731958 0.546896 0.731110 0.549737 0.702701
0 0.632081 0.710651 0.629240 0.739061 0.620760 0.738212 0.623601 0.709803
0 0.763660 0.434750 0.790653 0.440433 0.788897 0.448773 0.761904 0.443090
0 0.414681 0.648602 0.408999 0.675596 0.400659 0.673841 0.406341 0.646847
0 0.373360 0.762790 0.400340 0.761370 0.400788 0.769881 0.373808 0.771301
0 0.669263 0.779835 0.696242 0.781256 0.695794 0.789767 0.668815 0.788346
0 0.670429 0.754725 0.667587 0.780307 0.659117 0.779366 0.661958 0.753784
0 0.552550 0.745981 0.551130 0.771538 0.542620 0.771065 0.544041 0.745508
0 0.627727 0.752399 0.622047 0.776541 0.613750 0.774589 0.619431 0.750447
0 0.744253 0.810401 0.739992 0.834545 0.731599 0.833064 0.735860 0.808920
0 0.163345 0.875257 0.161925 0.899391 0.153417 0.898891 0.154837 0.874756
0 0.636364 0.697443 0.660511 0.697443 0.660511 0.705966 0.636364 0.705966
0 0.374413 0.674798 0.395724 0.679060 0.394053 0.687417 0.372742 0.683156
0 0.248570 0.355392 0.247150 0.376709 0.238646 0.376142 0.240066 0.354826
0 0.243176 0.647737 0.264493 0.649157 0.263926 0.657661 0.242610 0.656240
0 0.675016 0.742909 0.694909 0.744329 0.694302 0.752830 0.674409 0.751410
0 0.342813 0.432267 0.359863 0.440792 0.356051 0.448415 0.339001 0.439890
0 0.276989 0.423295 0.295455 0.423295 0.295455 0.431818 0.276989 0.431818
0 0.674657 0.725136 0.671818 0.742174 0.663411 0.740773 0.666251 0.723735
0 0.277334 0.486178 0.292955 0.493279 0.289428 0.501038 0.273807 0.493937
0 0.239704 0.583822 0.256747 0.582401 0.257455 0.590894 0.240412 0.592315
0 0.712003 0.782685 0.729046 0.784106 0.728338 0.792599 0.711295 0.791178
0 0.341065 0.491780 0.355282 0.497466 0.352117 0.505380 0.337900 0.499693
0 0.458833 0.888731 0.467304 0.889672 0.465883 0.902462 0.457412 0.901521
0 0.180398 0.859375 0.180398 0.867898 0.169034 0.867898 0.169034 0.859375
0 0.248570 0.433521 0.238627 0.581255 0.230123 0.580683 0.240067 0.432949
