0 0.188917 0.653587 0.187497 0.687677 0.178981 0.687322 0.180401 0.653232
0 0.375000 0.515625 0.396307 0.515625 0.396307 0.524148 0.375000 0.524148
0 0.522727 0.420455 0.522727 0.399148 0.531250 0.399148 0.531250 0.420455
0 0.284091 0.303977 0.284091 0.281250 0.292614 0.281250 0.292614 0.303977
0 0.380682 0.308239 0.404830 0.308239 0.404830 0.316761 0.380682 0.316761
0 0.534091 0.463068 0.559659 0.463068 0.559659 0.471591 0.534091 0.471591
0 0.414766 0.277231 0.413346 0.302788 0.404836 0.302315 0.406257 0.276758
0 0.480173 0.682532 0.484432 0.656976 0.492839 0.658377 0.488580 0.683933
0 0.498775 0.545459 0.530021 0.546879 0.529634 0.555393 0.498388 0.553973
0 0.551603 0.298270 0.513259 0.302530 0.512318 0.294060 0.550661 0.289799
0 0.635564 0.289818 0.673924 0.295501 0.672675 0.303932 0.634315 0.298249
0 0.236074 0.546866 0.193470 0.549706 0.192903 0.541202 0.235507 0.538362
0 0.569602 0.259943 0.623580 0.259943 0.623580 0.268466 0.569602 0.268466
0 0.657787 0.694601 0.603800 0.696021 0.603576 0.687501 0.657563 0.686081
0 0.566761 0.289773 0.622159 0.289773 0.622159 0.298295 0.566761 0.298295
0 0.187499 0.480004 0.188919 0.538254 0.180399 0.538462 0.178979 0.480212
0 0.291193 0.319602 0.291193 0.383523 0.282670 0.383523 0.282670 0.319602
0 0.191758 0.552731 0.188917 0.622332 0.180401 0.621985 0.183242 0.552384
0 0.366554 0.315340 0.294125 0.316760 0.293958 0.308239 0.366387 0.306819
0 0.494315 0.556977 0.491474 0.632265 0.482957 0.631943 0.485799 0.556656
0 0.419114 0.306819 0.501488 0.308239 0.501341 0.316761 0.418967 0.315340
0 0.600852 0.319602 0.600852 0.403409 0.592330 0.403409 0.592330 0.319602
0 0.196160 0.306821 0.281397 0.309661 0.281113 0.318179 0.195876 0.315339
0 0.414771 0.318311 0.411929 0.407812 0.403411 0.407541 0.406252 0.318041
0 0.764265 0.691761 0.671946 0.693181 0.671815 0.684659 0.764134 0.683239
0 0.495680 0.688921 0.590840 0.687500 0.590967 0.696022 0.495808 0.697443
0 0.674704 0.586969 0.667602 0.682131 0.659103 0.681497 0.666205 0.586335
0 0.632096 0.302791 0.626413 0.403654 0.617904 0.403175 0.623587 0.302312
0 0.308238 0.582450 0.306818 0.684713 0.298296 0.684595 0.299716 0.582332
0 0.190457 0.690342 0.298403 0.693183 0.298179 0.701703 0.190233 0.698862
0 0.405102 0.272719 0.294307 0.279821 0.293762 0.271315 0.404557 0.264213
0 0.193179 0.318341 0.188917 0.430562 0.180400 0.430238 0.184663 0.318018
0 0.606529 0.569815 0.600847 0.683451 0.592335 0.683026 0.598017 0.569389
0 0.554152 0.268462 0.417793 0.274144 0.417439 0.265629 0.553798 0.259947
0 0.795532 0.265624 0.635017 0.268465 0.634866 0.259944 0.795381 0.257103
0 0.509936 0.317022 0.499991 0.477539 0.491485 0.477012 0.501429 0.316495
0 0.681813 0.307029 0.673290 0.474654 0.664778 0.474221 0.673301 0.306596
0 0.481534 0.698864 0.312500 0.698864 0.312500 0.690341 0.481534 0.690341
0 0.376420 0.321083 0.373579 0.510011 0.365057 0.509883 0.367898 0.320955
0 0.282175 0.271408 0.280326 0.279728 0.267541 0.276887 0.269390 0.268567
0 0.561384 0.498944 0.557923 0.506733 0.545150 0.501056 0.548612 0.493267
0 0.295885 0.397705 0.295038 0.389225 0.309228 0.387806 0.310076 0.396286
0 0.646307 0.481534 0.663352 0.481534 0.663352 0.490057 0.646307 0.490057
0 0.633508 0.270241 0.632087 0.287285 0.623594 0.286577 0.625015 0.269534
0 0.673295 0.544034 0.673295 0.562500 0.664773 0.562500 0.664773 0.544034
0 0.541193 0.519886 0.559659 0.519886 0.559659 0.528409 0.541193 0.528409
0 0.238636 0.535511 0.238636 0.517045 0.247159 0.517045 0.247159 0.535511
0 0.495726 0.523053 0.494306 0.541521 0.485808 0.540868 0.487228 0.522399
0 0.533313 0.335276 0.551789 0.338119 0.550493 0.346542 0.532018 0.343700
