0 0.965898 0.437810 0.950273 0.652298 0.941773 0.651679 0.957398 0.437190
0 0.896292 0.433594 0.886350 0.554322 0.877856 0.553622 0.887798 0.432894
0 0.941756 0.762983 0.936075 0.882308 0.927562 0.881903 0.933243 0.762578
0 0.151389 0.718830 0.267857 0.741555 0.266225 0.749920 0.149757 0.727195
0 0.159043 0.601490 0.143419 0.705178 0.134991 0.703908 0.150615 0.600220
0 0.625387 0.518483 0.702104 0.525587 0.701318 0.534074 0.624601 0.526970
0 0.285284 0.744489 0.353466 0.764375 0.351080 0.772557 0.282898 0.752671
0 0.715886 0.543055 0.708784 0.611237 0.700307 0.610354 0.707409 0.542172
0 0.335596 0.349448 0.402343 0.355129 0.401620 0.363621 0.334873 0.357940
0 0.727541 0.450292 0.794309 0.454555 0.793766 0.463060 0.726998 0.458798
0 0.773383 0.152040 0.837302 0.161982 0.835992 0.170404 0.772073 0.160461
0 0.632061 0.449450 0.623539 0.510534 0.615098 0.509357 0.623620 0.448272
0 0.073332 0.703219 0.133000 0.716005 0.131214 0.724338 0.071546 0.711552
0 0.900548 0.356944 0.894866 0.415190 0.886383 0.414363 0.892066 0.356117
0 0.667594 0.365467 0.661911 0.423713 0.653429 0.422885 0.659111 0.364639
0 0.725847 0.774362 0.723007 0.832588 0.714494 0.832173 0.717334 0.773946
0 0.767014 0.168136 0.759909 0.224967 0.751452 0.223909 0.758557 0.167079
0 0.722990 0.460651 0.717308 0.517470 0.708828 0.516622 0.714510 0.459803
0 0.418983 0.378499 0.410458 0.432489 0.402040 0.431160 0.410565 0.377170
0 0.724651 0.848017 0.778638 0.850858 0.778190 0.859369 0.724203 0.856528
0 0.899255 0.419036 0.953242 0.420456 0.953018 0.428976 0.899031 0.427555
0 0.821920 0.548391 0.874484 0.559756 0.872683 0.568086 0.820119 0.556722
0 0.797665 0.407744 0.850227 0.417688 0.848642 0.426062 0.796080 0.416119
0 0.713658 0.617938 0.764787 0.625040 0.763614 0.633482 0.712486 0.626380
0 0.319574 0.445092 0.313893 0.494797 0.305426 0.493829 0.311107 0.444124
0 0.660425 0.775002 0.650480 0.823307 0.642132 0.821589 0.652077 0.773284
0 0.737147 0.678320 0.728624 0.725193 0.720239 0.723669 0.728762 0.676795
0 0.372128 0.713582 0.366446 0.760455 0.357986 0.759429 0.363667 0.712556
0 0.846589 0.178841 0.848009 0.224302 0.839491 0.224568 0.838070 0.179107
0 0.657670 0.838068 0.703125 0.838068 0.703125 0.846591 0.657670 0.846591
0 0.286912 0.692175 0.282651 0.736203 0.274168 0.735382 0.278428 0.691354
0 0.845315 0.339491 0.886512 0.340911 0.886219 0.349429 0.845022 0.348009
0 0.806845 0.597528 0.811109 0.560586 0.819575 0.561563 0.815312 0.598505
0 0.419034 0.325284 0.419034 0.356534 0.410511 0.356534 0.410511 0.325284
0 0.702961 0.366228 0.694438 0.396057 0.686243 0.393715 0.694766 0.363886
0 0.666188 0.666398 0.664768 0.696223 0.656255 0.695817 0.657675 0.665993
0 0.303047 0.631135 0.325764 0.642492 0.321953 0.650115 0.299236 0.638758
0 0.318263 0.501694 0.340980 0.510213 0.337987 0.518193 0.315270 0.509674
0 0.697185 0.403417 0.721348 0.401996 0.721849 0.410504 0.697686 0.411925
0 0.342135 0.609228 0.335034 0.631951 0.326899 0.629408 0.334001 0.606686
0 0.669566 0.349465 0.692287 0.352305 0.691230 0.360762 0.668509 0.357922
0 0.860762 0.433770 0.857922 0.456491 0.849465 0.455434 0.852305 0.432713
0 0.328117 0.362476 0.326696 0.385215 0.318189 0.384683 0.319611 0.361944
0 0.301128 0.598271 0.299707 0.621011 0.291201 0.620479 0.292622 0.597739
0 0.704536 0.630410 0.705958 0.653149 0.697452 0.653681 0.696030 0.630942
0 0.309622 0.517604 0.306780 0.538921 0.298332 0.537794 0.301174 0.516477
0 0.675438 0.651146 0.692493 0.661095 0.688198 0.668456 0.671144 0.658507
0 0.708109 0.656828 0.725163 0.666777 0.720869 0.674138 0.703814 0.664189
0 0.832605 0.457714 0.849650 0.464816 0.846372 0.472684 0.829327 0.465581
0 0.867937 0.416451 0.883555 0.422131 0.880643 0.430140 0.865024 0.424460
0 0.764122 0.367314 0.755765 0.365643 0.758605 0.351436 0.766963 0.353107
0 0.465935 0.418560 0.474406 0.419501 0.472985 0.432292 0.464514 0.431351
0 0.797660 0.858027 0.925513 0.882178 0.923931 0.890552 0.796078 0.866402
0 0.551605 0.598037 0.693646 0.613662 0.692714 0.622133 0.550673 0.606509
0 0.476558 0.404889 0.621434 0.429034 0.620033 0.437441 0.475157 0.413295
0 0.811062 0.677942 0.795437 0.849818 0.786949 0.849047 0.802574 0.677170
0 0.444575 0.134001 0.424688 0.308725 0.416220 0.307761 0.436107 0.133037
0 0.203469 0.291207 0.410866 0.308253 0.410168 0.316747 0.202770 0.299701
0 0.195986 0.303115 0.167577 0.517606 0.159128 0.516487 0.187537 0.301996
0 0.426727 0.313962 0.651153 0.345211 0.649977 0.353652 0.425552 0.322403
0 0.162199 0.098020 0.432088 0.115065 0.431551 0.123571 0.161662 0.106526
0 0.370142 0.775649 0.638598 0.828203 0.636960 0.836567 0.368505 0.784013
0 0.450725 0.116500 0.754692 0.147749 0.753820 0.156227 0.449854 0.124978
