0 0.605075 0.476083 0.654791 0.493128 0.652027 0.501190 0.602311 0.484145
0 0.597570 0.639318 0.699843 0.663467 0.697885 0.671761 0.595612 0.647613
0 0.228693 0.276989 0.340909 0.276989 0.340909 0.285511 0.228693 0.285511
0 0.737210 0.288569 0.731529 0.400783 0.723017 0.400352 0.728699 0.288138
0 0.805390 0.292869 0.798289 0.413598 0.789781 0.413097 0.796882 0.292368
0 0.701721 0.654455 0.713084 0.523784 0.721575 0.524522 0.710212 0.655194
0 0.177601 0.536320 0.197486 0.398543 0.205921 0.399760 0.186037 0.537537
0 0.380609 0.121522 0.352198 0.272104 0.343823 0.270524 0.372234 0.119942
0 0.209026 0.100858 0.372384 0.109381 0.371940 0.117892 0.208582 0.109369
0 0.389738 0.448897 0.591448 0.474466 0.590376 0.482921 0.388666 0.457352
0 0.389665 0.402014 0.597059 0.424742 0.596131 0.433214 0.388736 0.410486
0 0.564093 0.275565 0.355289 0.284087 0.354942 0.275571 0.563745 0.267049
0 0.317887 0.568333 0.552253 0.632251 0.550011 0.640473 0.315644 0.576556
0 0.383565 0.109375 0.632157 0.112216 0.632060 0.120738 0.383468 0.117897
0 0.132242 0.539775 0.174860 0.541196 0.174576 0.549714 0.131958 0.548293
0 0.625000 0.308239 0.670455 0.308239 0.670455 0.316761 0.625000 0.316761
0 0.258103 0.554096 0.304984 0.565462 0.302976 0.573745 0.256095 0.562379
0 0.570968 0.577389 0.562445 0.629941 0.554032 0.628577 0.562555 0.576025
0 0.247209 0.551905 0.252890 0.514981 0.261314 0.516277 0.255633 0.553201
0 0.645136 0.112223 0.693433 0.115064 0.692932 0.123572 0.644635 0.120731
0 0.576705 0.268466 0.616477 0.268466 0.616477 0.276989 0.576705 0.276989
0 0.740054 0.234526 0.738634 0.274301 0.730117 0.273997 0.731537 0.234221
0 0.713927 0.663440 0.755129 0.671964 0.753402 0.680310 0.712201 0.671786
0 0.207460 0.337279 0.217404 0.284717 0.225778 0.286301 0.215834 0.338863
0 0.741811 0.274161 0.795791 0.278423 0.795120 0.286919 0.741141 0.282657
0 0.188435 0.539877 0.245254 0.552661 0.243383 0.560975 0.186565 0.548192
0 0.308283 0.561885 0.316807 0.503642 0.325240 0.504876 0.316716 0.563119
0 0.779820 0.497442 0.775559 0.561363 0.767055 0.560796 0.771316 0.496876
0 0.585275 0.631466 0.596639 0.556182 0.605066 0.557455 0.593702 0.632738
0 0.758543 0.650155 0.767066 0.563499 0.775548 0.564334 0.767024 0.650989
0 0.566367 0.633650 0.583413 0.637911 0.581346 0.646180 0.564300 0.641918
0 0.689046 0.149540 0.694731 0.126802 0.702999 0.128869 0.697315 0.151607
0 0.629320 0.149862 0.633580 0.124305 0.641986 0.125706 0.637727 0.151263
0 0.700479 0.220175 0.731726 0.221595 0.731339 0.230109 0.700093 0.228689
0 0.593784 0.471058 0.598044 0.436976 0.606500 0.438033 0.602241 0.472115
0 0.666533 0.268479 0.702044 0.271320 0.701365 0.279816 0.665853 0.276975
0 0.297382 0.309689 0.332895 0.313951 0.331879 0.322413 0.296367 0.318151
0 0.600878 0.419982 0.612242 0.317713 0.620713 0.318655 0.609349 0.420923
