0 0.467330 0.536932 0.467330 0.568182 0.458807 0.568182 0.458807 0.536932
0 0.458723 0.307400 0.464407 0.335815 0.456049 0.337486 0.450366 0.309072
0 0.634891 0.308991 0.639153 0.335986 0.630734 0.337316 0.626472 0.310320
0 0.198762 0.271802 0.204444 0.297372 0.196124 0.299221 0.190442 0.273651
0 0.575183 0.312003 0.569501 0.337573 0.561181 0.335724 0.566863 0.310154
0 0.772509 0.515798 0.796657 0.522900 0.794252 0.531077 0.770104 0.523975
0 0.453206 0.409364 0.475923 0.417883 0.472930 0.425863 0.450214 0.417344
0 0.072370 0.273362 0.076632 0.296090 0.068255 0.297661 0.063993 0.274932
0 0.467330 0.450284 0.467330 0.471591 0.458807 0.471591 0.458807 0.450284
0 0.338057 0.577005 0.336637 0.596898 0.328136 0.596290 0.329556 0.576398
0 0.565341 0.288352 0.565341 0.269886 0.573864 0.269886 0.573864 0.288352
0 0.718624 0.484768 0.722882 0.501801 0.714614 0.503868 0.710356 0.486835
0 0.629247 0.272374 0.630667 0.289418 0.622174 0.290126 0.620753 0.273082
0 0.468448 0.494474 0.462761 0.508691 0.454848 0.505526 0.460535 0.491309
0 0.205966 0.252841 0.558239 0.252841 0.558239 0.261364 0.205966 0.261364
0 0.635044 0.252842 0.885036 0.258524 0.884842 0.267044 0.634850 0.261363
0 0.401988 0.445979 0.403409 0.573812 0.394887 0.573907 0.393466 0.446074
0 0.586959 0.684648 0.470481 0.693170 0.469859 0.684670 0.586337 0.676148
0 0.076440 0.691769 0.192928 0.684667 0.193447 0.693174 0.076958 0.700276
0 0.456068 0.691760 0.341018 0.694601 0.340807 0.686081 0.455857 0.683240
0 0.190503 0.267043 0.076862 0.271304 0.076542 0.262787 0.190184 0.258526
0 0.710563 0.681805 0.601179 0.690329 0.600517 0.681832 0.709901 0.673308
0 0.715903 0.308018 0.721585 0.415966 0.713074 0.416413 0.707392 0.308466
0 0.276860 0.688922 0.325163 0.687502 0.325413 0.696021 0.277110 0.697441
0 0.772358 0.680382 0.724052 0.676120 0.724801 0.667630 0.773107 0.671892
0 0.785346 0.670458 0.896145 0.666196 0.896472 0.674713 0.785673 0.678974
0 0.519082 0.576660 0.470794 0.583761 0.469554 0.575329 0.517842 0.568228
0 0.403523 0.573865 0.454668 0.575286 0.454432 0.583805 0.403286 0.582385
0 0.271762 0.559683 0.324325 0.565366 0.323409 0.573839 0.270846 0.568157
0 0.267045 0.607859 0.268465 0.676054 0.259944 0.676232 0.258524 0.608036
0 0.071009 0.495402 0.075271 0.549382 0.066775 0.550053 0.062513 0.496073
0 0.068158 0.634490 0.073841 0.688482 0.065365 0.689374 0.059682 0.635382
0 0.717305 0.616024 0.722989 0.670016 0.714513 0.670908 0.708829 0.616916
0 0.334897 0.434672 0.390301 0.430410 0.390955 0.438907 0.335551 0.443170
0 0.592306 0.606087 0.599407 0.672841 0.590932 0.673743 0.583831 0.606989
0 0.073863 0.372103 0.075284 0.471525 0.066762 0.471647 0.065341 0.372225
0 0.784089 0.568316 0.781248 0.663472 0.772729 0.663218 0.775570 0.568062
0 0.196023 0.372159 0.196023 0.467330 0.187500 0.467330 0.187500 0.372159
0 0.559795 0.299714 0.466031 0.302555 0.465773 0.294036 0.559537 0.291195
0 0.463060 0.587803 0.468741 0.677282 0.460235 0.677822 0.454555 0.588343
0 0.204482 0.478693 0.292539 0.477274 0.292677 0.485795 0.204620 0.487215
0 0.195978 0.601655 0.207339 0.678346 0.198909 0.679595 0.187547 0.602904
0 0.709147 0.301123 0.638124 0.306805 0.637444 0.298309 0.708467 0.292627
0 0.258523 0.697443 0.210227 0.697443 0.210227 0.688920 0.258523 0.688920
0 0.492809 0.361661 0.485705 0.395759 0.477362 0.394021 0.484465 0.359923
0 0.196023 0.490057 0.196023 0.528409 0.187500 0.528409 0.187500 0.490057
0 0.120439 0.488626 0.079259 0.485786 0.079845 0.477283 0.121026 0.480123
0 0.574842 0.257125 0.616043 0.252863 0.616919 0.261341 0.575719 0.265603
0 0.142045 0.474432 0.186080 0.474432 0.186080 0.482955 0.142045 0.482955
0 0.332351 0.513657 0.338034 0.557695 0.329581 0.558786 0.323898 0.514748
0 0.662738 0.414850 0.706779 0.423374 0.705159 0.431741 0.661119 0.423217
0 0.622029 0.302555 0.576568 0.301134 0.576835 0.292615 0.622295 0.294037
0 0.725595 0.505690 0.772469 0.502849 0.772985 0.511356 0.726110 0.514197
0 0.517557 0.428947 0.470684 0.434628 0.469659 0.426167 0.516532 0.420486
0 0.519354 0.481441 0.472471 0.491385 0.470703 0.483048 0.517586 0.473103
