0 0.781332 0.781249 0.632183 0.784090 0.632020 0.775569 0.781170 0.772728
0 0.365031 0.675190 0.356560 0.674249 0.357981 0.661458 0.366451 0.662399
0 0.794034 0.170455 0.815341 0.170455 0.815341 0.178977 0.794034 0.178977
0 0.201637 0.783870 0.180319 0.790976 0.177624 0.782891 0.198942 0.775785
0 0.056818 0.802557 0.056818 0.829545 0.048295 0.829545 0.048295 0.802557
0 0.551133 0.796691 0.552552 0.829359 0.544038 0.829729 0.542618 0.797061
0 0.818167 0.792970 0.815326 0.827056 0.806833 0.826348 0.809674 0.792262
0 0.110795 0.602273 0.154830 0.602273 0.154830 0.610795 0.110795 0.610795
0 0.741477 0.596591 0.786932 0.596591 0.786932 0.605114 0.741477 0.605114
0 0.429107 0.166195 0.474568 0.167616 0.474302 0.176134 0.428841 0.174714
0 0.092455 0.399149 0.139337 0.400571 0.139079 0.409089 0.092197 0.407668
0 0.431917 0.595172 0.490166 0.596592 0.489958 0.605112 0.431709 0.603692
0 0.519878 0.613912 0.515616 0.679256 0.507111 0.678701 0.511373 0.613357
0 0.429059 0.247160 0.497255 0.248580 0.497077 0.257101 0.428882 0.255681
0 0.231534 0.406250 0.301136 0.406250 0.301136 0.414773 0.231534 0.414773
0 0.380660 0.459235 0.373557 0.528846 0.365079 0.527980 0.372181 0.458370
0 0.093750 0.208807 0.170455 0.208807 0.170455 0.217330 0.093750 0.217330
0 0.514283 0.167614 0.598078 0.169035 0.597933 0.177556 0.514138 0.176136
0 0.404767 0.373580 0.492823 0.372160 0.492961 0.380682 0.404904 0.382101
0 0.475913 0.694602 0.385015 0.696022 0.384882 0.687500 0.475780 0.686080
0 0.641984 0.373580 0.732882 0.372160 0.733016 0.380682 0.642118 0.382101
0 0.332453 0.781250 0.430454 0.782671 0.430331 0.791193 0.332330 0.789772
0 0.522723 0.262603 0.526985 0.360607 0.518470 0.360977 0.514208 0.262973
0 0.643594 0.167615 0.743013 0.170456 0.742770 0.178975 0.643350 0.176135
0 0.265613 0.612538 0.257090 0.726168 0.248592 0.725530 0.257114 0.611901
0 0.598006 0.616683 0.592324 0.733164 0.583812 0.732749 0.589494 0.616268
0 0.822438 0.616688 0.815336 0.761571 0.806823 0.761153 0.813925 0.616270
0 0.059656 0.619157 0.065338 0.773996 0.056821 0.774309 0.051139 0.619470
0 0.072437 0.224651 0.063915 0.388009 0.055404 0.387565 0.063926 0.224207
0 0.068179 0.417759 0.062498 0.589625 0.053980 0.589344 0.059661 0.417477
0 0.836639 0.187777 0.825275 0.362493 0.816770 0.361939 0.828134 0.187223
0 0.630673 0.187773 0.619309 0.363912 0.610804 0.363364 0.622168 0.187224
0 0.518466 0.394857 0.519886 0.585193 0.511364 0.585256 0.509944 0.394921
0 0.819602 0.389140 0.822443 0.588011 0.813921 0.588133 0.811080 0.389261
