0 0.072443 0.869318 0.072443 0.886364 0.063920 0.886364 0.063920 0.869318
0 0.659091 0.360754 0.663352 0.855082 0.654830 0.855155 0.650568 0.360827
0 0.508521 0.504138 0.514203 0.704427 0.505684 0.704669 0.500002 0.504380
0 0.221581 0.450437 0.214479 0.647881 0.205962 0.647574 0.213064 0.450131
0 0.460227 0.161932 0.636364 0.161932 0.636364 0.170455 0.460227 0.170455
0 0.069602 0.676136 0.069602 0.833807 0.061080 0.833807 0.061080 0.676136
0 0.228743 0.724432 0.360837 0.725853 0.360746 0.734375 0.228651 0.732954
0 0.661931 0.186037 0.663352 0.315290 0.654830 0.315384 0.653409 0.186130
0 0.225847 0.289993 0.220165 0.400785 0.211653 0.400348 0.217335 0.289556
0 0.404828 0.207500 0.401987 0.318287 0.393467 0.318069 0.396308 0.207281
0 0.244318 0.160511 0.350852 0.160511 0.350852 0.169034 0.244318 0.169034
0 0.392045 0.622231 0.390625 0.713129 0.382103 0.712996 0.383523 0.622098
0 0.416268 0.336649 0.504324 0.338068 0.504187 0.346590 0.416130 0.345170
0 0.582386 0.768466 0.582386 0.855114 0.573864 0.855114 0.573864 0.768466
0 0.214488 0.745816 0.213068 0.831031 0.204546 0.830889 0.205966 0.745674
0 0.487378 0.491474 0.412091 0.494315 0.411770 0.485799 0.487057 0.482957
0 0.403397 0.356858 0.399135 0.412262 0.390637 0.411608 0.394899 0.356204
0 0.508521 0.806944 0.507100 0.853826 0.498582 0.853568 0.500002 0.806686
0 0.595170 0.869318 0.632102 0.869318 0.632102 0.877841 0.595170 0.877841
0 0.232901 0.178229 0.227219 0.213743 0.218804 0.212396 0.224485 0.176882
0 0.088408 0.657684 0.123919 0.660525 0.123240 0.669021 0.087728 0.666180
0 0.334002 0.426141 0.365248 0.427561 0.364861 0.436075 0.333615 0.434655
0 0.522956 0.869324 0.549935 0.870744 0.549487 0.879255 0.522508 0.877835
0 0.211583 0.681080 0.215844 0.705224 0.207451 0.706705 0.203190 0.682561
0 0.545712 0.755689 0.569860 0.757110 0.569359 0.765618 0.545211 0.764197
0 0.390635 0.471879 0.389214 0.450563 0.397718 0.449996 0.399138 0.471312
0 0.390625 0.505682 0.390625 0.526989 0.382102 0.526989 0.382102 0.505682
0 0.242120 0.420503 0.260596 0.423346 0.259300 0.431769 0.240824 0.428927
