0 0.734274 0.636860 0.725954 0.638709 0.723113 0.625924 0.731433 0.624075
0 0.132864 0.640556 0.070366 0.651920 0.068841 0.643535 0.131339 0.632171
0 0.132292 0.732950 0.069800 0.735791 0.069413 0.727277 0.131905 0.724436
0 0.140625 0.748580 0.140625 0.809659 0.132102 0.809659 0.132102 0.748580
0 0.137779 0.468553 0.140620 0.528201 0.132107 0.528606 0.129266 0.468958
0 0.788459 0.512783 0.728789 0.514203 0.728586 0.505683 0.788257 0.504263
0 0.146296 0.656554 0.142034 0.714807 0.133534 0.714185 0.137796 0.655932
0 0.150439 0.528411 0.198742 0.526990 0.198993 0.535509 0.150690 0.536930
0 0.896724 0.502820 0.854110 0.507081 0.853262 0.498601 0.895876 0.494340
0 0.353696 0.662076 0.352275 0.619458 0.360793 0.619174 0.362214 0.661792
0 0.298730 0.362238 0.339931 0.366500 0.339054 0.374978 0.297853 0.370716
0 0.355110 0.377664 0.356530 0.411754 0.348015 0.412109 0.346595 0.378019
0 0.195157 0.634907 0.162479 0.639170 0.161377 0.630718 0.194055 0.626455
0 0.353610 0.497742 0.357872 0.519053 0.349515 0.520724 0.345253 0.499413
0 0.724432 0.518466 0.724432 0.535511 0.715909 0.535511 0.715909 0.518466
0 0.356552 0.791575 0.355131 0.775958 0.363619 0.775186 0.365039 0.790803
0 0.215033 0.813886 0.149706 0.822406 0.148603 0.813955 0.213931 0.805435
0 0.645449 0.764167 0.367036 0.801100 0.365915 0.792651 0.644328 0.755718
0 0.073860 0.379444 0.062496 0.639394 0.053981 0.639022 0.065345 0.379072
0 0.632113 0.535812 0.620750 0.378153 0.629251 0.377540 0.640613 0.535199
0 0.301335 0.458802 0.146498 0.465905 0.146108 0.457391 0.300945 0.450288
0 0.318500 0.721579 0.165085 0.732943 0.164455 0.724443 0.317870 0.713080
0 0.651982 0.624764 0.659084 0.754030 0.650575 0.754497 0.643472 0.625232
0 0.085184 0.363637 0.214438 0.362216 0.214532 0.370738 0.085278 0.372159
0 0.355214 0.365058 0.478789 0.367899 0.478593 0.376419 0.355018 0.373578
0 0.490494 0.600830 0.368348 0.613612 0.367461 0.605136 0.489606 0.592353
0 0.612265 0.375000 0.498637 0.376420 0.498531 0.367898 0.612158 0.366478
0 0.494319 0.590972 0.492898 0.502915 0.501420 0.502778 0.502841 0.590835
0 0.348356 0.620725 0.261715 0.627826 0.261019 0.619332 0.347660 0.612231
0 0.146304 0.541044 0.149145 0.624860 0.140628 0.625149 0.137786 0.541333
0 0.492918 0.453538 0.485816 0.381101 0.494298 0.380269 0.501400 0.452706
0 0.341322 0.529810 0.268885 0.536911 0.268053 0.528429 0.340490 0.521328
0 0.348597 0.802517 0.277585 0.812458 0.276403 0.804018 0.347415 0.794076
0 0.353680 0.533751 0.359361 0.604774 0.350865 0.605454 0.345184 0.534430
0 0.808919 0.639150 0.739329 0.650511 0.737956 0.642100 0.807546 0.630739
0 0.061065 0.653060 0.066746 0.721232 0.058253 0.721940 0.052572 0.653768
