0 0.629352 0.372158 0.497252 0.374999 0.497069 0.366478 0.629169 0.363637
0 0.460239 0.677748 0.454557 0.551328 0.463071 0.550945 0.468753 0.677366
0 0.520284 0.688902 0.474830 0.693163 0.474034 0.684678 0.519488 0.680416
0 0.309689 0.777497 0.305428 0.741984 0.313890 0.740969 0.318151 0.776481
0 0.379265 0.884773 0.380685 0.849262 0.389201 0.849602 0.387781 0.885113
0 0.311407 0.545442 0.236110 0.551125 0.235468 0.542626 0.310765 0.536943
0 0.652001 0.775895 0.646318 0.700598 0.654817 0.699957 0.660500 0.775254
0 0.274642 0.693153 0.237699 0.697416 0.236722 0.688949 0.273664 0.684686
0 0.617139 0.684710 0.644134 0.688973 0.642804 0.697392 0.615809 0.693129
0 0.373810 0.696016 0.348253 0.697437 0.347780 0.688927 0.373338 0.687507
0 0.474438 0.878072 0.473018 0.852515 0.481528 0.852042 0.482947 0.877599
0 0.514901 0.281193 0.497864 0.284032 0.496462 0.275626 0.513500 0.272786
0 0.642042 0.379089 0.654825 0.683053 0.646310 0.683411 0.633527 0.379447
0 0.325284 0.889205 0.376420 0.889205 0.376420 0.897727 0.325284 0.897727
0 0.556824 0.961422 0.559666 0.908857 0.568176 0.909317 0.565334 0.961882
0 0.497378 0.892051 0.551366 0.894893 0.550918 0.903404 0.496930 0.900562
0 0.244651 0.944615 0.477613 0.963082 0.476940 0.971578 0.243978 0.953111
0 0.365063 0.115286 0.362221 0.061298 0.370732 0.060850 0.373574 0.114838
0 0.480136 0.959238 0.474454 0.903847 0.482933 0.902978 0.488614 0.958369
0 0.654828 0.841010 0.653408 0.897839 0.644888 0.897626 0.646308 0.840797
0 0.494318 0.965909 0.552557 0.965909 0.552557 0.974432 0.494318 0.974432
0 0.585637 0.896327 0.643883 0.902009 0.643056 0.910492 0.584810 0.904809
0 0.370740 0.271412 0.369319 0.210320 0.377840 0.210122 0.379260 0.271214
0 0.380686 0.767235 0.377845 0.704743 0.386359 0.704356 0.389200 0.766848
0 0.459073 0.694594 0.389459 0.698856 0.388938 0.690350 0.458552 0.686087
0 0.223015 0.483119 0.220174 0.409254 0.228690 0.408926 0.231531 0.482792
0 0.392045 0.887784 0.467330 0.887784 0.467330 0.896307 0.392045 0.896307
0 0.225853 0.683283 0.224432 0.556870 0.232954 0.556774 0.234375 0.683187
0 0.319602 0.779777 0.321022 0.884881 0.312500 0.884996 0.311080 0.779892
0 0.517049 0.267231 0.512789 0.172071 0.521303 0.171689 0.525564 0.266850
0 0.450423 0.544032 0.359502 0.546873 0.359236 0.538355 0.450157 0.535513
0 0.470179 0.787197 0.464497 0.697718 0.473003 0.697178 0.478684 0.786657
0 0.234375 0.826642 0.235795 0.914698 0.227273 0.914836 0.225853 0.826779
0 0.400926 0.386348 0.233317 0.400553 0.232597 0.392061 0.400206 0.377856
0 0.572442 0.735881 0.569601 0.877926 0.561080 0.877756 0.563921 0.735710
