0 0.889034 0.463072 0.924546 0.461651 0.924886 0.470167 0.889375 0.471588
0 0.291187 0.447212 0.292607 0.472770 0.284097 0.473242 0.282678 0.447685
0 0.288363 0.746045 0.286943 0.726153 0.295444 0.725546 0.296864 0.745438
0 0.707386 0.501420 0.707386 0.481534 0.715909 0.481534 0.715909 0.501420
0 0.714614 0.618925 0.710356 0.601892 0.718624 0.599825 0.722882 0.616858
0 0.606651 0.749998 0.302679 0.758521 0.302440 0.750002 0.606412 0.741479
0 0.028403 0.336872 0.015619 0.578352 0.007108 0.577901 0.019892 0.336421
0 0.602282 0.501696 0.590918 0.325557 0.599423 0.325008 0.610787 0.501148
0 0.103776 0.664774 0.248663 0.667614 0.248496 0.676135 0.103609 0.673295
0 0.236006 0.411927 0.095390 0.419028 0.094960 0.410516 0.235576 0.403415
0 0.616478 0.737304 0.613637 0.600942 0.622158 0.600764 0.624999 0.737127
0 0.433439 0.563916 0.308426 0.569598 0.308039 0.561084 0.433052 0.555402
0 0.323808 0.316762 0.423229 0.315341 0.423351 0.323863 0.323930 0.325284
0 0.828306 0.624996 0.730302 0.629257 0.729932 0.620742 0.827936 0.616482
0 0.440341 0.554035 0.438921 0.457454 0.447443 0.457329 0.448863 0.553909
0 0.280121 0.575274 0.196308 0.580956 0.195731 0.572453 0.279545 0.566771
0 0.438931 0.409396 0.433250 0.331279 0.441750 0.330661 0.447432 0.408778
0 0.150568 0.328125 0.072443 0.328125 0.072443 0.319602 0.150568 0.319602
0 0.088067 0.494244 0.089488 0.569515 0.080967 0.569676 0.079546 0.494405
0 0.278577 0.759940 0.206132 0.762781 0.205798 0.754265 0.278243 0.751424
0 0.291177 0.492529 0.296860 0.559305 0.288368 0.560028 0.282685 0.493252
0 0.275751 0.485791 0.210415 0.488632 0.210045 0.480118 0.275381 0.477277
0 0.073864 0.744222 0.075286 0.684552 0.083806 0.684755 0.082385 0.744425
0 0.014205 0.595170 0.014205 0.654830 0.005682 0.654830 0.005682 0.595170
0 0.086648 0.599432 0.086648 0.656250 0.078125 0.656250 0.078125 0.599432
0 0.092434 0.748581 0.147842 0.750001 0.147623 0.758521 0.092215 0.757101
0 0.727273 0.467330 0.782670 0.467330 0.782670 0.475852 0.727273 0.475852
0 0.074098 0.588062 0.021533 0.590903 0.021073 0.582393 0.073638 0.579551
0 0.021548 0.660518 0.071268 0.663359 0.070782 0.671868 0.021062 0.669027
0 0.076706 0.477398 0.075286 0.427674 0.083805 0.427431 0.085225 0.477155
0 0.581253 0.318172 0.540072 0.321012 0.539486 0.312510 0.580666 0.309670
0 0.291204 0.619628 0.288363 0.579843 0.296864 0.579236 0.299706 0.619021
0 0.235946 0.315344 0.275722 0.316764 0.275418 0.325281 0.235642 0.323861
0 0.447443 0.315341 0.487216 0.315341 0.487216 0.323864 0.447443 0.323864
0 0.288401 0.369962 0.282721 0.333038 0.291144 0.331743 0.296825 0.368666
0 0.095334 0.478697 0.132267 0.480117 0.131939 0.488633 0.095006 0.487213
0 0.128265 0.583786 0.099856 0.586627 0.099008 0.578146 0.127417 0.575305
