0 0.080071 0.663320 0.057350 0.666160 0.056293 0.657703 0.079014 0.654863
0 0.245863 0.065343 0.630809 0.076706 0.630557 0.085225 0.245612 0.073862
0 0.372159 0.311139 0.367897 0.619377 0.359375 0.619259 0.363637 0.311021
0 0.620765 0.767999 0.650593 0.495279 0.659065 0.496205 0.629237 0.768926
0 0.598284 0.955957 0.375270 0.970162 0.374728 0.961657 0.597742 0.947451
0 0.581061 0.809658 0.377924 0.813920 0.377745 0.805399 0.580883 0.801137
0 0.791283 0.088067 0.657762 0.090908 0.657581 0.082387 0.791102 0.079546
0 0.657675 0.457586 0.651993 0.332573 0.660507 0.332186 0.666189 0.457199
0 0.650561 0.175889 0.657662 0.295195 0.649155 0.295702 0.642053 0.176396
0 0.234523 0.285514 0.353850 0.289775 0.353546 0.298293 0.234218 0.294031
0 0.819590 0.161616 0.828113 0.275246 0.819614 0.275884 0.811092 0.162254
0 0.842327 0.353531 0.846588 0.467173 0.838071 0.467492 0.833810 0.353850
0 0.669262 0.312506 0.777209 0.318188 0.776761 0.326699 0.668814 0.321017
0 0.338311 0.967323 0.236025 0.973005 0.235553 0.964496 0.337838 0.958813
0 0.627829 0.836976 0.620727 0.930713 0.612228 0.930069 0.619330 0.836332
0 0.228628 0.654830 0.313844 0.653410 0.313986 0.661932 0.228770 0.663351
0 0.228678 0.187863 0.221575 0.270256 0.213084 0.269524 0.220186 0.187131
0 0.743050 0.480116 0.821180 0.482957 0.820870 0.491475 0.742740 0.488633
0 0.218743 0.305642 0.214482 0.380919 0.205973 0.380438 0.210234 0.305160
0 0.115549 0.559687 0.189405 0.568210 0.188428 0.576676 0.114572 0.568154
0 0.211644 0.475685 0.214485 0.548129 0.205969 0.548463 0.203128 0.476019
0 0.125000 0.651989 0.194602 0.651989 0.194602 0.660511 0.125000 0.660511
0 0.211682 0.638319 0.204577 0.581488 0.213034 0.580431 0.220139 0.637262
0 0.169391 0.058253 0.220521 0.062515 0.219813 0.071008 0.168684 0.066747
0 0.822443 0.079545 0.872159 0.079545 0.872159 0.088068 0.822443 0.088068
0 0.237127 0.080411 0.230023 0.114509 0.221680 0.112771 0.228783 0.078673
0 0.359393 0.788745 0.356551 0.757482 0.365039 0.756710 0.367881 0.787973
0 0.852697 0.485817 0.881106 0.488658 0.880258 0.497138 0.851849 0.494297
0 0.362211 0.828341 0.360790 0.856743 0.352278 0.856318 0.353699 0.827916
0 0.670711 0.478701 0.694860 0.480121 0.694360 0.488629 0.670211 0.487209
0 0.367880 0.694992 0.366460 0.710609 0.357972 0.709838 0.359392 0.694220
0 0.652826 0.951622 0.631515 0.955883 0.629844 0.947526 0.651155 0.943264
0 0.069535 0.575063 0.048217 0.582170 0.045522 0.574084 0.066840 0.566978
0 0.360787 0.919294 0.359367 0.942033 0.350860 0.941502 0.352281 0.918762
