0 0.741067 0.055276 0.589070 0.092210 0.587058 0.083928 0.739055 0.046994
0 0.450201 0.909674 0.454463 0.930984 0.446106 0.932656 0.441843 0.911345
0 0.679815 0.447360 0.658504 0.451622 0.656833 0.443265 0.678143 0.439003
0 0.428912 0.823125 0.433174 0.847269 0.424781 0.848750 0.420519 0.824606
0 0.773039 0.867530 0.747468 0.878895 0.744006 0.871107 0.769578 0.859742
0 0.133541 0.230506 0.130699 0.199243 0.139186 0.198471 0.142029 0.229734
0 0.114987 0.739837 0.085152 0.749782 0.082457 0.741697 0.112292 0.731752
0 0.869017 0.410362 0.837771 0.418883 0.835529 0.410661 0.866774 0.402139
0 0.417798 0.789592 0.407856 0.756924 0.416009 0.754442 0.425951 0.787111
0 0.095471 0.664410 0.059950 0.680039 0.056518 0.672238 0.092038 0.656609
0 0.237310 0.686968 0.227364 0.640085 0.235701 0.638316 0.245647 0.685199
0 0.817858 0.032527 0.769550 0.045314 0.767369 0.037075 0.815677 0.024288
0 0.184477 0.406439 0.202942 0.467515 0.194784 0.469982 0.176319 0.408905
0 0.122125 0.200552 0.064137 0.212977 0.060446 0.195754 0.118434 0.183330
0 0.563460 0.095061 0.144420 0.191653 0.142506 0.183348 0.561546 0.086756
0 0.333695 0.374029 0.396192 0.639644 0.387896 0.641596 0.325398 0.375981
0 0.650494 0.460855 0.697368 0.708012 0.688995 0.709600 0.642120 0.462443
0 0.654419 0.755561 0.439939 0.808115 0.437911 0.799837 0.652390 0.747283
0 0.715507 0.884819 0.572052 0.920329 0.570004 0.912056 0.713459 0.876546
0 0.309213 0.363524 0.194154 0.390512 0.192208 0.382215 0.307267 0.355226
0 0.779875 0.234997 0.762831 0.119945 0.771262 0.118697 0.788306 0.233748
0 0.633577 0.431075 0.615113 0.317451 0.623525 0.316084 0.641989 0.429708
0 0.740858 0.285435 0.628630 0.306745 0.627040 0.298371 0.739268 0.277062
0 0.605180 0.286261 0.585292 0.174033 0.593684 0.172545 0.613572 0.284774
0 0.435821 0.957225 0.330710 0.987054 0.328384 0.978855 0.433494 0.949026
0 0.566467 0.923144 0.468466 0.950129 0.466204 0.941912 0.564204 0.914928
0 0.808295 0.396999 0.792670 0.301825 0.801080 0.300444 0.816705 0.395619
0 0.346116 0.685974 0.265154 0.704438 0.263259 0.696128 0.344221 0.677665
0 0.724522 0.857405 0.707479 0.776453 0.715819 0.774697 0.732862 0.855650
0 0.802195 0.420321 0.729739 0.438790 0.727634 0.430531 0.800090 0.412063
0 0.170572 0.373154 0.153527 0.302131 0.161814 0.300142 0.178859 0.371165
0 0.212744 0.633379 0.143135 0.651847 0.140949 0.643609 0.210558 0.625142
0 0.215763 0.540085 0.234225 0.608255 0.225998 0.610483 0.207537 0.542313
0 0.225565 0.708654 0.158810 0.727118 0.156538 0.718903 0.223293 0.700439
