0 0.568454 0.617976 0.551407 0.572516 0.559387 0.569524 0.576434 0.614984
0 0.752631 0.070847 0.065141 0.275390 0.062710 0.267221 0.750200 0.062679
0 0.444531 0.860577 0.222937 0.934440 0.220242 0.926355 0.441835 0.852491
0 0.395015 0.699992 0.216028 0.769598 0.212939 0.761655 0.391926 0.692049
0 0.055215 0.294219 0.110609 0.476024 0.102456 0.478508 0.047062 0.296703
0 0.757173 0.577856 0.589555 0.640357 0.586577 0.632372 0.754195 0.569870
0 0.532524 0.285316 0.387641 0.330770 0.385089 0.322638 0.529973 0.277184
0 0.356542 0.337822 0.228700 0.383276 0.225845 0.375246 0.353686 0.329792
0 0.600741 0.809453 0.481413 0.847808 0.478805 0.839695 0.598133 0.801339
0 0.251588 0.538045 0.152146 0.577822 0.148981 0.569909 0.248422 0.530132
0 0.808269 0.269632 0.714530 0.303719 0.711617 0.295709 0.805356 0.261622
0 0.425585 0.437589 0.507960 0.454633 0.506233 0.462979 0.423858 0.445935
0 0.481706 0.382275 0.427729 0.436252 0.421703 0.430225 0.475680 0.376248
0 0.665127 0.236829 0.596947 0.268078 0.593396 0.260330 0.661576 0.229081
0 0.143263 0.593870 0.165991 0.664896 0.157874 0.667494 0.135145 0.596468
0 0.676336 0.313600 0.611008 0.340584 0.607754 0.332707 0.673083 0.305723
0 0.333110 0.420516 0.398464 0.431883 0.397004 0.440279 0.331650 0.428913
0 0.364882 0.532884 0.383348 0.595383 0.375175 0.597798 0.356709 0.535299
0 0.698403 0.387674 0.637334 0.401877 0.635404 0.393576 0.696473 0.379373
0 0.763044 0.551182 0.741737 0.492940 0.749741 0.490012 0.771048 0.548254
0 0.529558 0.475776 0.550865 0.532595 0.542885 0.535587 0.521578 0.478769
0 0.401124 0.455698 0.365613 0.502573 0.358820 0.497427 0.394330 0.450552
0 0.592459 0.711267 0.578250 0.654437 0.586519 0.652369 0.600727 0.709200
0 0.432081 0.768521 0.412194 0.714539 0.420191 0.711593 0.440079 0.765574
0 0.308200 0.433008 0.258484 0.450054 0.255720 0.441992 0.305436 0.424946
0 0.117690 0.504367 0.133317 0.552669 0.125208 0.555292 0.109581 0.506990
0 0.153578 0.462836 0.140794 0.418802 0.148979 0.416426 0.161763 0.460460
0 0.402267 0.677650 0.386640 0.636452 0.394608 0.633429 0.410235 0.674628
0 0.680191 0.244429 0.692980 0.284213 0.684866 0.286821 0.672077 0.247037
0 0.549907 0.351957 0.511547 0.367584 0.508332 0.359691 0.546691 0.344064
0 0.576950 0.444263 0.540007 0.459893 0.536686 0.452044 0.573629 0.436414
0 0.706269 0.359533 0.692067 0.324030 0.699981 0.320864 0.714183 0.356368
0 0.719790 0.394547 0.733991 0.425789 0.726233 0.429316 0.712031 0.398074
0 0.607575 0.749661 0.621775 0.780903 0.614016 0.784430 0.599816 0.753188
0 0.451450 0.803948 0.462809 0.835185 0.454800 0.838098 0.443441 0.806860
0 0.287299 0.599744 0.275935 0.574172 0.283723 0.570711 0.295088 0.596282
0 0.188629 0.728565 0.198576 0.754142 0.190632 0.757231 0.180686 0.731654
0 0.340065 0.523651 0.315911 0.536438 0.311924 0.528906 0.336077 0.516119
0 0.166182 0.398072 0.153400 0.409434 0.147738 0.403064 0.160520 0.391702
0 0.195373 0.468144 0.181171 0.476665 0.176786 0.469356 0.190988 0.460835
0 0.125935 0.484825 0.140140 0.477723 0.143951 0.485346 0.129747 0.492448
