0 0.421875 0.707386 0.484375 0.707386 0.484375 0.715909 0.421875 0.715909
0 0.377904 0.208807 0.173350 0.211647 0.173232 0.203125 0.377786 0.200285
0 0.917613 0.167581 0.919034 0.335188 0.910512 0.335260 0.909091 0.167653
0 0.762783 0.211748 0.759942 0.335323 0.751422 0.335127 0.754262 0.211552
0 0.742943 0.478693 0.619371 0.480113 0.619273 0.471591 0.742845 0.470171
0 0.741631 0.355111 0.619461 0.359372 0.619164 0.350855 0.741334 0.346593
0 0.316761 0.433299 0.315341 0.542664 0.306819 0.542554 0.308239 0.433188
0 0.313920 0.306818 0.313920 0.407670 0.305398 0.407670 0.305398 0.306818
0 0.920453 0.366607 0.917611 0.456107 0.909093 0.455837 0.911934 0.366336
0 0.417754 0.197445 0.501569 0.200287 0.501280 0.208805 0.417465 0.205963
0 0.601150 0.707376 0.520185 0.713058 0.519588 0.704556 0.600554 0.698874
0 0.622159 0.205966 0.541193 0.205966 0.541193 0.197443 0.622159 0.197443
0 0.753072 0.708800 0.674949 0.713062 0.674485 0.704552 0.752608 0.700290
0 0.529816 0.216240 0.524135 0.288688 0.515638 0.288022 0.521320 0.215574
0 0.504261 0.622083 0.505681 0.694512 0.497160 0.694679 0.495740 0.622250
0 0.534067 0.493352 0.526963 0.558706 0.518490 0.557785 0.525594 0.492431
0 0.519788 0.372579 0.474344 0.410924 0.468848 0.404410 0.514292 0.366065
0 0.409085 0.726071 0.406244 0.780059 0.397733 0.779611 0.400574 0.725623
0 0.401987 0.492775 0.403407 0.543920 0.394888 0.544157 0.393468 0.493012
0 0.329416 0.231536 0.377719 0.230115 0.377970 0.238634 0.329667 0.240055
0 0.448903 0.440640 0.414810 0.471892 0.409051 0.465610 0.443144 0.434358
0 0.383523 0.656250 0.338068 0.656250 0.338068 0.647727 0.383523 0.647727
0 0.329543 0.596736 0.328122 0.637933 0.319604 0.637639 0.321026 0.596442
0 0.474976 0.433719 0.510490 0.452186 0.506558 0.459747 0.471044 0.441280
0 0.776989 0.346591 0.815341 0.346591 0.815341 0.355114 0.776989 0.355114
0 0.578454 0.359362 0.541518 0.362204 0.540864 0.353706 0.577800 0.350865
0 0.860795 0.348011 0.897727 0.348011 0.897727 0.356534 0.860795 0.356534
0 0.860625 0.464492 0.896137 0.463072 0.896477 0.471588 0.860966 0.473008
0 0.410478 0.661045 0.406218 0.695126 0.397761 0.694069 0.402021 0.659988
0 0.559659 0.294034 0.593750 0.294034 0.593750 0.302557 0.559659 0.302557
0 0.575857 0.480075 0.544612 0.484335 0.543461 0.475891 0.574706 0.471631
0 0.401967 0.312924 0.399127 0.341333 0.390646 0.340485 0.393487 0.312076
0 0.778200 0.468755 0.806602 0.467335 0.807027 0.475847 0.778625 0.477267
0 0.710227 0.196023 0.735795 0.196023 0.735795 0.204545 0.710227 0.204545
0 0.397738 0.631802 0.399159 0.611909 0.407660 0.612517 0.406239 0.632409
0 0.276989 0.420455 0.295455 0.420455 0.295455 0.428977 0.276989 0.428977
0 0.562500 0.603693 0.580966 0.603693 0.580966 0.612216 0.562500 0.612216
0 0.396307 0.255682 0.387784 0.255682 0.387784 0.244318 0.396307 0.244318
0 0.318123 0.254979 0.309717 0.256380 0.308297 0.247862 0.316704 0.246461
0 0.163352 0.221517 0.173295 0.785435 0.164773 0.785585 0.154830 0.221667
0 0.772726 0.482834 0.778407 0.690228 0.769888 0.690461 0.764206 0.483068
0 0.402210 0.360672 0.444824 0.404708 0.438699 0.410634 0.396085 0.366599
