0 0.478759 0.490057 0.282728 0.492897 0.282605 0.484375 0.478635 0.481535
0 0.262784 0.247159 0.262784 0.228693 0.271307 0.228693 0.271307 0.247159
0 0.264205 0.393466 0.264205 0.365057 0.272727 0.365057 0.272727 0.393466
0 0.717324 0.434875 0.715904 0.463277 0.707392 0.462852 0.708812 0.434450
0 0.707386 0.392045 0.707386 0.362216 0.715909 0.362216 0.715909 0.392045
0 0.715906 0.499841 0.717327 0.538196 0.708810 0.538511 0.707389 0.500157
0 0.264207 0.470026 0.265627 0.428828 0.274145 0.429122 0.272725 0.470319
0 0.272727 0.281250 0.272727 0.332386 0.264205 0.332386 0.264205 0.281250
0 0.088068 0.410511 0.151989 0.410511 0.151989 0.419034 0.088068 0.419034
0 0.919309 0.414764 0.852541 0.419025 0.851998 0.410520 0.918766 0.406259
0 0.343994 0.680390 0.271563 0.684652 0.271062 0.676144 0.343494 0.671882
0 0.176136 0.409091 0.261364 0.409091 0.261364 0.417614 0.176136 0.417614
0 0.711650 0.659236 0.708809 0.572578 0.717327 0.572298 0.720168 0.658956
0 0.725796 0.411932 0.825218 0.410512 0.825340 0.419034 0.725918 0.420454
0 0.708807 0.323864 0.708807 0.223011 0.717330 0.223011 0.717330 0.323864
0 0.480204 0.676135 0.348104 0.678976 0.347921 0.670456 0.480021 0.667615
0 0.272726 0.504369 0.268465 0.670565 0.259945 0.670346 0.264206 0.504151
0 0.700358 0.485795 0.532741 0.488636 0.532596 0.480114 0.700214 0.477273
0 0.528336 0.342330 0.700216 0.339489 0.700357 0.348011 0.528477 0.350852
0 0.538320 0.666194 0.711610 0.664773 0.711680 0.673295 0.538390 0.674716
0 0.707386 0.221591 0.526989 0.221591 0.526989 0.213068 0.707386 0.213068
0 0.471620 0.352272 0.281284 0.353693 0.281221 0.345171 0.471556 0.343750
0 0.276989 0.213068 0.468750 0.213068 0.468750 0.221591 0.276989 0.221591
0 0.832495 0.106533 0.565459 0.113635 0.565232 0.105115 0.832268 0.098013
0 0.444666 0.112215 0.170523 0.116477 0.170391 0.107955 0.444534 0.103693
0 0.167614 0.119298 0.169034 0.396283 0.160511 0.396327 0.159091 0.119342
0 0.843749 0.112252 0.840909 0.394936 0.832387 0.394851 0.835227 0.112166
