0 0.703127 0.647834 0.701705 0.588164 0.710226 0.587961 0.711647 0.647632
0 0.228693 0.401989 0.228693 0.363636 0.237216 0.363636 0.237216 0.401989
0 0.225860 0.550878 0.228701 0.504004 0.237208 0.504520 0.234367 0.551394
0 0.507102 0.417614 0.693182 0.417614 0.693182 0.426136 0.507102 0.426136
0 0.514266 0.768466 0.700353 0.771307 0.700222 0.779829 0.514136 0.776988
0 0.505682 0.279830 0.703125 0.279830 0.703125 0.288352 0.505682 0.288352
0 0.244350 0.416194 0.448891 0.417614 0.448832 0.426136 0.244291 0.424716
0 0.242952 0.276989 0.448927 0.279830 0.448809 0.288352 0.242835 0.285511
0 0.242872 0.566761 0.454514 0.565341 0.454572 0.573864 0.242929 0.575284
0 0.228634 0.769887 0.451655 0.767046 0.451764 0.775568 0.228742 0.778409
0 0.130682 0.161932 0.423295 0.161932 0.423295 0.170455 0.130682 0.170455
0 0.845205 0.167599 0.551184 0.170440 0.551102 0.161918 0.845122 0.159077
0 0.117898 0.470148 0.119318 0.174697 0.127841 0.174738 0.126420 0.470189
0 0.838070 0.479994 0.846593 0.171759 0.855112 0.171995 0.846589 0.480229
0 0.234372 0.586816 0.227269 0.765795 0.218753 0.765457 0.225856 0.586478
0 0.514241 0.563920 0.693213 0.565341 0.693145 0.573864 0.514174 0.572443
0 0.701706 0.401875 0.704547 0.291088 0.713067 0.291306 0.710226 0.402094
0 0.720335 0.494322 0.829712 0.498583 0.829381 0.507099 0.720003 0.502838
0 0.704546 0.767107 0.703126 0.677630 0.711647 0.677495 0.713067 0.766972
0 0.135018 0.482955 0.223074 0.484376 0.222937 0.492897 0.134880 0.491477
0 0.855114 0.498580 0.924716 0.498580 0.924716 0.507102 0.855114 0.507102
0 0.042614 0.484375 0.107955 0.484375 0.107955 0.492898 0.042614 0.492898
0 0.710222 0.518671 0.708802 0.548495 0.700289 0.548090 0.701709 0.518266
0 0.227278 0.467124 0.228698 0.437300 0.237211 0.437705 0.235791 0.467529
0 0.238636 0.292614 0.238636 0.325284 0.230114 0.325284 0.230114 0.292614
