0 0.200267 0.748197 0.217314 0.939969 0.208824 0.940724 0.191777 0.748951
0 0.734372 0.745896 0.727270 0.946168 0.718753 0.945866 0.725855 0.745594
0 0.717330 0.176168 0.715909 0.383549 0.707386 0.383491 0.708807 0.176110
0 0.580966 0.386364 0.700284 0.386364 0.700284 0.394886 0.580966 0.394886
0 0.171865 0.174426 0.186070 0.381810 0.177567 0.382392 0.163362 0.175009
0 0.311080 0.811080 0.392045 0.811080 0.392045 0.819602 0.311080 0.819602
0 0.316901 0.384945 0.400717 0.387787 0.400428 0.396305 0.316613 0.393463
0 0.629196 0.732955 0.714412 0.731535 0.714554 0.740057 0.629338 0.741476
0 0.409043 0.296237 0.421829 0.381476 0.413400 0.382741 0.400614 0.297501
0 0.309734 0.161932 0.397790 0.163353 0.397653 0.171875 0.309596 0.170454
0 0.426136 0.387784 0.515625 0.387784 0.515625 0.396307 0.426136 0.396307
0 0.413352 0.179051 0.411931 0.268528 0.403409 0.268393 0.404830 0.178915
0 0.108260 0.730125 0.187802 0.735806 0.187195 0.744307 0.107653 0.738626
0 0.504417 0.173293 0.424865 0.176134 0.424561 0.167617 0.504112 0.164775
0 0.388015 0.670448 0.309892 0.674710 0.309428 0.666200 0.387551 0.661938
0 0.624999 0.744404 0.623579 0.821095 0.615058 0.820937 0.616478 0.744246
0 0.210227 0.735795 0.285511 0.735795 0.285511 0.744318 0.210227 0.744318
0 0.740141 0.731535 0.806915 0.732955 0.806734 0.741476 0.739960 0.740056
0 0.346581 0.251132 0.350842 0.313629 0.342339 0.314209 0.338078 0.251712
0 0.619317 0.666088 0.620737 0.727180 0.612217 0.727378 0.610797 0.666286
0 0.302552 0.746962 0.305393 0.806610 0.296880 0.807015 0.294039 0.747367
0 0.193592 0.382122 0.251838 0.387805 0.251010 0.396287 0.192764 0.390604
0 0.180623 0.159097 0.233189 0.161938 0.232729 0.170449 0.180163 0.167607
0 0.301136 0.680398 0.301136 0.730114 0.292614 0.730114 0.292614 0.680398
0 0.710252 0.960227 0.481563 0.961648 0.481510 0.953125 0.710199 0.951704
0 0.717326 0.403222 0.731530 0.728509 0.723015 0.728880 0.708811 0.403594
0 0.188917 0.398961 0.203121 0.728513 0.194606 0.728880 0.180402 0.399328
0 0.704671 0.174714 0.564053 0.178976 0.563795 0.170457 0.704412 0.166195
0 0.457546 0.816764 0.606699 0.822447 0.606375 0.830963 0.457221 0.825281
0 0.601016 0.663349 0.450442 0.669031 0.450120 0.660515 0.600695 0.654832
0 0.231606 0.950285 0.396382 0.953126 0.396235 0.961647 0.231459 0.958806
