0 0.471066 0.494223 0.431287 0.502747 0.429502 0.494413 0.469281 0.485890
0 0.470152 0.233977 0.474414 0.279431 0.465928 0.280227 0.461666 0.234773
0 0.780207 0.113620 0.432203 0.144869 0.431441 0.136380 0.779444 0.105131
0 0.798293 0.113508 0.805396 0.360679 0.796877 0.360924 0.789774 0.113753
0 0.647993 0.426128 0.444872 0.438912 0.444337 0.430406 0.647458 0.417622
0 0.645122 0.350846 0.443425 0.362209 0.442946 0.353700 0.644643 0.342336
0 0.252958 0.272729 0.454668 0.278411 0.454428 0.286930 0.252718 0.281248
0 0.359404 0.147727 0.166227 0.149148 0.166164 0.140625 0.359341 0.139204
0 0.157669 0.154958 0.151987 0.343878 0.143468 0.343622 0.149150 0.154702
0 0.264830 0.335274 0.398357 0.355160 0.397102 0.363590 0.263575 0.343703
0 0.269123 0.411982 0.396960 0.431869 0.395650 0.440290 0.267813 0.420404
0 0.662036 0.488635 0.549828 0.491476 0.549612 0.482956 0.661820 0.480115
0 0.639320 0.225851 0.539900 0.228691 0.539657 0.220172 0.639077 0.217332
0 0.774206 0.380682 0.679046 0.382101 0.678919 0.373580 0.774079 0.372160
0 0.313995 0.491478 0.402052 0.492898 0.401914 0.501420 0.313857 0.500000
0 0.638230 0.292590 0.555829 0.301115 0.554952 0.292637 0.637353 0.284113
0 0.332156 0.585234 0.410278 0.580972 0.410742 0.589482 0.332620 0.593744
0 0.249992 0.505932 0.245732 0.579786 0.237223 0.579295 0.241484 0.505441
0 0.424715 0.512687 0.426136 0.579461 0.417615 0.579643 0.416194 0.512868
0 0.234474 0.365055 0.169120 0.366477 0.168935 0.357956 0.234289 0.356535
0 0.878129 0.377831 0.815632 0.382092 0.815053 0.373589 0.877550 0.369328
0 0.072651 0.355119 0.132300 0.357959 0.131894 0.366472 0.072246 0.363632
0 0.254151 0.424257 0.241369 0.479648 0.233064 0.477732 0.245847 0.422341
0 0.657656 0.226922 0.661917 0.278052 0.653424 0.278760 0.649162 0.227630
0 0.254261 0.580966 0.302557 0.580966 0.302557 0.589489 0.254261 0.589489
0 0.221574 0.291576 0.217311 0.338457 0.208824 0.337685 0.213086 0.290805
0 0.720168 0.417739 0.718748 0.464621 0.710229 0.464363 0.711650 0.417481
0 0.677106 0.472523 0.669483 0.476335 0.663804 0.464977 0.671426 0.461165
0 0.249898 0.299220 0.241579 0.297371 0.244420 0.284587 0.252740 0.286436
0 0.669809 0.365643 0.662582 0.370160 0.655475 0.358789 0.662702 0.354272
0 0.269455 0.488658 0.270303 0.497139 0.256113 0.498558 0.255265 0.490077
0 0.674634 0.405416 0.666276 0.407087 0.663435 0.392880 0.671792 0.391208
0 0.475524 0.220183 0.493992 0.218762 0.494646 0.227260 0.476178 0.228681
0 0.481073 0.288461 0.499537 0.292723 0.497620 0.301027 0.479157 0.296766
0 0.255671 0.374693 0.257091 0.394586 0.248590 0.395193 0.247170 0.375300
0 0.661885 0.303348 0.666145 0.331752 0.657717 0.333016 0.653457 0.304612
