0 0.899148 0.596549 0.900568 0.441726 0.909090 0.441804 0.907671 0.596627
0 0.652021 0.196023 0.482993 0.197443 0.482922 0.188920 0.651950 0.187500
0 0.476097 0.717337 0.649391 0.727280 0.648903 0.735788 0.475609 0.725845
0 0.892047 0.852164 0.897728 0.616380 0.906249 0.616586 0.900567 0.852370
0 0.655164 0.404843 0.709143 0.409104 0.708473 0.417600 0.654493 0.413339
0 0.467330 0.336648 0.467330 0.588068 0.458807 0.588068 0.458807 0.336648
0 0.483215 0.845178 0.744566 0.860803 0.744058 0.869310 0.482706 0.853686
0 0.499105 0.328092 0.476384 0.330933 0.475327 0.322476 0.498048 0.319636
0 0.719080 0.730101 0.663676 0.734363 0.663022 0.725865 0.718426 0.721603
0 0.626776 0.316776 0.643819 0.318197 0.643111 0.326690 0.626068 0.325269
0 0.881037 0.424731 0.898080 0.426151 0.897372 0.434644 0.880329 0.433224
0 0.539420 0.596606 0.556463 0.595185 0.557171 0.603678 0.540128 0.605099
0 0.732141 0.588112 0.791791 0.596633 0.790586 0.605070 0.730936 0.596549
0 0.815370 0.711154 0.821052 0.662850 0.829517 0.663846 0.823834 0.712150
0 0.717791 0.596566 0.665228 0.602248 0.664312 0.593775 0.716875 0.588092
0 0.721592 0.264114 0.723012 0.201602 0.731533 0.201795 0.730113 0.264307
0 0.640630 0.398955 0.643470 0.335041 0.651984 0.335420 0.649144 0.399334
0 0.830966 0.286932 0.830966 0.359375 0.822443 0.359375 0.822443 0.286932
0 0.810040 0.850869 0.889582 0.857971 0.888824 0.866460 0.809282 0.859358
0 0.737216 0.271307 0.818182 0.271307 0.818182 0.279830 0.737216 0.279830
0 0.720173 0.500153 0.717332 0.419180 0.725849 0.418881 0.728691 0.499854
0 0.640625 0.509869 0.642046 0.421812 0.650568 0.421949 0.649147 0.510006
0 0.461648 0.710285 0.460228 0.613704 0.468750 0.613579 0.470170 0.710159
0 0.731530 0.287111 0.727269 0.389380 0.718754 0.389025 0.723015 0.286756
0 0.463069 0.842382 0.461648 0.737278 0.470170 0.737163 0.471591 0.842267
0 0.649151 0.718917 0.644890 0.609540 0.653406 0.609208 0.657667 0.718585
0 0.720648 0.197417 0.695066 0.200259 0.694125 0.191788 0.719706 0.188946
0 0.474432 0.598011 0.501420 0.598011 0.501420 0.606534 0.474432 0.606534
0 0.869768 0.599456 0.896749 0.602296 0.895857 0.610772 0.868876 0.607931
0 0.718765 0.582030 0.721606 0.547944 0.730099 0.548652 0.727258 0.582738
0 0.636683 0.607943 0.598322 0.610784 0.597692 0.602285 0.636053 0.599443
0 0.774753 0.714532 0.814520 0.720212 0.813315 0.728650 0.773548 0.722969
0 0.740492 0.406272 0.781692 0.410534 0.780815 0.419012 0.739615 0.414750
0 0.541481 0.321032 0.584086 0.323873 0.583519 0.332377 0.540914 0.329536
0 0.461653 0.316545 0.467335 0.204331 0.475847 0.204762 0.470165 0.316976
