0 0.275563 0.566544 0.291187 0.866251 0.282676 0.866694 0.267051 0.566988
0 0.781251 0.818289 0.774149 0.545569 0.782669 0.545347 0.789771 0.818067
0 0.656528 0.863627 0.413621 0.879253 0.413074 0.870748 0.655981 0.855122
0 0.379177 0.154829 0.149074 0.150567 0.149232 0.142046 0.379335 0.146308
0 0.395019 0.139207 0.535637 0.143468 0.535378 0.151986 0.394761 0.147726
0 0.139195 0.164495 0.147719 0.298030 0.139214 0.298573 0.130690 0.165038
0 0.687500 0.409133 0.686080 0.277038 0.694602 0.276947 0.696022 0.409041
0 0.277207 0.884938 0.167837 0.890619 0.167395 0.882108 0.276765 0.876426
0 0.390733 0.561078 0.282787 0.563919 0.282563 0.555399 0.390508 0.552558
0 0.396550 0.874993 0.294264 0.880676 0.293791 0.872166 0.396077 0.866483
0 0.399132 0.327756 0.407655 0.425767 0.399164 0.426505 0.390641 0.328494
0 0.278409 0.448932 0.276988 0.545512 0.268466 0.545387 0.269887 0.448806
0 0.686337 0.427549 0.592588 0.433231 0.592073 0.424724 0.685821 0.419042
0 0.772015 0.840850 0.679691 0.856474 0.678269 0.848071 0.770593 0.832447
0 0.410507 0.446219 0.406245 0.535720 0.397732 0.535315 0.401994 0.445814
0 0.569603 0.545519 0.568183 0.458882 0.576704 0.458743 0.578124 0.545379
0 0.383523 0.196023 0.383523 0.160511 0.392045 0.160511 0.392045 0.196023
0 0.565413 0.561079 0.488722 0.562499 0.488564 0.553978 0.565255 0.552558
0 0.659094 0.730284 0.656253 0.659261 0.664769 0.658921 0.667610 0.729943
0 0.562420 0.436079 0.492818 0.434658 0.492992 0.426137 0.562594 0.427558
0 0.282662 0.292339 0.286923 0.359107 0.278418 0.359650 0.274156 0.292882
0 0.565345 0.409270 0.562504 0.342513 0.571019 0.342150 0.573860 0.408908
0 0.616477 0.261364 0.678977 0.261364 0.678977 0.269886 0.616477 0.269886
0 0.400567 0.581059 0.399146 0.642151 0.390626 0.641952 0.392047 0.580861
0 0.643466 0.556818 0.582386 0.556818 0.582386 0.548295 0.643466 0.548295
0 0.761781 0.420434 0.703535 0.426117 0.702707 0.417634 0.760954 0.411952
0 0.401990 0.862330 0.400570 0.806922 0.409090 0.806704 0.410510 0.862112
0 0.334448 0.278360 0.287568 0.285464 0.286291 0.277037 0.333171 0.269934
0 0.671875 0.798295 0.671875 0.839489 0.663352 0.839489 0.663352 0.798295
0 0.762784 0.467330 0.762784 0.428977 0.771307 0.428977 0.771307 0.467330
0 0.443659 0.437473 0.418078 0.440316 0.417137 0.431845 0.442718 0.429003
0 0.653409 0.585227 0.653409 0.561080 0.661932 0.561080 0.661932 0.585227
0 0.394886 0.742898 0.394886 0.718750 0.403409 0.718750 0.403409 0.742898
0 0.418706 0.556831 0.437174 0.555410 0.437828 0.563908 0.419360 0.565329
0 0.544040 0.191545 0.545459 0.163143 0.553972 0.163569 0.552552 0.191971
0 0.157679 0.871002 0.129270 0.413617 0.137776 0.413088 0.166185 0.870474
