0 0.130685 0.572268 0.139208 0.363464 0.147724 0.363812 0.139201 0.572615
0 0.353688 0.258300 0.367891 0.523915 0.359381 0.524370 0.345177 0.258755
0 0.606537 0.517215 0.596594 0.267214 0.605110 0.266875 0.615053 0.516877
0 0.406810 0.173259 0.161074 0.205928 0.159951 0.197480 0.405687 0.164810
0 0.813925 0.517256 0.802562 0.281450 0.811075 0.281040 0.822438 0.516846
0 0.647827 0.166192 0.420568 0.171874 0.420355 0.163354 0.647614 0.157672
0 0.626434 0.804318 0.609388 0.591248 0.617884 0.590569 0.634930 0.803638
0 0.698868 0.900751 0.696027 0.835415 0.704541 0.835045 0.707382 0.900381
0 0.139205 0.771307 0.139205 0.838068 0.130682 0.838068 0.130682 0.771307
0 0.220180 0.738911 0.215917 0.672143 0.224423 0.671600 0.228685 0.738368
0 0.494947 0.741431 0.428183 0.751374 0.426928 0.742944 0.493692 0.733001
0 0.734383 0.701975 0.730122 0.633784 0.738628 0.633252 0.742889 0.701443
0 0.694610 0.814187 0.690349 0.744573 0.698856 0.744052 0.703117 0.813666
0 0.423295 0.754340 0.421874 0.825376 0.413353 0.825206 0.414774 0.754169
0 0.421875 0.848011 0.421875 0.928977 0.413352 0.928977 0.413352 0.848011
0 0.782681 0.342628 0.776999 0.261662 0.785501 0.261065 0.791183 0.342031
0 0.728710 0.591282 0.721607 0.510315 0.730097 0.509570 0.737200 0.590537
0 0.498585 0.613855 0.494323 0.530043 0.502835 0.529610 0.507097 0.613423
0 0.661942 0.351141 0.656259 0.265904 0.664763 0.265337 0.670445 0.350574
0 0.670460 0.531461 0.666198 0.443383 0.674710 0.442971 0.678973 0.531049
0 0.410511 0.348011 0.410511 0.258523 0.419034 0.258523 0.419034 0.348011
0 0.487224 0.461913 0.481543 0.372434 0.490049 0.371894 0.495729 0.461373
0 0.146307 0.252780 0.147726 0.343678 0.139205 0.343811 0.137785 0.252913
0 0.764316 0.163351 0.660633 0.166191 0.660400 0.157672 0.764083 0.154831
0 0.777157 0.258519 0.669202 0.262781 0.668865 0.254265 0.776821 0.250003
0 0.821658 0.812453 0.708015 0.829499 0.706751 0.821070 0.820394 0.804024
0 0.465909 0.357955 0.481534 0.357955 0.481534 0.366477 0.465909 0.366477
0 0.192800 0.350870 0.208417 0.349449 0.209189 0.357937 0.193572 0.359357
0 0.647735 0.153660 0.644894 0.105363 0.653402 0.104863 0.656243 0.153160
0 0.774165 0.221979 0.769904 0.175099 0.778392 0.174327 0.782653 0.221208
0 0.429103 0.319604 0.475985 0.321025 0.475727 0.329543 0.428845 0.328123
0 0.414773 0.109375 0.414773 0.156250 0.406250 0.156250 0.406250 0.109375
0 0.670047 0.329565 0.714075 0.325304 0.714896 0.333788 0.670868 0.338048
0 0.652001 0.207715 0.649160 0.170779 0.657658 0.170125 0.660499 0.207062
0 0.702894 0.730120 0.728451 0.728700 0.728924 0.737210 0.703367 0.738629
0 0.409099 0.238908 0.407679 0.216169 0.416185 0.215637 0.417606 0.238377
0 0.140637 0.234049 0.142058 0.215581 0.150556 0.216235 0.149135 0.234703
0 0.425808 0.357967 0.444277 0.356547 0.444930 0.365044 0.426462 0.366465
0 0.721606 0.453483 0.717346 0.403779 0.725837 0.403051 0.730097 0.452755
0 0.142045 0.626473 0.140625 0.750045 0.132103 0.749947 0.133523 0.626376
0 0.221591 0.494276 0.223011 0.626371 0.214489 0.626462 0.213069 0.494368
0 0.427555 0.600994 0.423293 0.734505 0.414775 0.734233 0.419036 0.600722
0 0.423539 0.244325 0.569854 0.252848 0.569358 0.261357 0.423044 0.252833
0 0.144977 0.757103 0.207489 0.758524 0.207296 0.767044 0.144783 0.765624
0 0.501422 0.712967 0.502842 0.656138 0.511362 0.656351 0.509942 0.713180
0 0.150567 0.136462 0.149146 0.194712 0.140626 0.194504 0.142047 0.136254
0 0.593549 0.214493 0.651775 0.211653 0.652190 0.220166 0.593964 0.223006
0 0.213087 0.422186 0.208825 0.363947 0.217325 0.363325 0.221587 0.421564
0 0.349527 0.204547 0.409198 0.205967 0.408995 0.214487 0.349325 0.213067
0 0.137774 0.861095 0.133512 0.922168 0.125010 0.921575 0.129272 0.860502
0 0.686088 0.726122 0.676145 0.571299 0.684651 0.570753 0.694593 0.725576
0 0.326777 0.247158 0.154898 0.250000 0.154757 0.241478 0.326637 0.238637
0 0.419036 0.549847 0.413354 0.366611 0.421873 0.366347 0.427555 0.549582
0 0.613937 0.830955 0.429265 0.843740 0.428677 0.835238 0.613348 0.822453
0 0.826703 0.582258 0.832384 0.769757 0.823865 0.770015 0.818184 0.582516
0 0.367896 0.616358 0.373578 0.828015 0.365059 0.828244 0.359376 0.616587
0 0.143348 0.848013 0.356425 0.842331 0.356652 0.850851 0.143575 0.856533
