0 0.707378 0.387518 0.711640 0.457132 0.703134 0.457653 0.698871 0.388039
0 0.340909 0.355114 0.340909 0.311080 0.349432 0.311080 0.349432 0.355114
0 0.718618 0.431820 0.765499 0.430400 0.765757 0.438919 0.718876 0.440339
0 0.741727 0.910519 0.790024 0.913360 0.789523 0.921868 0.741226 0.919027
0 0.467348 0.878152 0.463087 0.819913 0.471587 0.819291 0.475848 0.877530
0 0.767036 0.486932 0.771298 0.550853 0.762794 0.551420 0.758532 0.487499
0 0.373580 0.465909 0.441761 0.465909 0.441761 0.474432 0.373580 0.474432
0 0.792638 0.905283 0.784115 0.825738 0.792589 0.824830 0.801112 0.904375
0 0.462133 0.903381 0.375486 0.913324 0.374514 0.904857 0.461162 0.894914
0 0.473011 0.642118 0.471591 0.733016 0.463069 0.732882 0.464489 0.641984
0 0.774128 0.634466 0.785491 0.735319 0.777022 0.736273 0.765659 0.635420
0 0.656247 0.377995 0.651986 0.493059 0.643469 0.492743 0.647730 0.377680
0 0.349437 0.659299 0.343755 0.541396 0.352268 0.540985 0.357950 0.658888
0 0.340909 0.507102 0.340909 0.386364 0.349432 0.386364 0.349432 0.507102
0 0.705967 0.629346 0.703126 0.485880 0.711647 0.485711 0.714488 0.629177
0 0.362215 0.758484 0.363636 0.903364 0.355114 0.903447 0.353693 0.758568
0 0.725859 0.903656 0.715917 0.736053 0.724425 0.735548 0.734367 0.903151
0 0.387723 0.294034 0.680334 0.289773 0.680458 0.298295 0.387847 0.302556
0 0.914774 0.444719 0.906252 0.143590 0.914771 0.143349 0.923293 0.444478
0 0.294160 0.115059 0.899261 0.132104 0.899021 0.140623 0.293920 0.123578
0 0.245739 0.369318 0.254261 0.369318 0.254261 0.377841 0.245739 0.377841
0 0.783603 0.462099 0.787414 0.469722 0.776056 0.475401 0.772245 0.467778
0 0.627772 0.513984 0.625078 0.505899 0.637853 0.501641 0.640547 0.509726
0 0.247242 0.110209 0.255599 0.108538 0.258440 0.122745 0.250083 0.124417
0 0.363405 0.517052 0.388963 0.515632 0.389435 0.524141 0.363878 0.525562
0 0.732949 0.932047 0.731528 0.959026 0.723017 0.958578 0.724438 0.931599
0 0.470166 0.524353 0.468745 0.554177 0.460232 0.553772 0.461653 0.523948
0 0.359395 0.966317 0.356553 0.936480 0.365037 0.935672 0.367879 0.965509
0 0.876244 0.448868 0.910333 0.447447 0.910688 0.455962 0.876599 0.457383
0 0.700288 0.350674 0.701708 0.316584 0.710224 0.316939 0.708803 0.351029
0 0.694602 0.372159 0.657670 0.372159 0.657670 0.363636 0.694602 0.363636
0 0.476150 0.507113 0.515935 0.509955 0.515328 0.518456 0.475543 0.515614
0 0.334117 0.372148 0.294332 0.374990 0.293724 0.366489 0.333509 0.363647
0 0.457176 0.515450 0.418824 0.526813 0.416403 0.518641 0.454755 0.507278
