0 0.144881 0.173498 0.140621 0.265815 0.132107 0.265422 0.136368 0.173106
0 0.373579 0.366562 0.365056 0.795539 0.356535 0.795370 0.365058 0.366392
0 0.142041 0.292797 0.129257 0.585416 0.120743 0.585044 0.133527 0.292425
0 0.426136 0.355114 0.512784 0.355114 0.512784 0.363636 0.426136 0.363636
0 0.370738 0.170390 0.372159 0.257027 0.363637 0.257166 0.362216 0.170530
0 0.667698 0.157670 0.379345 0.163351 0.379177 0.154830 0.667530 0.149149
0 0.372226 0.802558 0.653472 0.806818 0.653343 0.815340 0.372096 0.811079
0 0.126470 0.801137 0.346651 0.803978 0.346541 0.812500 0.126360 0.809659
0 0.353721 0.164773 0.156283 0.166193 0.156222 0.157670 0.353660 0.156250
0 0.127835 0.615281 0.117891 0.798534 0.109380 0.798072 0.119325 0.614819
0 0.679062 0.809660 0.821108 0.812501 0.820938 0.821022 0.678892 0.818181
0 0.663358 0.801347 0.656255 0.660731 0.664767 0.660301 0.671870 0.800917
0 0.524142 0.266826 0.528404 0.350639 0.519892 0.351071 0.515630 0.267259
0 0.680541 0.497162 0.812631 0.501422 0.812357 0.509941 0.680266 0.505680
0 0.838066 0.764339 0.836645 0.808379 0.828127 0.808104 0.829548 0.764064
0 0.531250 0.254261 0.575284 0.254261 0.575284 0.262784 0.531250 0.262784
0 0.819605 0.555542 0.818184 0.512924 0.826702 0.512640 0.828123 0.555258
0 0.680395 0.163199 0.681815 0.202974 0.673298 0.203279 0.671878 0.163503
0 0.667611 0.451551 0.669031 0.491327 0.660514 0.491631 0.659094 0.451855
0 0.823867 0.699034 0.822447 0.663523 0.830963 0.663182 0.832383 0.698693
0 0.673290 0.322672 0.671869 0.349651 0.663358 0.349203 0.664779 0.322224
0 0.666187 0.513974 0.667607 0.539531 0.659097 0.540004 0.657678 0.514446
