0 0.262474 0.683414 0.232644 0.757277 0.224742 0.754086 0.254571 0.680223
0 0.804835 0.584503 0.793474 0.604384 0.786075 0.600156 0.797435 0.580275
0 0.590408 0.587233 0.579044 0.608539 0.571524 0.604528 0.582888 0.583222
0 0.489452 0.782018 0.476663 0.803333 0.469355 0.798948 0.482144 0.777633
0 0.389071 0.703324 0.416053 0.711845 0.413486 0.719972 0.386504 0.711451
0 0.882550 0.461517 0.862666 0.485662 0.856087 0.480244 0.875971 0.456099
0 0.410155 0.648012 0.386010 0.703405 0.378197 0.699999 0.402342 0.644607
0 0.337210 0.623617 0.401133 0.632140 0.400006 0.640588 0.336083 0.632065
0 0.068129 0.646976 0.055346 0.727933 0.046928 0.726604 0.059711 0.645647
0 0.611768 0.543094 0.601821 0.562990 0.594198 0.559179 0.604145 0.539283
0 0.610110 0.571086 0.781973 0.600914 0.780515 0.609311 0.608652 0.579484
0 0.408805 0.289868 0.286646 0.610891 0.278681 0.607860 0.400840 0.286837
0 0.425644 0.272829 0.688416 0.331066 0.686572 0.339387 0.423800 0.281150
0 0.197171 0.223090 0.113364 0.446101 0.105386 0.443103 0.189193 0.220092
0 0.233702 0.757168 0.463822 0.798363 0.462321 0.806753 0.232200 0.765557
0 0.719518 0.338138 0.921222 0.375070 0.919687 0.383453 0.717983 0.346521
0 0.207131 0.208969 0.397467 0.262945 0.395141 0.271145 0.204806 0.217168
0 0.701189 0.354304 0.655735 0.438112 0.648243 0.434048 0.693697 0.350241
0 0.102171 0.483883 0.075181 0.604624 0.066863 0.602765 0.093853 0.482023
0 0.057473 0.731585 0.213715 0.755731 0.212413 0.764154 0.056171 0.740007
