0 0.387777 0.383767 0.383516 0.459044 0.375007 0.458563 0.379268 0.383285
0 0.118484 0.150651 0.120155 0.159008 0.105948 0.161849 0.104277 0.153492
0 0.417003 0.475222 0.398543 0.486582 0.394076 0.479324 0.412537 0.467963
0 0.384934 0.707103 0.389195 0.771023 0.380691 0.771590 0.376430 0.707670
0 0.383517 0.494093 0.387778 0.575061 0.379267 0.575509 0.375006 0.494541
0 0.805212 0.139208 0.900373 0.134948 0.900754 0.143462 0.805593 0.147723
0 0.814290 0.781266 0.912301 0.789788 0.911562 0.798279 0.813552 0.789757
0 0.514150 0.470171 0.614992 0.468750 0.615112 0.477272 0.514270 0.478693
0 0.750444 0.471568 0.641061 0.482932 0.640181 0.474455 0.749564 0.463090
0 0.634940 0.495901 0.630679 0.606700 0.622162 0.606372 0.626423 0.495573
0 0.634942 0.650469 0.637783 0.769782 0.629263 0.769985 0.626422 0.650672
0 0.380672 0.165906 0.389195 0.290900 0.380692 0.291480 0.372169 0.166486
0 0.642090 0.772727 0.789810 0.774148 0.789728 0.782670 0.642008 0.781250
0 0.366643 0.157667 0.218912 0.163349 0.218584 0.154833 0.366316 0.149151
0 0.792613 0.160444 0.795454 0.350792 0.786932 0.350919 0.784091 0.160571
0 0.393599 0.779832 0.619453 0.786934 0.619185 0.795452 0.393331 0.788350
0 0.370791 0.795454 0.105153 0.798295 0.105061 0.789773 0.370700 0.786932
0 0.803977 0.481534 0.803977 0.771307 0.795455 0.771307 0.795455 0.481534
0 0.781323 0.143465 0.389285 0.150567 0.389131 0.142046 0.781169 0.134944
