0 0.089626 0.230116 0.174863 0.232957 0.174579 0.241475 0.089342 0.238634
0 0.705444 0.707291 0.625887 0.724338 0.624101 0.716005 0.703659 0.698957
0 0.674506 0.583631 0.597802 0.606359 0.595381 0.598187 0.672084 0.575459
0 0.341322 0.254241 0.268885 0.261343 0.268053 0.252861 0.340490 0.245759
0 0.390679 0.188176 0.379315 0.117148 0.387730 0.115801 0.399094 0.186830
0 0.837779 0.291071 0.861932 0.353584 0.853982 0.356656 0.829829 0.294143
0 0.826619 0.473859 0.813833 0.536372 0.805483 0.534664 0.818269 0.472151
0 0.850492 0.471296 0.876062 0.529539 0.868258 0.532965 0.842688 0.474723
0 0.254236 0.098965 0.245765 0.099906 0.244344 0.087115 0.252815 0.086174
0 0.651572 0.100873 0.652420 0.109353 0.638201 0.110775 0.637353 0.102295
0 0.515243 0.119336 0.530860 0.117915 0.531632 0.126403 0.516015 0.127823
0 0.611881 0.114243 0.596257 0.125605 0.591244 0.118712 0.606868 0.107350
0 0.184659 0.245739 0.184659 0.305398 0.176136 0.305398 0.176136 0.245739
0 0.567708 0.124974 0.568649 0.116503 0.581440 0.117924 0.580499 0.126395
0 0.813341 0.087984 0.756512 0.099350 0.754841 0.090993 0.811670 0.079627
0 0.257108 0.245968 0.254267 0.191980 0.262778 0.191532 0.265619 0.245520
0 0.891851 0.429125 0.907473 0.478831 0.899342 0.481386 0.883720 0.431681
0 0.752860 0.145284 0.748598 0.099830 0.757083 0.099034 0.761345 0.144488
0 0.261388 0.305852 0.257127 0.266079 0.265601 0.265171 0.269862 0.304944
0 0.584614 0.609298 0.547677 0.616401 0.546068 0.608032 0.583004 0.600928
0 0.915051 0.529476 0.882381 0.543681 0.878983 0.535865 0.911653 0.521660
0 0.829318 0.292443 0.795227 0.302386 0.792841 0.294204 0.826932 0.284261
0 0.896563 0.342244 0.920712 0.367813 0.914516 0.373665 0.890367 0.348096
0 0.719493 0.085292 0.743636 0.089553 0.742155 0.097946 0.718011 0.093685
0 0.444330 0.620747 0.467070 0.619326 0.467602 0.627832 0.444862 0.629253
0 0.431832 0.616826 0.404845 0.290126 0.413338 0.289424 0.440326 0.616124
0 0.985594 0.620561 0.719976 0.700104 0.717531 0.691939 0.983149 0.612396
0 0.295479 0.658127 0.268490 0.406703 0.276964 0.405793 0.303953 0.657218
0 0.632019 0.332966 0.680312 0.571594 0.671959 0.573284 0.623665 0.334656
0 0.548227 0.355776 0.590843 0.593001 0.582455 0.594508 0.539839 0.357283
0 0.924555 0.375259 0.989894 0.605367 0.981695 0.607695 0.916356 0.377587
0 0.825142 0.092657 0.883378 0.311401 0.875142 0.313593 0.816906 0.094849
0 0.528444 0.307361 0.505715 0.128372 0.514170 0.127298 0.536898 0.306287
0 0.590830 0.127024 0.617818 0.264804 0.609454 0.266442 0.582467 0.128662
0 0.433156 0.630466 0.312408 0.670242 0.309742 0.662148 0.430490 0.622371
0 0.256547 0.075372 0.380123 0.100941 0.378396 0.109287 0.254820 0.083718
0 0.802260 0.548145 0.688637 0.579391 0.686377 0.571173 0.800000 0.539927
0 0.391057 0.106556 0.503267 0.117919 0.502409 0.126398 0.390199 0.115036
0 0.791021 0.304198 0.822271 0.410732 0.814093 0.413131 0.782843 0.306597
0 0.196037 0.510288 0.187515 0.406603 0.196009 0.405905 0.204531 0.509590
0 0.685911 0.586882 0.714320 0.684893 0.706134 0.687266 0.677725 0.589255
0 0.595069 0.609874 0.616378 0.706472 0.608056 0.708308 0.586747 0.611710
0 0.194124 0.522622 0.100378 0.543928 0.098490 0.535617 0.192235 0.514311
0 0.769791 0.200809 0.788260 0.287471 0.779925 0.289248 0.761456 0.202586
