0 0.254336 0.450285 0.342393 0.451705 0.342255 0.460226 0.254198 0.458807
0 0.166193 0.740057 0.166193 0.713068 0.174716 0.713068 0.174716 0.740057
0 0.256106 0.740078 0.284515 0.742919 0.283667 0.751399 0.255258 0.748558
0 0.488828 0.892041 0.457582 0.893462 0.457195 0.884948 0.488441 0.883527
0 0.560888 0.877845 0.592134 0.876425 0.592521 0.884939 0.561275 0.886359
0 0.548296 0.875051 0.546875 0.765685 0.555397 0.765574 0.556818 0.874940
0 0.823864 0.629261 0.823864 0.522727 0.832386 0.522727 0.832386 0.629261
0 0.774274 0.349434 0.875114 0.352274 0.874874 0.360794 0.774034 0.357953
0 0.705424 0.468091 0.752298 0.551896 0.744860 0.556056 0.697986 0.472252
0 0.454545 0.451705 0.549716 0.451705 0.549716 0.460227 0.454545 0.460227
0 0.072307 0.559661 0.166071 0.556820 0.166329 0.565339 0.072565 0.568180
0 0.071093 0.741478 0.164832 0.742898 0.164703 0.751420 0.070964 0.750000
0 0.765625 0.616477 0.765625 0.708807 0.757102 0.708807 0.757102 0.616477
0 0.440533 0.890621 0.349639 0.894881 0.349240 0.886368 0.440134 0.882108
0 0.545594 0.353691 0.454672 0.356532 0.454406 0.348014 0.545328 0.345172
0 0.244318 0.737216 0.244318 0.713068 0.252841 0.713068 0.252841 0.737216
0 0.759943 0.453125 0.759943 0.365057 0.768466 0.365057 0.768466 0.453125
0 0.451704 0.362292 0.450284 0.448928 0.441762 0.448788 0.443182 0.362152
0 0.767045 0.788429 0.765625 0.873645 0.757103 0.873503 0.758523 0.788287
0 0.758523 0.554043 0.757103 0.470249 0.765625 0.470104 0.767045 0.553899
0 0.558239 0.366477 0.558239 0.450284 0.549716 0.450284 0.549716 0.366477
0 0.345170 0.796875 0.345170 0.877841 0.336648 0.877841 0.336648 0.796875
0 0.258450 0.887785 0.335142 0.886364 0.335300 0.894885 0.258608 0.896306
0 0.559658 0.467438 0.553976 0.703222 0.545456 0.703017 0.551138 0.467233
0 0.355113 0.468838 0.350851 0.691837 0.342330 0.691674 0.346592 0.468675
0 0.451704 0.465959 0.448863 0.686140 0.440341 0.686030 0.443182 0.465849
0 0.563954 0.352273 0.757131 0.353694 0.757068 0.362216 0.563892 0.360795
0 0.883522 0.363568 0.886363 0.549654 0.877841 0.549784 0.875000 0.363698
0 0.884939 0.620548 0.896303 0.876233 0.887789 0.876611 0.876424 0.620926
0 0.252841 0.465909 0.252841 0.613636 0.244318 0.613636 0.244318 0.465909
0 0.562690 0.451709 0.693362 0.457390 0.692992 0.465904 0.562320 0.460224
0 0.448864 0.761364 0.448864 0.876420 0.440341 0.876420 0.440341 0.761364
0 0.885106 0.886361 0.771464 0.890622 0.771144 0.882105 0.884786 0.877844
0 0.768784 0.455977 0.827023 0.460239 0.826401 0.468739 0.768162 0.464477
0 0.768680 0.714494 0.826906 0.717334 0.826491 0.725847 0.768264 0.723007
0 0.707250 0.877843 0.752711 0.876423 0.752977 0.884941 0.707516 0.886361
0 0.177555 0.569737 0.176134 0.613777 0.167615 0.613502 0.169037 0.569462
0 0.355772 0.453194 0.371397 0.450353 0.372921 0.458738 0.357297 0.461579
0 0.522727 0.880682 0.544034 0.880682 0.544034 0.889205 0.522727 0.889205
0 0.616477 0.879261 0.640625 0.879261 0.640625 0.887784 0.616477 0.887784
