0 0.528412 0.757265 0.524150 0.643623 0.532667 0.643304 0.536929 0.756945
0 0.375530 0.518433 0.284618 0.529797 0.283561 0.521340 0.374473 0.509976
0 0.454545 0.508523 0.514205 0.508523 0.514205 0.517045 0.454545 0.517045
0 0.370350 0.254279 0.417231 0.250017 0.418002 0.258505 0.371122 0.262767
0 0.272252 0.245845 0.303501 0.252947 0.301612 0.261258 0.270363 0.254155
0 0.534070 0.535087 0.536911 0.563497 0.528430 0.564345 0.525589 0.535935
0 0.496029 0.253199 0.518751 0.263140 0.515335 0.270948 0.492613 0.261008
0 0.268455 0.540070 0.252831 0.764499 0.244329 0.763907 0.259953 0.539479
0 0.488431 0.774155 0.518255 0.772734 0.518870 0.785646 0.489046 0.787067
0 0.267127 0.779831 0.340977 0.781252 0.340600 0.800851 0.266750 0.799430
0 0.259942 0.268549 0.255681 0.502913 0.247160 0.502758 0.251421 0.268394
0 0.535511 0.278409 0.535511 0.498580 0.526989 0.498580 0.526989 0.278409
