0 0.609364 0.195715 0.616466 0.293725 0.607966 0.294341 0.600863 0.196331
0 0.612222 0.497379 0.606540 0.389432 0.615051 0.388984 0.620733 0.496931
0 0.473211 0.166198 0.592536 0.171880 0.592130 0.180393 0.472805 0.174711
0 0.619468 0.171878 0.787071 0.177559 0.786782 0.186077 0.619179 0.180395
0 0.361182 0.161914 0.190732 0.177539 0.189954 0.169052 0.360404 0.153427
0 0.801244 0.514203 0.629365 0.518464 0.629154 0.509944 0.801033 0.505683
0 0.606887 0.519871 0.219113 0.552542 0.218397 0.544049 0.606171 0.511379
0 0.809664 0.497368 0.808244 0.468966 0.816756 0.468541 0.818177 0.496943
0 0.805380 0.189949 0.808222 0.221212 0.799734 0.221983 0.796892 0.190720
0 0.176138 0.241597 0.174717 0.189031 0.183237 0.188801 0.184658 0.241367
0 0.812499 0.302493 0.813920 0.389129 0.805399 0.389269 0.803978 0.302633
0 0.200322 0.534657 0.187538 0.439489 0.195985 0.438354 0.208769 0.533522
