0 0.173316 0.778825 0.160532 0.648142 0.169014 0.647312 0.181798 0.777995
0 0.270105 0.433233 0.186293 0.437495 0.185860 0.428983 0.269673 0.424721
0 0.378241 0.224413 0.288760 0.232935 0.287952 0.224450 0.377433 0.215929
0 0.403598 0.808243 0.501602 0.812504 0.501232 0.821018 0.403228 0.816758
0 0.173294 0.447334 0.176135 0.553859 0.167615 0.554086 0.164774 0.447562
0 0.491837 0.421860 0.372507 0.431804 0.371799 0.423311 0.491130 0.413367
0 0.193479 0.788363 0.233264 0.791204 0.232657 0.799706 0.192872 0.796864
0 0.173295 0.262784 0.173295 0.424716 0.164773 0.424716 0.164773 0.262784
0 0.519884 0.218878 0.514203 0.407798 0.505684 0.407542 0.511365 0.218622
0 0.514203 0.434531 0.525566 0.810950 0.517047 0.811208 0.505684 0.434788
0 0.202357 0.245688 0.183882 0.248531 0.182586 0.240107 0.201062 0.237265
0 0.498103 0.208701 0.466854 0.215803 0.464965 0.207492 0.496214 0.200390
