0 0.150577 0.241756 0.147737 0.199152 0.156241 0.198585 0.159081 0.241189
0 0.167628 0.493246 0.160527 0.408030 0.169020 0.407322 0.176121 0.492538
0 0.755675 0.290007 0.749993 0.390870 0.741484 0.390391 0.747166 0.289528
0 0.409039 0.161932 0.515563 0.160512 0.515677 0.169034 0.409152 0.170454
0 0.532667 0.181650 0.536928 0.289605 0.528412 0.289941 0.524151 0.181986
0 0.534096 0.488847 0.528414 0.373789 0.536927 0.373368 0.542609 0.488427
0 0.279031 0.170409 0.163980 0.187453 0.162731 0.179023 0.277782 0.161978
0 0.551363 0.495744 0.740278 0.505688 0.739830 0.514199 0.550915 0.504255
0 0.733172 0.159085 0.537146 0.169029 0.536714 0.160517 0.732741 0.150574
0 0.181789 0.498580 0.525527 0.495739 0.525598 0.504261 0.181859 0.507102
0 0.749973 0.171398 0.752816 0.196979 0.744345 0.197920 0.741503 0.172339
0 0.751377 0.468143 0.755639 0.497982 0.747202 0.499187 0.742940 0.469348
