0 0.579549 0.318361 0.575288 0.218935 0.583803 0.218571 0.588064 0.317996
0 0.581299 0.536919 0.199194 0.566748 0.198531 0.558251 0.580635 0.528422
0 0.772727 0.197443 0.595170 0.197443 0.595170 0.188920 0.772727 0.188920
0 0.612184 0.526989 0.788315 0.525569 0.788384 0.534091 0.612253 0.535511
0 0.324223 0.188905 0.173657 0.201689 0.172936 0.193197 0.323502 0.180413
0 0.588070 0.514310 0.585229 0.403522 0.593749 0.403304 0.596589 0.514091
0 0.177585 0.547364 0.166222 0.449356 0.174688 0.448374 0.186051 0.546383
0 0.798290 0.317968 0.802552 0.404625 0.794040 0.405043 0.789777 0.318387
0 0.792656 0.516447 0.796919 0.486608 0.805356 0.487814 0.801093 0.517653
0 0.786958 0.229170 0.784116 0.203589 0.792587 0.202648 0.795429 0.228229
0 0.453231 0.186082 0.568281 0.188923 0.567906 0.204117 0.452856 0.201276
0 0.161462 0.203127 0.168684 0.264508 0.154859 0.266134 0.147637 0.204754
